#lambda(micron) aperture1 norm_flux
0.502016247416 1. 0.00919685052265
0.502815514736 1. 0.00999324971628
0.503614782056 1. -0.00442966653074
0.504414049376 1. 0.0177430012069
0.505213316695 1. 0.0235774604064
0.506012584015 1. 0.0341772989367
0.506811851335 1. 0.0206892036401
0.507611118655 1. -0.0204003989251
0.508410385975 1. 0.00067837796676
0.509209653295 1. -0.0143041459712
0.510008920615 1. -0.0224906745535
0.510808187935 1. 0.0211725187139
0.511607455254 1. 0.0488934087295
0.512406722574 1. 0.00609535553623
0.513205989894 1. -0.022296128167
0.514005257214 1. -0.00226143052956
0.514804524534 1. -0.0316180472651
0.515603791854 1. -0.0244847332557
0.516403059174 1. -0.0174606716549
0.517202326494 1. -0.0105440053976
0.518001593813 1. -0.0111887246353
0.518800861133 1. 0.000863374061028
0.519600128453 1. 0.00114740019095
0.520399395773 1. 0.00142708367109
0.521198663093 1. 0.00170249721195
0.521997930413 1. 0.00197370959369
0.522797197733 1. 0.0288122775903
0.523596465053 1. 0.0131619429419
0.524395732372 1. 0.00473289543283
0.525194999692 1. 0.0023286647965
0.525994267012 1. -0.0216557748333
0.526793534332 1. -0.0238165435993
0.527592801652 1. 0.00999108477813
0.528392068972 1. -0.0169117108088
0.529191336292 1. -0.0166743110928
0.529990603612 1. 0.0301578013923
0.530789870931 1. 0.00334950977743
0.531589138251 1. -0.0211770778575
0.532388405571 1. -0.00549347325188
0.533187672891 1. -0.00639936067182
0.533986940211 1. 0.0097861296572
0.534786207531 1. 0.00967551474598
0.535585474851 1. -0.0366500120365
0.536384742171 1. -0.0183873306902
0.53718400949 1. -0.00172982947427
0.53798327681 1. 0.00575640679221
0.53878254413 1. -0.00703668440213
0.53958181145 1. 0.00570145142563
0.54038107877 1. 0.00219921590591
0.54118034609 1. -0.0591653033452
0.54197961341 1. -0.00520246757096
0.54277888073 1. 0.0107599096687
0.543578148049 1. 0.00107323091636
0.544377415369 1. -0.00499839349143
0.545176682689 1. 0.0188620023877
0.545975950009 1. 0.00178324547484
0.546775217329 1. 0.00129238783508
0.547574484649 1. -0.0170875981141
0.548373751969 1. -0.0198203821886
0.549173019289 1. 0.0108375592206
0.549972286608 1. -0.0253551333762
0.550771553928 1. -0.0144779338433
0.551570821248 1. 0.00712405161134
0.552370088568 1. -0.0199703000617
0.553169355888 1. -0.00187757618634
0.553968623208 1. -0.0262077751085
0.554767890528 1. 0.0117381178139
0.555567157848 1. 0.0131684999861
0.556366425167 1. 0.00842244133624
0.557165692487 1. 0.0199357625839
0.557964959807 1. -0.0622175058668
0.558764227127 1. -0.0356711062637
0.559563494447 1. -0.010041851104
0.560362761767 1. 0.000263272724891
0.561162029087 1. -0.00952924877301
0.561961296407 1. 0.00403936191641
0.562760563726 1. -0.00222951030147
0.563559831046 1. -0.0120618759631
0.564359098366 1. -0.000135295893987
0.565158365686 1. 0.00415529910373
0.565957633006 1. -0.0155994143859
0.566756900326 1. 0.00972046095824
0.567556167646 1. 0.000598438362311
0.568355434966 1. 0.0165915095776
0.569154702286 1. 0.00909371955044
0.569953969605 1. -0.00957224621341
0.570753236925 1. 0.00219725206791
0.571552504245 1. 0.00616578316883
0.572351771565 1. -0.00787677211324
0.573151038885 1. -0.00899110934248
0.573950306205 1. 0.013338796445
0.574749573525 1. 0.00244557407708
0.575548840845 1. -0.0205792568792
0.576348108164 1. -0.0229950723911
0.577147375484 1. -0.00473971449673
0.577946642804 1. 0.00467818898502
0.578745910124 1. -0.00654360581749
0.579545177444 1. 0.019938775811
0.580344444764 1. 0.0057292844732
0.581143712084 1. 0.00590978987654
0.581942979404 1. 0.000779088859084
0.582742246723 1. -0.00391656636223
0.583541514043 1. 0.00346193590014
0.584340781363 1. -0.0281008448499
0.585140048683 1. 0.00236399193634
0.585939316003 1. 0.00092841227497
0.586738583323 1. -0.0405252185818
0.587537850643 1. -0.0260507368487
0.588337117963 1. -0.00928122415626
0.589136385282 1. -0.00116413146186
0.589935652602 1. 0.0454173237631
0.590734919922 1. 0.0012229981282
0.591534187242 1. -0.0229364552986
0.592333454562 1. 0.0265119145292
0.593132721882 1. 0.0312372048388
0.593931989202 1. 0.0201057937479
0.594731256522 1. 0.00476959784882
0.595530523841 1. 0.00859722488336
0.596329791161 1. 0.0326502118266
0.597129058481 1. 0.0194028537226
0.597928325801 1. 0.0052700162616
0.598727593121 1. 1.11959825822e-05
0.599526860441 1. -0.000859163403702
0.600326127761 1. 0.0329646387976
0.601125395081 1. 0.00828437003084
0.6019246624 1. -0.0164008279824
0.60272392972 1. 0.0152286236922
0.60352319704 1. -0.0109350862454
0.60432246436 1. -0.024040789924
0.60512173168 1. -0.025076052869
0.605920999 1. -0.0107615898703
0.60672026632 1. -0.00173608388562
0.60751953364 1. -0.012962362501
0.608318800959 1. -0.00383476707263
0.609118068279 1. -0.0145085443002
0.609917335599 1. 0.0202936193279
0.610716602919 1. 0.00810728398519
0.611515870239 1. -0.0196106648587
0.612315137559 1. 0.00744789164173
0.613114404879 1. -0.00706385584984
0.613913672199 1. -0.021446316248
0.614712939518 1. 0.00807612983733
0.615512206838 1. -0.0183874453238
0.616311474158 1. -0.0103693594108
0.617110741478 1. -0.000753952649757
0.617910008798 1. 0.0166889874738
0.618709276118 1. -0.00784052168132
0.619508543438 1. 0.00961092360323
0.620307810758 1. 0.0127546528975
0.621107078077 1. -0.00750429466741
0.621906345397 1. -0.0184763289723
0.622705612717 1. 0.00192321347568
0.623504880037 1. -0.00432758691277
0.624304147357 1. -0.00319325364658
0.625103414677 1. 0.00770387183304
0.625902681997 1. 0.00874179427847
0.626701949317 1. -0.00110884529535
0.627501216636 1. -0.0095423825128
0.628300483956 1. -0.00503343208203
0.629099751276 1. -0.00699776136879
0.629899018596 1. -0.0106437825171
0.630698285916 1. -0.017814018384
0.631497553236 1. -0.000831917280366
0.632296820556 1. -0.00029028574891
0.633096087876 1. -0.010250058545
0.633895355195 1. -0.00849886594578
0.634694622515 1. -0.00558363424664
0.635493889835 1. 0.00257244240069
0.636293157155 1. 0.0118964268695
0.637092424475 1. -0.0125704530158
0.637891691795 1. 0.0146347068081
0.638690959115 1. 0.000258244631461
0.639490226435 1. -0.0153961951458
0.640289493754 1. -0.00158840071335
0.641088761074 1. -0.0110184707545
0.641888028394 1. -0.00778982413562
0.642687295714 1. 0.00195053329207
0.643486563034 1. 0.0113775491655
0.644285830354 1. -0.00562731948886
0.645085097674 1. 0.00286753951995
0.645884364994 1. 0.014193557262
0.646683632313 1. -0.00598192063749
0.647482899633 1. 0.00751745133393
0.648282166953 1. 0.000638629243696
0.649081434273 1. -0.00619528004179
0.649880701593 1. -0.0129850435853
0.650679968913 1. -1.42675188859e-05
0.651479236233 1. -0.00159354874632
0.652278503553 1. 0.0049428191032
0.653077770872 1. 0.00206674789279
0.653877038192 1. 0.0105522917721
0.654676305512 1. 0.00282555806112
0.655475572832 1. -0.00663836198355
0.656274840152 1. -0.0167444308522
0.657074107472 1. -0.0130014460215
0.657873374792 1. 0.0175650668724
0.658672642112 1. 0.0125235154534
0.659471909432 1. 0.0250134203239
0.660271176751 1. 0.00414604325618
0.661070444071 1. -0.000450142391356
0.661869711391 1. 0.022136181488
0.662668978711 1. -0.00853451700754
0.663468246031 1. -0.00982102086168
0.664267513351 1. 0.00693643892238
0.665066780671 1. 0.011621800698
0.665866047991 1. -0.00391459138839
0.66666531531 1. 0.007371398252
0.66746458263 1. -0.00596064790933
0.66826384995 1. 0.00270317649814
0.66906311727 1. 0.0166671186507
0.66986238459 1. 0.0153344894955
0.67066165191 1. -0.00279793855964
0.67146091923 1. 0.0132173339163
0.67226018655 1. -0.0220468753326
0.673059453869 1. -0.0149181564946
0.673858721189 1. 0.0195593482914
0.674657988509 1. 0.0111912007219
0.675457255829 1. -0.00720162255728
0.676256523149 1. 0.00180098912454
0.677055790469 1. 0.0140181677942
0.677855057789 1. 0.0151636362445
0.678654325109 1. -0.0213193349284
0.679453592428 1. 0.010328372972
0.680252859748 1. 0.0206975293176
0.681052127068 1. -0.00335045304852
0.681851394388 1. 0.0229622806199
0.682650661708 1. 0.0153533680182
0.683449929028 1. -0.0019845719498
0.684249196348 1. -0.00929251065683
0.685048463668 1. 0.00662488761809
0.685847730987 1. 0.00230087792991
0.686646998307 1. 0.00155250400808
0.687446265627 1. 0.0188981447364
0.688245532947 1. -0.00225239576118
0.689044800267 1. -0.00434918061512
0.689844067587 1. 0.00899204933832
0.690643334907 1. 0.0186533036596
0.691442602227 1. 0.0275261765915
0.692241869546 1. 0.0136374039739
0.693041136866 1. -0.0137145818902
0.693840404186 1. 0.0258851010659
0.694639671506 1. 0.00416161377962
0.695438938826 1. -0.0069767244584
0.696238206146 1. 0.0114153291377
0.697037473466 1. 0.0183685274982
0.697836740786 1. -0.00620971405458
0.698636008105 1. 0.00671111831665
0.699435275425 1. 0.00983333578977
0.700234542745 1. 0.00743036907119
0.701033810065 1. 0.00970993431492
0.701833077385 1. 0.0188560774661
0.702632344705 1. 0.00991009447449
0.703431612025 1. 0.0238418350553
0.704230879345 1. 0.01143187896
0.705030146664 1. 0.0111813782566
0.705829413984 1. -0.00316722100219
0.706628681304 1. 0.0115968334914
0.707427948624 1. 0.0177964728867
0.708227215944 1. 0.0252666067296
0.709026483264 1. 0.02733083432
0.709825750584 1. 0.0137130818271
0.710625017904 1. 0.0301162974645
0.711424285223 1. 0.0183358110576
0.712223552543 1. 0.00658170348863
0.713022819863 1. -0.0051470864223
0.713822087183 1. 0.00420258056698
0.714621354503 1. 0.0143358143328
0.715420621823 1. 0.00425147017642
0.716219889143 1. -0.00577255703433
0.717019156463 1. 0.00993780961318
0.717818423782 1. 0.000251461922799
0.718617691102 1. 0.014019120891
0.719416958422 1. 0.0171815223675
0.720216225742 1. -0.00471151462152
0.721015493062 1. 0.00376793566105
0.721814760382 1. 0.0122517387467
0.722614027702 1. 0.020534336869
0.723413295022 1. 0.0209943551121
0.724212562341 1. 0.0154561452637
0.725011829661 1. 0.0218927651435
0.725811096981 1. 0.0195309453509
0.726610364301 1. 0.0314012750536
0.727409631621 1. 0.0332935718368
0.728208898941 1. 0.036512549927
0.729008166261 1. 0.00143930951246
0.729807433581 1. 0.0233431852758
0.7306067009 1. 0.0201370166759
0.73140596822 1. 0.00460522303612
0.73220523554 1. -0.0154529944763
0.73300450286 1. -0.00854758851764
0.73380377018 1. 0.00861472452718
0.7346030375 1. 0.021326972804
0.73540230482 1. 0.0171789250967
0.73620157214 1. 0.0144072802187
0.737000839459 1. 0.0140421327752
0.737800106779 1. 0.02476112151
0.738599374099 1. 0.0193450750932
0.739398641419 1. -0.00531633480228
0.740197908739 1. -0.017951647531
0.740997176059 1. 0.0239822350612
0.741796443379 1. 0.0241208271308
0.742595710699 1. 0.000644425120488
0.743394978018 1. 0.00624000681251
0.744194245338 1. 0.00694563581548
0.744993512658 1. 0.00271331338708
0.745792779978 1. 0.00385126449092
0.746592047298 1. 0.02210854168
0.747391314618 1. 0.00358637890348
0.748190581938 1. -0.00552758494762
0.748989849258 1. -0.0267640987094
0.749789116577 1. -0.00239871708582
0.750588383897 1. -0.00354947342219
0.751387651217 1. 0.00297464107389
0.752186918537 1. 0.00769255913049
0.752986185857 1. -0.0042702962952
0.753785453177 1. -0.0277798313575
0.754584720497 1. -0.0056956509635
0.755383987817 1. -0.0021542703487
0.756183255137 1. -0.0175425266237
0.756982522456 1. -0.013802872719
0.757781789776 1. 0.00147319980152
0.758581057096 1. -0.000513266878575
0.759380324416 1. 0.00814088474243
0.760179591736 1. 0.000658325268038
0.760978859056 1. -0.00758921526724
0.761778126376 1. -0.0102637949302
0.762577393696 1. -0.00304412085006
0.763376661015 1. -0.000886919810494
0.764175928335 1. 0.0126751790332
0.764975195655 1. 0.0104796729994
0.765774462975 1. 0.00171660238995
0.766573730295 1. 0.00141439667497
0.767372997615 1. 0.00323628907984
0.768172264935 1. -0.0252490546819
0.768971532255 1. -0.0184133656273
0.769770799574 1. -0.0127504278291
0.770570066894 1. 0.00824778224849
0.771369334214 1. 0.032787447944
0.772168601534 1. 0.00734489822989
0.772967868854 1. 0.00664537428702
0.773767136174 1. 0.0349046657529
0.774566403494 1. 0.0130525169453
0.775365670814 1. -0.00597480352613
0.776164938133 1. -0.000906869666465
0.776964205453 1. -0.0111791216116
0.777763472773 1. 0.00221699492828
0.778562740093 1. -0.016058423853
0.779362007413 1. -0.0029099896666
0.780161274733 1. 0.016421642176
0.780960542053 1. 0.0168069520389
0.781759809373 1. -3.45312548617e-07
0.782559076692 1. 0.0212020123117
0.783358344012 1. 0.00200173358815
0.784157611332 1. -0.0134680573365
0.784956878652 1. -0.0111598598849
0.785756145972 1. 0.0226333148282
0.786555413292 1. 0.00930258204084
0.787354680612 1. 0.0201502126454
0.788153947932 1. 0.0256507440542
0.788953215251 1. 0.00936564364332
0.789752482571 1. 0.02083270858
0.790551749891 1. 0.00819797556993
0.791351017211 1. 0.0190272058378
0.792150284531 1. 0.019261543198
0.792949551851 1. 0.0342522038317
0.793748819171 1. 0.0332282961675
0.794548086491 1. 0.0171123164019
0.79534735381 1. -0.00218108839727
0.79614662113 1. 0.00961800468688
0.79694588845 1. 0.0203555935484
0.79774515577 1. 0.0170607116129
0.79854442309 1. 0.0295822979459
0.79934369041 1. 0.00486840877046
0.80014295773 1. -0.00198765788737
0.80094222505 1. -0.00613638455328
0.801741492369 1. 0.00902784123569
0.802540759689 1. 0.0383515355176
0.803340027009 1. 0.0188299868499
0.804139294329 1. 0.00630395928213
0.804938561649 1. 0.0263127631456
0.805737828969 1. 0.00652732129025
0.806537096289 1. 0.036457296513
0.807336363609 1. 0.0476246108597
0.808135630928 1. 0.0354348954623
0.808934898248 1. 0.037359496005
0.809734165568 1. 0.0558761694678
0.810533432888 1. 0.0308726534903
0.811332700208 1. 0.0162742265914
0.812131967528 1. 0.0318415140811
0.812931234848 1. 0.0217939476714
0.813730502168 1. 0.033355899784
0.814529769487 1. 0.0155057521522
0.815329036807 1. 0.0128508403465
0.816128304127 1. 0.0277518083457
0.816927571447 1. 0.0387785621994
0.817726838767 1. 0.0239267130769
0.818526106087 1. 0.0539371250866
0.819325373407 1. 0.0722588231056
0.820124640727 1. 0.0591312080257
0.820923908046 1. 0.0426744683046
0.821723175366 1. 0.0534115134752
0.822522442686 1. 0.0524524884507
0.823321710006 1. 0.0469872805789
0.824120977326 1. 0.0331690141998
0.824920244646 1. 0.0700870396845
0.825719511966 1. 0.048946172956
0.826518779286 1. 0.0548524255659
0.827318046605 1. 0.0390411387378
0.828117313925 1. 0.0212671307691
0.828916581245 1. 0.0592508527924
0.829715848565 1. 0.0908492223745
0.830515115885 1. 0.0509014953139
0.831314383205 1. 0.049718148634
0.832113650525 1. 0.0440769289976
0.832912917845 1. 0.0718328445027
0.833712185164 1. 0.0770899431908
0.834511452484 1. 0.0677158919889
0.835310719804 1. 0.090058610542
0.836109987124 1. 0.0785978668317
0.836909254444 1. 0.0611362486305
0.837708521764 1. 0.0473719583192
0.838507789084 1. 0.0622843536546
0.839307056404 1. 0.0627093169309
0.840106323723 1. 0.0847105910019
0.840905591043 1. 0.0718472555888
0.841704858363 1. 0.0851885150195
0.842504125683 1. 0.0933306803834
0.843303393003 1. 0.0730421311376
0.844102660323 1. 0.0485958853074
0.844901927643 1. 0.0550691158962
0.845701194963 1. 0.0813236582542
0.846500462283 1. 0.0820012413185
0.847299729602 1. 0.0788321124851
0.848098996922 1. 0.0811829536503
0.848898264242 1. 0.0646018200547
0.849697531562 1. 0.0651283487352
0.850496798882 1. 0.0714823930918
0.851296066202 1. 0.0578230089365
0.852095333522 1. 0.0673329828819
0.852894600842 1. 0.102024430066
0.853693868161 1. 0.0989113734584
0.854493135481 1. 0.0790040301912
0.855292402801 1. 0.074226067362
0.856091670121 1. 0.0814674415901
0.856890937441 1. 0.0793489136825
0.857690204761 1. 0.0861571692697
0.858489472081 1. 0.0807264497471
0.859288739401 1. 0.0860559641426
0.86008800672 1. 0.0869840053321
0.86088727404 1. 0.07347367766
0.86168654136 1. 0.0818913567874
0.86248580868 1. 0.0973232390226
0.863285076 1. 0.109009745497
0.86408434332 1. 0.0866743634967
0.86488361064 1. 0.0907761843702
0.86568287796 1. 0.0781722812585
0.866482145279 1. 0.0891581469308
0.867281412599 1. 0.072579240503
0.868080679919 1. 0.0537784721301
0.868879947239 1. 0.0952388064345
0.869679214559 1. 0.102779014183
0.870478481879 1. 0.0947432288366
0.871277749199 1. 0.087504409301
0.872077016519 1. 0.0652431461366
0.872876283838 1. 0.0973582186588
0.873675551158 1. 0.106540733426
0.874474818478 1. 0.102232506497
0.875274085798 1. 0.116688070405
0.876073353118 1. 0.106315985988
0.876872620438 1. 0.0419580080604
0.877671887758 1. 0.0796380852252
0.878471155078 1. 0.116799461549
0.879270422397 1. 0.0805361251537
0.880069689717 1. 0.090619791334
0.880868957037 1. 0.095398016183
0.881668224357 1. 0.110635086737
0.882467491677 1. 0.107432419376
0.883266758997 1. 0.0990082552596
0.884066026317 1. 0.118534425301
0.884865293637 1. 0.120156163769
0.885664560956 1. 0.0984042342391
0.886463828276 1. 0.128411750931
0.887263095596 1. 0.142026624481
0.888062362916 1. 0.144343599595
0.888861630236 1. 0.120546212914
0.889660897556 1. 0.132553791835
0.890460164876 1. 0.167895735792
0.891259432196 1. 0.167132636033
0.892058699515 1. 0.144555115035
0.892857966835 1. 0.0408166827973
0.893657234155 1. 0.0809671803891
0.894456501475 1. 0.15164943068
0.895255768795 1. 0.119971701867
0.896055036115 1. 0.10024587278
0.896854303435 1. 0.0992399789729
0.897653570755 1. 0.0936348198041
0.898452838074 1. 0.0873901686916
0.899252105394 1. 0.0861970617761
0.900051372714 1. 0.114066333574
0.900850640034 1. 0.113569806155
0.901649907354 1. 0.131531128765
0.902449174674 1. 0.145504740101
0.903248441994 1. 0.14144169815
0.904047709314 1. 0.139131044263
0.904846976633 1. 0.13619478548
0.905646243953 1. 0.145320474714
0.906445511273 1. 0.160802337216
0.907244778593 1. 0.142246655564
0.908044045913 1. 0.129409030838
0.908843313233 1. 0.151096798282
0.909642580553 1. 0.148448695715
0.910441847873 1. 0.133318136188
0.911241115192 1. 0.118009829016
0.912040382512 1. 0.102516699665
0.912839649832 1. 0.158864733944
0.913638917152 1. 0.124776292453
0.914438184472 1. 0.158901154688
0.915237451792 1. 0.141611355936
0.916036719112 1. 0.132047536933
0.916835986432 1. 0.103955515598
0.917635253751 1. 0.127775010194
0.918434521071 1. 0.150130993497
0.919233788391 1. 0.154277226717
0.920033055711 1. 0.172573115791
0.920832323031 1. 0.160118694945
0.921631590351 1. 0.154679525286
0.922430857671 1. 0.153013734748
0.923230124991 1. 0.148802880907
0.92402939231 1. 0.154521036092
0.92482865963 1. 0.147268788044
0.92562792695 1. 0.126809696696
0.92642719427 1. 0.110481968947
0.92722646159 1. 0.0955610579702
0.92802572891 1. 0.0804210329801
0.92882499623 1. 0.0650513149297
0.92962426355 1. 0.0377406364787
0.930423530869 1. 0.0560007926097
0.931222798189 1. 0.108155790391
0.932022065509 1. 0.0898882649544
0.932821332829 1. 0.113648608593
0.933620600149 1. 0.086728372317
0.934419867469 1. 0.0940248034442
0.935219134789 1. 0.0791439159834
0.936018402109 1. 0.0131401134218
0.936817669429 1. 0.0368441686687
0.937616936748 1. 0.0863011491204
0.938416204068 1. 0.159172083106
0.939215471388 1. 0.190043806426
0.940014738708 1. 0.128661029967
0.940814006028 1. 0.121567009094
0.941613273348 1. 0.105820080866
0.942412540668 1. 0.129071942434
0.943211807988 1. 0.142084661855
0.944011075307 1. 0.116128297969
0.944810342627 1. 0.109194960705
0.945609609947 1. 0.132971647826
0.946408877267 1. 0.153928773207
0.947208144587 1. 0.141173062405
0.948007411907 1. 0.0485945752087
0.948806679227 1. 0.0748380799848
0.949605946547 1. 0.0939062722614
0.950405213866 1. 0.0705336523424
0.951204481186 1. 0.13554048942
0.952003748506 1. 0.143139880879
0.952803015826 1. 0.110913908499
0.953602283146 1. 0.102602642142
0.954401550466 1. 0.103531174618
0.955200817786 1. 0.117815541374
0.956000085106 1. 0.121665299251
0.956799352425 1. 0.159926405204
0.957598619745 1. 0.155833918784
0.958397887065 1. 0.111849187984
0.959197154385 1. 0.119797819013
0.959996421705 1. 0.143378810136
0.960795689025 1. 0.157430568861
0.961594956345 1. 0.150482722254
0.962394223665 1. 0.140383105622
0.963193490984 1. 0.130195614117
0.963992758304 1. 0.129249362555
0.964792025624 1. 0.173444331448
0.965591292944 1. 0.167117504393
0.966390560264 1. 0.131852495984
0.967189827584 1. 0.141441861912
0.967989094904 1. 0.121733784662
0.968788362224 1. 0.188431664431
0.969587629543 1. 0.261131073741
0.970386896863 1. 0.22997551753
0.971186164183 1. 0.181866563169
0.971985431503 1. 0.211718800408
0.972784698823 1. 0.211387902221
0.973583966143 1. 0.181884740789
0.974383233463 1. 0.210107509977
0.975182500783 1. 0.185684616657
0.975981768102 1. 0.141725301773
0.976781035422 1. 0.158768408934
0.977580302742 1. 0.189033327274
0.978379570062 1. 0.233077143526
0.979178837382 1. 0.239870431235
0.979978104702 1. 0.170747263941
0.980777372022 1. 0.220227203873
0.981576639342 1. 0.224526194605
0.982375906661 1. 0.192580288582
0.983175173981 1. 0.174502727462
0.983974441301 1. 0.183380185739
0.984773708621 1. 0.235515957821
0.985572975941 1. 0.218416909444
0.986372243261 1. 0.157208408869
0.987171510581 1. 0.189691520877
0.987970777901 1. 0.212522185703
0.98877004522 1. 0.152567154842
0.98956931254 1. 0.209320042382
0.99036857986 1. 0.21277346264
0.99116784718 1. 0.217511729478
0.989396785763 1. 0.17384262963
0.990090537427 1. 0.19430437037
0.990784289091 1. 0.190839851852
0.991478040755 1. 0.163334444444
0.99217179242 1. 0.172155777778
0.992865544084 1. 0.217808111111
0.993559295748 1. 0.239279296296
0.994253047412 1. 0.201182037037
0.994946799076 1. 0.197276703704
0.99564055074 1. 0.196653666667
0.996334302404 1. 0.211395703704
0.997028054068 1. 0.260524259259
0.997721805733 1. 0.287496481481
0.998415557397 1. 0.281921185185
0.999109309061 1. 0.239517444444
0.999803060725 1. 0.207735925926
1.00049681239 1. 0.228389
1.00119056405 1. 0.236329481481
1.00188431572 1. 0.248783518519
1.00257806738 1. 0.211494703704
1.00327181905 1. 0.197404481481
1.00396557071 1. 0.215307333333
1.00465932237 1. 0.23969437037
1.00535307404 1. 0.241914666667
1.0060468257 1. 0.237917518519
1.00674057737 1. 0.250470185185
1.00743432903 1. 0.231821592593
1.00812808069 1. 0.19480037037
1.00882183236 1. 0.201020814815
1.00951558402 1. 0.237758518519
1.01020933569 1. 0.264876222222
1.01090308735 1. 0.261210444444
1.01159683901 1. 0.269741925926
1.01229059068 1. 0.30459937037
1.01298434234 1. 0.308234740741
1.01367809401 1. 0.340346814815
1.01437184567 1. 0.332024592593
1.01506559734 1. 0.338748074074
1.015759349 1. 0.346885555556
1.01645310066 1. 0.396057037037
1.01714685233 1. 0.394262592593
1.01784060399 1. 0.367240888889
1.01853435566 1. 0.306033592593
1.01922810732 1. 0.304791555556
1.01992185898 1. 0.315290925926
1.02061561065 1. 0.347400814815
1.02130936231 1. 0.355972222222
1.02200311398 1. 0.308044851852
1.02269686564 1. 0.296123148148
1.02339061731 1. 0.300040666667
1.02408436897 1. 0.317097111111
1.02477812063 1. 0.295691
1.0254718723 1. 0.253532
1.02616562396 1. 0.264458814815
1.02685937563 1. 0.308194333333
1.02755312729 1. 0.351053518519
1.02824687895 1. 0.387774814815
1.02894063062 1. 0.362049
1.02963438228 1. 0.360891037037
1.03032813395 1. 0.330297259259
1.03102188561 1. 0.35725762963
1.03171563727 1. 0.37417
1.03240938894 1. 0.358880148148
1.0331031406 1. 0.334716925926
1.03379689227 1. 0.291502111111
1.03449064393 1. 0.303715703704
1.0351843956 1. 0.304776148148
1.03587814726 1. 0.318057
1.03657189892 1. 0.311937
1.03726565059 1. 0.324805777778
1.03795940225 1. 0.356364185185
1.03865315392 1. 0.386925555556
1.03934690558 1. 0.379421851852
1.04004065724 1. 0.374945185185
1.04073440891 1. 0.366060851852
1.04142816057 1. 0.367987444444
1.04212191224 1. 0.355703555556
1.0428156639 1. 0.335751666667
1.04350941556 1. 0.301172518519
1.04420316723 1. 0.305658333333
1.04489691889 1. 0.297857296296
1.04559067056 1. 0.324146407407
1.04628442222 1. 0.293708148148
1.04697817389 1. 0.293235407407
1.04767192555 1. 0.289570703704
1.04836567721 1. 0.341718814815
1.04905942888 1. 0.378017037037
1.04975318054 1. 0.408605185185
1.05044693221 1. 0.349970740741
1.05114068387 1. 0.312951740741
1.05183443553 1. 0.316497111111
1.0525281872 1. 0.356440333333
1.05322193886 1. 0.388112962963
1.05391569053 1. 0.357772518519
1.05460944219 1. 0.355277740741
1.05530319385 1. 0.369891481481
1.05599694552 1. 0.405667407407
1.05669069718 1. 0.382873703704
1.05738444885 1. 0.332051037037
1.05807820051 1. 0.284942074074
1.05877195218 1. 0.304555222222
1.05946570384 1. 0.318414407407
1.0601594555 1. 0.351445444444
1.06085320717 1. 0.368472814815
1.06154695883 1. 0.387931111111
1.0622407105 1. 0.389135925926
1.06293446216 1. 0.381788148148
1.06362821382 1. 0.373126296296
1.06432196549 1. 0.358540740741
1.06501571715 1. 0.324406296296
1.06570946882 1. 0.319152962963
1.06640322048 1. 0.316265074074
1.06709697214 1. 0.339701518519
1.06779072381 1. 0.34791837037
1.06848447547 1. 0.326693481481
1.06917822714 1. 0.341902814815
1.0698719788 1. 0.33946
1.07056573047 1. 0.361296296296
1.07125948213 1. 0.362114481481
1.07195323379 1. 0.347214074074
1.07264698546 1. 0.382502222222
1.07334073712 1. 0.380168148148
1.07403448879 1. 0.368058962963
1.07472824045 1. 0.333494962963
1.07542199211 1. 0.306186777778
1.07611574378 1. 0.326138518519
1.07680949544 1. 0.350836037037
1.07750324711 1. 0.359080481481
1.07819699877 1. 0.326500703704
1.07889075043 1. 0.281440333333
1.0795845021 1. 0.293781333333
1.08027825376 1. 0.315751333333
1.08097200543 1. 0.359516074074
1.08166575709 1. 0.350868888889
1.08235950876 1. 0.346260814815
1.08305326042 1. 0.32498837037
1.08374701208 1. 0.376044074074
1.08444076375 1. 0.414532962963
1.08513451541 1. 0.42135
1.08582826708 1. 0.416143703704
1.08652201874 1. 0.416328148148
1.0872157704 1. 0.437791481481
1.08790952207 1. 0.414052592593
1.08860327373 1. 0.396236296296
1.0892970254 1. 0.37289
1.08999077706 1. 0.371091851852
1.09068452872 1. 0.359368481481
1.09137828039 1. 0.386304074074
1.09207203205 1. 0.375050740741
1.09276578372 1. 0.403453703704
1.09345953538 1. 0.370067555556
1.09415328705 1. 0.351318111111
1.09484703871 1. 0.319107666667
1.09554079037 1. 0.305389222222
1.09623454204 1. 0.329250333333
1.0969282937 1. 0.378324814815
1.09762204537 1. 0.400681851852
1.09831579703 1. 0.363234333333
1.09900954869 1. 0.315633
1.09970330036 1. 0.313128703704
1.10039705202 1. 0.329728740741
1.10109080369 1. 0.332665444444
1.10178455535 1. 0.345422666667
1.10247830702 1. 0.346284185185
1.10317205868 1. 0.325819296296
1.10386581034 1. 0.289960518519
1.10455956201 1. 0.295207851852
1.10525331367 1. 0.340839037037
1.10594706534 1. 0.409778888889
1.106640817 1. 0.417563333333
1.10733456866 1. 0.375784444444
1.10802832033 1. 0.293982185185
1.10872207199 1. 0.266221666667
1.10941582366 1. 0.280206962963
1.11010957532 1. 0.300944037037
1.11080332698 1. 0.335515222222
1.11149707865 1. 0.336847444444
1.11219083031 1. 0.324488
1.11288458198 1. 0.299752555556
1.11357833364 1. 0.303226074074
1.11427208531 1. 0.334830407407
1.11496583697 1. 0.344775296296
1.11565958863 1. 0.324275814815
1.1163533403 1. 0.270380074074
1.11704709196 1. 0.265107222222
1.11774084363 1. 0.313932703704
1.11843459529 1. 0.366654481481
1.11912834695 1. 0.367660962963
1.11982209862 1. 0.321408851852
1.12051585028 1. 0.280599925926
1.12120960195 1. 0.304300222222
1.12190335361 1. 0.348000333333
1.12259710527 1. 0.391372592593
1.12329085694 1. 0.385947407407
1.1239846086 1. 0.384336666667
1.12467836027 1. 0.361149888889
1.12537211193 1. 0.330638703704
1.1260658636 1. 0.291295888889
1.12675961526 1. 0.299469296296
1.12745336692 1. 0.346268111111
1.12814711859 1. 0.340182296296
1.12884087025 1. 0.35077162963
1.12953462192 1. 0.339383407407
1.13022837358 1. 0.346493518519
1.13092212524 1. 0.341071259259
1.13161587691 1. 0.333178740741
1.13230962857 1. 0.326866296296
1.13300338024 1. 0.348317333333
1.1336971319 1. 0.332339296296
1.13439088356 1. 0.347308888889
1.13508463523 1. 0.335507444444
1.13577838689 1. 0.348135185185
1.13647213856 1. 0.358667407407
1.13716589022 1. 0.366127407407
1.13785964189 1. 0.35032037037
1.13855339355 1. 0.343494074074
1.13924714521 1. 0.360669703704
1.13994089688 1. 0.342459814815
1.14063464854 1. 0.334510666667
1.14132840021 1. 0.306491185185
1.14202215187 1. 0.318849259259
1.14271590353 1. 0.352228148148
1.1434096552 1. 0.360824074074
1.14410340686 1. 0.350176666667
1.14479715853 1. 0.345147777778
1.14549091019 1. 0.312708777778
1.14618466185 1. 0.292028481481
1.14687841352 1. 0.322544703704
1.14757216518 1. 0.333761481481
1.14826591685 1. 0.360986666667
1.14895966851 1. 0.351891111111
1.14965342018 1. 0.365887037037
1.15034717184 1. 0.365672888889
1.1510409235 1. 0.392577037037
1.15173467517 1. 0.395162962963
1.15242842683 1. 0.391005925926
1.1531221785 1. 0.340994222222
1.15381593016 1. 0.334445518519
1.15450968182 1. 0.319268703704
1.15520343349 1. 0.350024222222
1.15589718515 1. 0.345354111111
1.15659093682 1. 0.341273333333
1.15728468848 1. 0.306633
1.15797844014 1. 0.326572444444
1.15867219181 1. 0.369546185185
1.15936594347 1. 0.385407407407
1.16005969514 1. 0.362437481481
1.1607534468 1. 0.328340333333
1.16144719847 1. 0.333957851852
1.16214095013 1. 0.340604518519
1.16283470179 1. 0.351998481481
1.16352845346 1. 0.366497666667
1.16422220512 1. 0.356459481481
1.16491595679 1. 0.337372074074
1.16560970845 1. 0.321908333333
1.16630346011 1. 0.310211888889
1.16699721178 1. 0.31894362963
1.16769096344 1. 0.316924296296
1.16838471511 1. 0.339313851852
1.16907846677 1. 0.325502074074
1.16977221843 1. 0.330111481481
1.1704659701 1. 0.328690444444
1.17115972176 1. 0.364832333333
1.17185347343 1. 0.393084074074
1.17254722509 1. 0.40167962963
1.17324097676 1. 0.389486666667
1.17393472842 1. 0.364826666667
1.17462848008 1. 0.347289851852
1.17532223175 1. 0.345185185185
1.17601598341 1. 0.333430777778
1.17670973508 1. 0.301347814815
1.17740348674 1. 0.291077259259
1.1780972384 1. 0.304980222222
1.17879099007 1. 0.345791703704
1.17948474173 1. 0.371075555556
1.1801784934 1. 0.401267777778
1.18087224506 1. 0.415034814815
1.18156599673 1. 0.424642962963
1.18225974839 1. 0.435206666667
1.18295350005 1. 0.450671481481
1.18364725172 1. 0.463395925926
1.18434100338 1. 0.444324814815
1.18503475505 1. 0.429445925926
1.18572850671 1. 0.394699259259
1.18642225837 1. 0.380134074074
1.18711601004 1. 0.389872962963
1.1878097617 1. 0.413858888889
1.18850351337 1. 0.428476296296
1.18919726503 1. 0.421222962963
1.18989101669 1. 0.399952962963
1.19058476836 1. 0.402797037037
1.19127852002 1. 0.42799
1.19197227169 1. 0.426587037037
1.19266602335 1. 0.418637777778
1.19335977502 1. 0.399963703704
1.19405352668 1. 0.402654814815
1.19474727834 1. 0.397466666667
1.19544103001 1. 0.414942592593
1.19613478167 1. 0.435824444444
1.19682853334 1. 0.455625555556
1.197522285 1. 0.454704444444
1.19821603666 1. 0.452278518519
1.19890978833 1. 0.442552592593
1.19960353999 1. 0.457819259259
1.20029729166 1. 0.480216296296
1.20099104332 1. 0.459543703704
1.20168479498 1. 0.45012
1.20237854665 1. 0.421268888889
1.20307229831 1. 0.440267407407
1.20376604998 1. 0.427350740741
1.20445980164 1. 0.437551851852
1.20515355331 1. 0.45880962963
1.20584730497 1. 0.448538888889
1.20654105663 1. 0.448898518519
1.2072348083 1. 0.458894444444
1.20792855996 1. 0.503840740741
1.20862231163 1. 0.529681111111
1.20931606329 1. 0.53535962963
1.21000981495 1. 0.510827777778
1.21070356662 1. 0.478361851852
1.21139731828 1. 0.475173703704
1.21209106995 1. 0.497188148148
1.21278482161 1. 0.550291111111
1.21347857327 1. 0.545088888889
1.21417232494 1. 0.560652222222
1.2148660766 1. 0.540965185185
1.21555982827 1. 0.554774444444
1.21625357993 1. 0.514163333333
1.2169473316 1. 0.533335185185
1.21764108326 1. 0.543747037037
1.21833483492 1. 0.567260740741
1.21902858659 1. 0.546404814815
1.21972233825 1. 0.546208888889
1.22041608992 1. 0.508078148148
1.22110984158 1. 0.47303962963
1.22180359324 1. 0.487247407407
1.22249734491 1. 0.552758888889
1.22319109657 1. 0.61859962963
1.22388484824 1. 0.626184814815
1.2245785999 1. 0.607878518519
1.22527235156 1. 0.583153333333
1.22596610323 1. 0.557435555556
1.22665985489 1. 0.562161481481
1.22735360656 1. 0.587551111111
1.22804735822 1. 0.603391111111
1.22874110989 1. 0.602391111111
1.22943486155 1. 0.592146296296
1.23012861321 1. 0.568723703704
1.23082236488 1. 0.577587037037
1.23151611654 1. 0.585385925926
1.23220986821 1. 0.605907777778
1.23290361987 1. 0.607076296296
1.23359737153 1. 0.593804074074
1.2342911232 1. 0.582804814815
1.23498487486 1. 0.573422962963
1.23567862653 1. 0.579087777778
1.23637237819 1. 0.584628148148
1.23706612985 1. 0.597292962963
1.23775988152 1. 0.604612962963
1.23845363318 1. 0.621731481481
1.23914738485 1. 0.605328148148
1.23984113651 1. 0.589288518519
1.24053488818 1. 0.60797
1.24122863984 1. 0.646375555556
1.2419223915 1. 0.661186296296
1.24261614317 1. 0.611732222222
1.24330989483 1. 0.563071851852
1.2440036465 1. 0.542236666667
1.24469739816 1. 0.547277777778
1.24539114982 1. 0.574956296296
1.24608490149 1. 0.610117777778
1.24677865315 1. 0.656044814815
1.24747240482 1. 0.687495555556
1.24816615648 1. 0.718255925926
1.24885990814 1. 0.680586296296
1.24955365981 1. 0.664697407407
1.25024741147 1. 0.707874814815
1.25094116314 1. 0.625668518519
1.2516349148 1. 0.58239962963
1.25232866647 1. 0.567452222222
1.25302241813 1. 0.571107777778
1.25371616979 1. 0.594307037037
1.25440992146 1. 0.590175555556
1.25510367312 1. 0.592722962963
1.25579742479 1. 0.599304074074
1.25649117645 1. 0.605134074074
1.25718492811 1. 0.621126666667
1.25787867978 1. 0.60293037037
1.25857243144 1. 0.61113962963
1.25926618311 1. 0.617335555556
1.25995993477 1. 0.620319259259
1.26065368644 1. 0.630936296296
1.2613474381 1. 0.628396296296
1.26204118976 1. 0.623925925926
1.26273494143 1. 0.598543333333
1.26342869309 1. 0.575107777778
1.26412244476 1. 0.557394444444
1.26481619642 1. 0.524528148148
1.26550994808 1. 0.518988518519
1.26620369975 1. 0.542045185185
1.26689745141 1. 0.539038518519
1.26759120308 1. 0.526226296296
1.26828495474 1. 0.49684962963
1.2689787064 1. 0.50006037037
1.26967245807 1. 0.549092962963
1.27036620973 1. 0.601605555556
1.2710599614 1. 0.65730037037
1.27175371306 1. 0.669278518519
1.27244746473 1. 0.648641851852
1.27314121639 1. 0.635622592593
1.27383496805 1. 0.642212592593
1.27452871972 1. 0.668215555556
1.27522247138 1. 0.673409259259
1.27591622305 1. 0.656477037037
1.27660997471 1. 0.653589259259
1.27730372637 1. 0.679888518519
1.27799747804 1. 0.696291851852
1.2786912297 1. 0.70512
1.27938498137 1. 0.66612037037
1.28007873303 1. 0.659314814815
1.28077248469 1. 0.661104444444
1.28146623636 1. 0.676353333333
1.28215998802 1. 0.692015925926
1.28285373969 1. 0.674348888889
1.28354749135 1. 0.64545
1.28424124302 1. 0.592707407407
1.28493499468 1. 0.592721481481
1.28562874634 1. 0.611303703704
1.28632249801 1. 0.616882222222
1.28701624967 1. 0.616551851852
1.28771000134 1. 0.607916296296
1.288403753 1. 0.604674074074
1.28909750466 1. 0.59032962963
1.28979125633 1. 0.608822592593
1.29048500799 1. 0.616712222222
1.29117875966 1. 0.618549259259
1.29187251132 1. 0.603376666667
1.29256626298 1. 0.591726296296
1.29326001465 1. 0.594668148148
1.29395376631 1. 0.587251111111
1.29464751798 1. 0.598838148148
1.29534126964 1. 0.588492592593
1.29603502131 1. 0.60702037037
1.29672877297 1. 0.607706296296
1.29742252463 1. 0.632471111111
1.2981162763 1. 0.638415555556
1.29881002796 1. 0.635596666667
1.29950377963 1. 0.656548888889
1.30019753129 1. 0.621191481481
1.30089128295 1. 0.617555185185
1.30158503462 1. 0.586121851852
1.30227878628 1. 0.592575925926
1.30297253795 1. 0.573574814815
1.30366628961 1. 0.558976296296
1.30436004127 1. 0.588508148148
1.30505379294 1. 0.611332592593
1.3057475446 1. 0.605567777778
1.30644129627 1. 0.58683037037
1.30713504793 1. 0.578890740741
1.3078287996 1. 0.593601111111
1.30852255126 1. 0.596653333333
1.30921630292 1. 0.608013333333
1.30991005459 1. 0.606057037037
1.31060380625 1. 0.619391851852
1.31129755792 1. 0.62795037037
1.31199130958 1. 0.612583333333
1.31268506124 1. 0.602765925926
1.31337881291 1. 0.594415185185
1.31407256457 1. 0.618692592593
1.31476631624 1. 0.595157407407
1.3154600679 1. 0.610494814815
1.31615381956 1. 0.637072222222
1.31684757123 1. 0.671412962963
1.31754132289 1. 0.658624814815
1.31823507456 1. 0.63944962963
1.31892882622 1. 0.614665925926
1.31962257789 1. 0.619128518519
1.32031632955 1. 0.629858518519
1.32101008121 1. 0.634463703704
1.32170383288 1. 0.616675555556
1.32239758454 1. 0.571959259259
1.32309133621 1. 0.570104444444
1.32378508787 1. 0.593226296296
1.32447883953 1. 0.605164074074
1.3251725912 1. 0.616405925926
1.32586634286 1. 0.616681851852
1.32656009453 1. 0.602553333333
1.32725384619 1. 0.572841851852
1.32794759785 1. 0.546363703704
1.32864134952 1. 0.551768518519
1.32933510118 1. 0.552753703704
1.33002885285 1. 0.536414074074
1.33072260451 1. 0.48542037037
1.33141635618 1. 0.43366037037
1.33211010784 1. 0.412215185185
1.3328038595 1. 0.424454074074
1.33349761117 1. 0.426112592593
1.33419136283 1. 0.406143703704
1.3348851145 1. 0.373632962963
1.33557886616 1. 0.360435814815
1.33627261782 1. 0.315729555556
1.33696636949 1. 0.321589407407
1.33766012115 1. 0.35987737037
1.33835387282 1. 0.406877407407
1.33904762448 1. 0.402591111111
1.33974137614 1. 0.377130740741
1.34043512781 1. 0.342682407407
1.34112887947 1. 0.353467259259
1.34182263114 1. 0.352906037037
1.3425163828 1. 0.382737407407
1.34321013447 1. 0.327253333333
1.34390388613 1. 0.298840518519
1.34459763779 1. 0.299141962963
1.34529138946 1. 0.356099074074
1.34598514112 1. 0.435763703704
1.34667889279 1. 0.447728888889
1.34737264445 1. 0.380031851852
1.34806639611 1. 0.324399
1.34876014778 1. 0.355125074074
1.34945389944 1. 0.439112592593
1.35014765111 1. 0.433576666667
1.35084140277 1. 0.383037407407
1.35153515444 1. 0.397585185185
1.3522289061 1. 0.396015555556
1.35292265776 1. 0.301701259259
1.35361640943 1. 0.235314222222
1.35431016109 1. 0.252675666667


1.41952281752 1. 0.254104148148
1.42021656918 1. 0.290676407407
1.42091032085 1. 0.366463851852
1.42160407251 1. 0.451289259259
1.42229782418 1. 0.45362962963
1.42299157584 1. 0.414022222222
1.4236853275 1. 0.400946666667
1.42437907917 1. 0.43159962963
1.42507283083 1. 0.395897037037
1.4257665825 1. 0.33663562963
1.42646033416 1. 0.292147333333
1.42715408582 1. 0.302852740741
1.42784783749 1. 0.20148137037
1.42854158915 1. 0.17811562963
1.42923534082 1. 0.261943777778
1.42992909248 1. 0.463282962963
1.43062284415 1. 0.496098518519
1.43131659581 1. 0.424542592593
1.43201034747 1. 0.32869262963
1.43270409914 1. 0.335671333333
1.4333978508 1. 0.338189666667
1.43409160247 1. 0.335959555556
1.43478535413 1. 0.332985074074
1.43547910579 1. 0.357243666667
1.43617285746 1. 0.350653740741
1.43686660912 1. 0.337219703704
1.43756036079 1. 0.357989851852
1.43825411245 1. 0.371707777778
1.43894786411 1. 0.384303703704
1.43964161578 1. 0.362630222222
1.44033536744 1. 0.36796062963
1.44102911911 1. 0.372761111111
1.44172287077 1. 0.335972777778
1.44241662244 1. 0.317047888889
1.4431103741 1. 0.362438444444
1.44380412576 1. 0.448959259259
1.44449787743 1. 0.434911111111
1.44519162909 1. 0.356922037037
1.44588538076 1. 0.278507444444
1.44657913242 1. 0.316926666667
1.44727288408 1. 0.396775185185
1.44796663575 1. 0.494315185185
1.44866038741 1. 0.527115555556
1.44935413908 1. 0.539922592593
1.45004789074 1. 0.491684814815
1.4507416424 1. 0.483392222222
1.45143539407 1. 0.458578518519
1.45212914573 1. 0.437653333333
1.4528228974 1. 0.40366
1.45351664906 1. 0.442976296296
1.45421040073 1. 0.505874444444
1.45490415239 1. 0.546203703704
1.45559790405 1. 0.565387037037
1.45629165572 1. 0.555104814815
1.45698540738 1. 0.575142962963
1.45767915905 1. 0.547985555556
1.45837291071 1. 0.52425037037
1.45906666237 1. 0.555168518519
1.45976041404 1. 0.540447407407
1.4604541657 1. 0.533302962963
1.46114791737 1. 0.427741111111
1.46184166903 1. 0.398571481481
1.46253542069 1. 0.403747037037
1.46322917236 1. 0.478050740741
1.46392292402 1. 0.49281037037
1.46461667569 1. 0.509992592593
1.46531042735 1. 0.492272222222
1.46600417902 1. 0.498275925926
1.46669793068 1. 0.43037962963
1.46739168234 1. 0.441042962963
1.46808543401 1. 0.482492592593
1.46877918567 1. 0.498012962963
1.46947293734 1. 0.490753703704
1.470166689 1. 0.494574814815
1.47086044066 1. 0.495464074074
1.47155419233 1. 0.470328148148
1.47224794399 1. 0.44249
1.47294169566 1. 0.426377037037
1.47363544732 1. 0.463082592593
1.47432919898 1. 0.528647407407
1.47502295065 1. 0.523236666667
1.47571670231 1. 0.50216037037
1.47641045398 1. 0.483497407407
1.47710420564 1. 0.554887777778
1.47779795731 1. 0.60132962963
1.47849170897 1. 0.596864444444
1.47918546063 1. 0.560248148148
1.4798792123 1. 0.492835555556
1.48057296396 1. 0.457326296296
1.48126671563 1. 0.412154814815
1.48196046729 1. 0.411104074074
1.48265421895 1. 0.454053333333
1.48334797062 1. 0.527123703704
1.48404172228 1. 0.563741851852
1.48473547395 1. 0.539083333333
1.48542922561 1. 0.538359259259
1.48612297727 1. 0.563142962963
1.48681672894 1. 0.547728518519
1.4875104806 1. 0.484588518519
1.48820423227 1. 0.418864444444
1.48889798393 1. 0.421965925926
1.4895917356 1. 0.487988148148
1.49028548726 1. 0.55792
1.49097923892 1. 0.594975925926
1.49167299059 1. 0.530478148148
1.49236674225 1. 0.482992222222
1.49306049392 1. 0.48307962963
1.49375424558 1. 0.524402962963
1.49444799724 1. 0.554796666667
1.49514174891 1. 0.550290740741
1.49583550057 1. 0.566887037037
1.49652925224 1. 0.581620740741
1.4972230039 1. 0.606523703704
1.49791675556 1. 0.626298148148
1.49861050723 1. 0.628701111111
1.49930425889 1. 0.626960740741
1.49999801056 1. 0.631137037037
1.50069176222 1. 0.626222222222
1.50138551389 1. 0.604157777778
1.50207926555 1. 0.581825185185
1.50277301721 1. 0.562951851852
1.50346676888 1. 0.554086296296
1.50416052054 1. 0.594466296296
1.50485427221 1. 0.648987407407
1.50554802387 1. 0.658313333333
1.50624177553 1. 0.679322222222
1.5069355272 1. 0.677641111111
1.50762927886 1. 0.70201037037
1.50832303053 1. 0.651127777778
1.50901678219 1. 0.636606296296
1.50971053386 1. 0.644921111111
1.51040428552 1. 0.673422962963
1.51109803718 1. 0.674021851852
1.51179178885 1. 0.673565555556
1.51248554051 1. 0.643272592593
1.51317929218 1. 0.649223333333
1.51387304384 1. 0.66010962963
1.5145667955 1. 0.688896666667
1.51526054717 1. 0.686262592593
1.51595429883 1. 0.65862037037
1.5166480505 1. 0.644047407407
1.51734180216 1. 0.629228888889
1.51803555382 1. 0.618008518519
1.51872930549 1. 0.633939259259
1.51942305715 1. 0.668907037037
1.52011680882 1. 0.700106296296
1.52081056048 1. 0.70818
1.52150431215 1. 0.700271851852
1.52219806381 1. 0.703651851852
1.52289181547 1. 0.685904444444
1.52358556714 1. 0.667736296296
1.5242793188 1. 0.670307407407
1.52497307047 1. 0.672145925926
1.52566682213 1. 0.683972222222
1.52636057379 1. 0.673144814815
1.52705432546 1. 0.688014444444
1.52774807712 1. 0.703922592593
1.52844182879 1. 0.706693333333
1.52913558045 1. 0.707456296296
1.52982933211 1. 0.723231111111
1.53052308378 1. 0.746394444444
1.53121683544 1. 0.740228888889
1.53191058711 1. 0.714017037037
1.53260433877 1. 0.730131851852
1.53329809044 1. 0.797732962963
1.5339918421 1. 0.849928888889
1.53468559376 1. 0.838874074074
1.53537934543 1. 0.762893333333
1.53607309709 1. 0.706431111111
1.53676684876 1. 0.685375555556
1.53746060042 1. 0.701594074074
1.53815435208 1. 0.733553333333
1.53884810375 1. 0.764551111111
1.53954185541 1. 0.783881851852
1.54023560708 1. 0.772203703704
1.54092935874 1. 0.786692592593
1.5416231104 1. 0.790378518519
1.54231686207 1. 0.79717037037
1.54301061373 1. 0.774965925926
1.5437043654 1. 0.771814814815
1.54439811706 1. 0.800705925926
1.54509186873 1. 0.841724074074
1.54578562039 1. 0.848526296296
1.54647937205 1. 0.814287037037
1.54717312372 1. 0.796825185185
1.54786687538 1. 0.818875185185
1.54856062705 1. 0.851234444444
1.54925437871 1. 0.846463333333
1.54994813037 1. 0.845308148148
1.55064188204 1. 0.853641851852
1.5513356337 1. 0.863212222222
1.55202938537 1. 0.883357777778
1.55272313703 1. 0.877573703704
1.55341688869 1. 0.886304074074
1.55411064036 1. 0.892664444444
1.55480439202 1. 0.903427777778
1.55549814369 1. 0.915542222222
1.55619189535 1. 0.875057777778
1.55688564702 1. 0.849540740741
1.55757939868 1. 0.819301481481
1.55827315034 1. 0.81197037037
1.55896690201 1. 0.803207407407
1.55966065367 1. 0.81066962963
1.56035440534 1. 0.834859259259
1.561048157 1. 0.839978148148
1.56174190866 1. 0.831679259259
1.56243566033 1. 0.812435555556
1.56312941199 1. 0.844263333333
1.56382316366 1. 0.857901111111
1.56451691532 1. 0.840854814815
1.56521066698 1. 0.803952962963
1.56590441865 1. 0.828508518519
1.56659817031 1. 0.895704444444
1.56729192198 1. 0.926461111111
1.56798567364 1. 0.905998148148
1.56867942531 1. 0.871021851852
1.56937317697 1. 0.86352
1.57006692863 1. 0.857551481481
1.5707606803 1. 0.848081111111
1.57145443196 1. 0.865019259259
1.57214818363 1. 0.883257777778
1.57284193529 1. 0.896241481481
1.57353568695 1. 0.900095925926
1.57422943862 1. 0.913713703704
1.57492319028 1. 0.94246
1.57561694195 1. 0.938615925926
1.57631069361 1. 0.92063
1.57700444527 1. 0.915251851852
1.57769819694 1. 0.900318148148
1.5783919486 1. 0.903513333333
1.57908570027 1. 0.901034074074
1.57977945193 1. 0.919521111111
1.5804732036 1. 0.913671851852
1.58116695526 1. 0.908253703704
1.58186070692 1. 0.932222592593
1.58255445859 1. 0.960504444444
1.58324821025 1. 0.934491111111
1.58394196192 1. 0.882808888889
1.58463571358 1. 0.876435185185
1.58532946524 1. 0.914798148148
1.58602321691 1. 0.955036296296
1.58671696857 1. 0.95947962963
1.58741072024 1. 0.952524074074
1.5881044719 1. 0.942065925926
1.58879822357 1. 0.925984444444
1.58949197523 1. 0.926571851852
1.59018572689 1. 0.927407037037
1.59087947856 1. 0.958492592593
1.59157323022 1. 0.972658148148
1.59226698189 1. 0.964964814815
1.59296073355 1. 0.946418148148
1.59365448521 1. 0.941911851852
1.59434823688 1. 0.962964444444
1.59504198854 1. 0.956126296296
1.59573574021 1. 0.961132222222
1.59642949187 1. 0.979474814815
1.59712324353 1. 1.00648666667
1.5978169952 1. 0.999885555556
1.59851074686 1. 0.977888518519
1.59920449853 1. 0.945656666667
1.59989825019 1. 0.914098148148
1.60059200186 1. 0.915787407407
1.60128575352 1. 0.94685
1.60197950518 1. 0.946518518519
1.60267325685 1. 0.904696296296
1.60336700851 1. 0.888112592593
1.60406076018 1. 0.926388518519
1.60475451184 1. 0.999588518519
1.6054482635 1. 1.00044481481
1.60614201517 1. 0.989488888889
1.60683576683 1. 0.950345185185
1.6075295185 1. 0.987885925926
1.60822327016 1. 1.01493962963
1.60891702182 1. 1.03088407407
1.60961077349 1. 1.03507925926
1.61030452515 1. 1.04705555556
1.61099827682 1. 1.04934666667
1.61169202848 1. 1.02082407407
1.61238578015 1. 1.00624259259
1.61307953181 1. 1.04025111111
1.61377328347 1. 1.07817962963
1.61446703514 1. 1.09012666667
1.6151607868 1. 1.07863962963
1.61585453847 1. 1.05540814815
1.61654829013 1. 1.04323296296
1.61724204179 1. 1.0322637037
1.61793579346 1. 1.04035481481
1.61862954512 1. 1.03794888889
1.61932329679 1. 1.03536518519
1.62001704845 1. 1.01808037037
1.62071080011 1. 1.03105444444
1.62140455178 1. 1.05051
1.62209830344 1. 1.05209222222
1.62279205511 1. 1.05907851852
1.62348580677 1. 1.04981148148
1.62417955844 1. 1.04571222222
1.61116804659 1. 1.0498937234
1.61218272244 1. 1.04812446809
1.61319739829 1. 1.04409404255
1.61421207414 1. 1.06152340426
1.61522674999 1. 1.05163180851
1.61624142584 1. 1.0578656383
1.61725610169 1. 1.03998585106
1.61827077754 1. 1.01053893617
1.6192854534 1. 0.96812606383
1.62030012925 1. 0.979309680851
1.6213148051 1. 0.989918191489
1.62232948095 1. 1.02468265957
1.6233441568 1. 1.03773351064
1.62435883265 1. 1.03011978723
1.6253735085 1. 1.06527446809
1.62638818435 1. 1.09071914894
1.6274028602 1. 1.08988191489
1.62841753605 1. 1.08768404255
1.6294322119 1. 1.07113829787
1.63044688775 1. 1.07486914894
1.6314615636 1. 1.07766276596
1.63247623945 1. 1.09162021277
1.6334909153 1. 1.11839468085
1.63450559115 1. 1.15131914894
1.635520267 1. 1.15088404255
1.63653494285 1. 1.14005
1.6375496187 1. 1.1038106383
1.63856429455 1. 1.09098085106
1.6395789704 1. 1.07465319149
1.64059364625 1. 1.07053404255
1.6416083221 1. 1.06796276596
1.64262299795 1. 1.06208319149
1.6436376738 1. 1.0569406383
1.64465234965 1. 1.09637021277
1.6456670255 1. 1.13850851064
1.64668170135 1. 1.16595106383
1.6476963772 1. 1.17963085106
1.64871105305 1. 1.17576276596
1.6497257289 1. 1.16084468085
1.65074040475 1. 1.1138893617
1.6517550806 1. 1.09070106383
1.65276975646 1. 1.09424468085
1.65378443231 1. 1.09473723404
1.65479910816 1. 1.10608617021
1.65581378401 1. 1.11815106383
1.65682845986 1. 1.13883191489
1.65784313571 1. 1.13811595745
1.65885781156 1. 1.13755531915
1.65987248741 1. 1.1248787234
1.66088716326 1. 1.11780851064
1.66190183911 1. 1.12833617021
1.66291651496 1. 1.1532212766
1.66393119081 1. 1.16070638298
1.66494586666 1. 1.13530425532
1.66596054251 1. 1.11792659574
1.66697521836 1. 1.13834468085
1.66798989421 1. 1.19971382979
1.66900457006 1. 1.22434361702
1.67001924591 1. 1.19338191489
1.67103392176 1. 1.15400531915
1.67204859761 1. 1.16145744681
1.67306327346 1. 1.20344148936
1.67407794931 1. 1.20015
1.67509262516 1. 1.17935425532
1.67610730101 1. 1.18468510638
1.67712197686 1. 1.19692340426
1.67813665271 1. 1.19298510638
1.67915132856 1. 1.20020425532
1.68016600441 1. 1.23619148936
1.68118068026 1. 1.26417765957
1.68219535611 1. 1.2330606383
1.68321003196 1. 1.21531276596
1.68422470781 1. 1.2078787234
1.68523938366 1. 1.22990425532
1.68625405951 1. 1.20658617021
1.68726873537 1. 1.21353617021
1.68828341122 1. 1.20585212766
1.68929808707 1. 1.21870106383
1.69031276292 1. 1.19349042553
1.69132743877 1. 1.15860106383
1.69234211462 1. 1.14650851064
1.69335679047 1. 1.16198723404
1.69437146632 1. 1.18930851064
1.69538614217 1. 1.1595212766
1.69640081802 1. 1.14599042553
1.69741549387 1. 1.13544574468
1.69843016972 1. 1.17953510638
1.69944484557 1. 1.2028893617
1.70045952142 1. 1.21673829787
1.70147419727 1. 1.21154468085
1.70248887312 1. 1.18458829787
1.70350354897 1. 1.16135106383
1.70451822482 1. 1.14603404255
1.70553290067 1. 1.16004361702
1.70654757652 1. 1.16296914894
1.70756225237 1. 1.14080744681
1.70857692822 1. 1.13517978723
1.70959160407 1. 1.12659361702
1.71060627992 1. 1.13443829787
1.71162095577 1. 1.14015638298
1.71263563162 1. 1.16911489362
1.71365030747 1. 1.17892765957
1.71466498332 1. 1.12883085106
1.71567965917 1. 1.07683191489
1.71669433502 1. 1.05703542553
1.71770901087 1. 1.07240638298
1.71872368672 1. 1.07603297872
1.71973836257 1. 1.05822957447
1.72075303843 1. 1.06771170213
1.72176771428 1. 1.0701212766
1.72278239013 1. 1.06501170213
1.72379706598 1. 1.05728893617
1.72481174183 1. 1.06038734043
1.72582641768 1. 1.09326276596
1.72684109353 1. 1.06822659574
1.72785576938 1. 1.05091840426
1.72887044523 1. 1.02949148936
1.72988512108 1. 1.04513276596
1.73089979693 1. 1.03615244681
1.73191447278 1. 1.01943042553
1.73292914863 1. 1.02047851064
1.73394382448 1. 1.03444021277
1.73495850033 1. 1.04853851064
1.73597317618 1. 1.05570531915
1.73698785203 1. 1.06609468085
1.73800252788 1. 1.04889021277
1.73901720373 1. 1.00455319149
1.74003187958 1. 0.956357765957
1.74104655543 1. 0.95222393617
1.74206123128 1. 0.961879042553
1.74307590713 1. 0.98637106383
1.74409058298 1. 0.972722234043
1.74510525883 1. 0.943397553191
1.74611993468 1. 0.940654893617
1.74713461053 1. 0.96427
1.74814928638 1. 0.988666595745
1.74916396223 1. 0.966049042553
1.75017863808 1. 0.941198617021
1.75119331393 1. 0.943904468085
1.75220798978 1. 0.952054574468
1.75322266563 1. 0.927784042553
1.75423734149 1. 0.890992234043
1.75525201734 1. 0.868700425532
1.75626669319 1. 0.878609787234
1.75728136904 1. 0.898142446809
1.75829604489 1. 0.923810957447
1.75931072074 1. 0.951640531915
1.76032539659 1. 0.95266787234
1.76134007244 1. 0.933417021277
1.76235474829 1. 0.948554361702
1.76336942414 1. 0.96825212766
1.76438409999 1. 0.967699574468
1.76539877584 1. 0.888990744681
1.76641345169 1. 0.849696595745
1.76742812754 1. 0.826760638298
1.76844280339 1. 0.863330638298
1.76945747924 1. 0.871848297872
1.77047215509 1. 0.88521
1.77148683094 1. 0.881565531915
1.77250150679 1. 0.884579680851
1.77351618264 1. 0.867949255319
1.77453085849 1. 0.834562765957
1.77554553434 1. 0.822078404255
1.77656021019 1. 0.835762234043
1.77757488604 1. 0.871783404255
1.77858956189 1. 0.867699468085
1.77960423774 1. 0.849152021277
1.78061891359 1. 0.819974574468
1.78163358944 1. 0.85380212766
1.78264826529 1. 0.89673287234
1.78366294114 1. 0.885470319149
1.78467761699 1. 0.820475638298
1.78569229284 1. 0.760011382979
1.78670696869 1. 0.79582
1.78772164455 1. 0.845491702128
1.7887363204 1. 0.882423404255
1.78975099625 1. 0.860336702128
1.7907656721 1. 0.820641808511
1.79178034795 1. 0.776880851064
1.7927950238 1. 0.773209787234
1.79380969965 1. 0.770291808511
1.7948243755 1. 0.750568510638
1.79583905135 1. 0.738974148936


1.95514315985 1. 0.773868085106
1.9561578357 1. 0.708812659574
1.95717251155 1. 0.684443085106
1.9581871874 1. 0.696663297872
1.95920186325 1. 0.735339468085
1.9602165391 1. 0.806722021277
1.96123121495 1. 0.86459893617
1.9622458908 1. 0.851976808511
1.96326056665 1. 0.819048085106
1.9642752425 1. 0.797718297872
1.96528991835 1. 0.820489468085
1.9663045942 1. 0.824482340426
1.96731927005 1. 0.814151808511
1.9683339459 1. 0.826783085106
1.96934862175 1. 0.840737234043
1.9703632976 1. 0.837281914894
1.97137797345 1. 0.792872340426
1.9723926493 1. 0.753283617021
1.97340732515 1. 0.723973297872
1.974422001 1. 0.68873
1.97543667685 1. 0.695509468085
1.9764513527 1. 0.771203510638
1.97746602855 1. 0.841174042553
1.9784807044 1. 0.840670744681
1.97949538025 1. 0.790934787234
1.9805100561 1. 0.750230425532
1.98152473195 1. 0.763378085106
1.9825394078 1. 0.792693404255
1.98355408365 1. 0.824398191489
1.9845687595 1. 0.83998787234
1.98558343535 1. 0.832486808511
1.9865981112 1. 0.82735787234
1.98761278705 1. 0.816617446809
1.98862746291 1. 0.79919893617
1.98964213876 1. 0.794804574468
1.99065681461 1. 0.810589893617
1.99167149046 1. 0.824265212766
1.99268616631 1. 0.863235106383
1.99370084216 1. 0.878637659574
1.99471551801 1. 0.885647659574
1.99573019386 1. 0.896806808511
1.99674486971 1. 0.88728
1.99775954556 1. 0.876575531915
1.99877422141 1. 0.884158723404
1.99978889726 1. 0.880718297872
2.00080357311 1. 0.750727553191
2.00181824896 1. 0.735857021277
2.00283292481 1. 0.767547765957
2.00384760066 1. 0.799858191489
2.00486227651 1. 0.726259361702
2.00587695236 1. 0.627015957447
2.00689162821 1. 0.70456
2.00790630406 1. 0.772323829787
2.00892097991 1. 0.836812978723
2.00993565576 1. 0.842881702128
2.01095033161 1. 0.84183106383
2.01196500746 1. 0.825190425532
2.01297968331 1. 0.793547659574
2.01399435916 1. 0.764545638298
2.01500903501 1. 0.754322021277
2.01602371086 1. 0.735654255319
2.01703838671 1. 0.749025212766
2.01805306256 1. 0.749310744681
2.01906773841 1. 0.793274148936
2.02008241426 1. 0.818360638298
2.02109709011 1. 0.830412978723
2.02211176596 1. 0.834598085106
2.02312644182 1. 0.849046702128
2.02414111767 1. 0.881437978723
2.02515579352 1. 0.881956489362
2.02617046937 1. 0.887617978723
2.02718514522 1. 0.883195851064
2.02819982107 1. 0.88920712766
2.02921449692 1. 0.865875957447
2.03022917277 1. 0.866031702128
2.03124384862 1. 0.863963297872
2.03225852447 1. 0.863922553191
2.03327320032 1. 0.874654574468
2.03428787617 1. 0.89323287234
2.03530255202 1. 0.943832340426
2.03631722787 1. 0.944614893617
2.03733190372 1. 0.937193829787
2.03834657957 1. 0.897939148936
2.03936125542 1. 0.874022978723
2.04037593127 1. 0.901051914894
2.04139060712 1. 0.925423191489
2.04240528297 1. 0.949921382979
2.04341995882 1. 0.941550319149
2.04443463467 1. 0.961681702128
2.04544931052 1. 1.00254978723
2.04646398637 1. 1.04807670213
2.04747866222 1. 1.06874893617
2.04849333807 1. 1.05297212766
2.04950801392 1. 1.02031925532
2.05052268977 1. 0.987614042553
2.05153736562 1. 0.970506489362
2.05255204147 1. 0.932417446809
2.05356671732 1. 0.917981170213
2.05458139317 1. 0.950631170213
2.05559606902 1. 1.00630244681
2.05661074488 1. 1.05377319149
2.05762542073 1. 1.04243042553
2.05864009658 1. 1.02754851064
2.05965477243 1. 1.00891053191
2.06066944828 1. 1.01895776596
2.06168412413 1. 1.03478106383
2.06269879998 1. 1.02517659574
2.06371347583 1. 1.00558404255
2.06472815168 1. 0.976145319149
2.06574282753 1. 0.983336914894
2.06675750338 1. 1.00348840426
2.06777217923 1. 1.03887648936
2.06878685508 1. 1.05211659574
2.06980153093 1. 1.06807340426
2.07081620678 1. 1.08309574468
2.07183088263 1. 1.08536914894
2.07284555848 1. 1.06033521277
2.07386023433 1. 1.02477861702
2.07487491018 1. 1.00628659574
2.07588958603 1. 1.00297925532
2.07690426188 1. 1.01156989362
2.07791893773 1. 1.03326861702
2.07893361358 1. 1.06468617021
2.07994828943 1. 1.09398829787
2.08096296528 1. 1.11594042553
2.08197764113 1. 1.12478617021
2.08299231698 1. 1.12323617021
2.08400699283 1. 1.11609148936
2.08502166868 1. 1.09940851064
2.08603634453 1. 1.08044574468
2.08705102038 1. 1.08722553191
2.08806569623 1. 1.11186914894
2.08908037208 1. 1.11333404255
2.09009504794 1. 1.1054212766
2.09110972379 1. 1.10215
2.09212439964 1. 1.12234361702
2.09313907549 1. 1.13442234043
2.09415375134 1. 1.11735638298
2.09516842719 1. 1.11798404255
2.09618310304 1. 1.11378723404
2.09719777889 1. 1.12730851064
2.09821245474 1. 1.13340851064
2.09922713059 1. 1.14116914894
2.10024180644 1. 1.14111914894
2.10125648229 1. 1.14344787234
2.10227115814 1. 1.15132021277
2.10328583399 1. 1.14514148936
2.10430050984 1. 1.1331787234
2.10531518569 1. 1.14618723404
2.10632986154 1. 1.17413510638
2.10734453739 1. 1.1764893617
2.10835921324 1. 1.1550787234
2.10937388909 1. 1.13723723404
2.11038856494 1. 1.15479574468
2.11140324079 1. 1.17847234043
2.11241791664 1. 1.19166595745
2.11343259249 1. 1.18500319149
2.11444726834 1. 1.18941489362
2.11546194419 1. 1.17766702128
2.11647662004 1. 1.17090212766
2.11749129589 1. 1.15808297872
2.11850597174 1. 1.17364148936
2.11952064759 1. 1.1883606383
2.12053532344 1. 1.1865393617
2.12154999929 1. 1.19587446809
2.12256467514 1. 1.19511808511
2.123579351 1. 1.19712659574
2.12459402685 1. 1.19708723404
2.1256087027 1. 1.21702446809
2.12662337855 1. 1.20712659574
2.1276380544 1. 1.19066595745
2.12865273025 1. 1.14944042553
2.1296674061 1. 1.15485851064
2.13068208195 1. 1.15959148936
2.1316967578 1. 1.20372340426
2.13271143365 1. 1.21447340426
2.1337261095 1. 1.23578297872
2.13474078535 1. 1.23263829787
2.1357554612 1. 1.21224255319
2.13677013705 1. 1.19327765957
2.1377848129 1. 1.19304787234
2.13879948875 1. 1.2074712766
2.1398141646 1. 1.20102765957
2.14082884045 1. 1.19122765957
2.1418435163 1. 1.21541808511
2.14285819215 1. 1.22808829787
2.143872868 1. 1.22681170213
2.14488754385 1. 1.20875957447
2.1459022197 1. 1.2023
2.14691689555 1. 1.19880425532
2.1479315714 1. 1.18580106383
2.14894624725 1. 1.1887712766
2.1499609231 1. 1.20357446809
2.15097559895 1. 1.22504255319
2.1519902748 1. 1.23084148936
2.15300495065 1. 1.21729361702
2.1540196265 1. 1.20435638298
2.15503430235 1. 1.19406489362
2.1560489782 1. 1.1971
2.15706365406 1. 1.20130106383
2.15807832991 1. 1.19638723404
2.15909300576 1. 1.18163829787
2.16010768161 1. 1.16421276596
2.16112235746 1. 1.15029468085
2.16213703331 1. 1.13656489362
2.16315170916 1. 1.13772021277
2.16416638501 1. 1.1578287234
2.16518106086 1. 1.19139893617
2.16619573671 1. 1.20838617021
2.16721041256 1. 1.22511170213
2.16822508841 1. 1.24117021277
2.16923976426 1. 1.24255851064
2.17025444011 1. 1.23745957447
2.17126911596 1. 1.21338404255
2.17228379181 1. 1.20386914894
2.17329846766 1. 1.1976106383
2.17431314351 1. 1.22581170213
2.17532781936 1. 1.24183297872
2.17634249521 1. 1.23571170213
2.17735717106 1. 1.19876382979
2.17837184691 1. 1.17418297872
2.17938652276 1. 1.18462659574
2.18040119861 1. 1.19331382979
2.18141587446 1. 1.23088404255
2.18243055031 1. 1.23349893617
2.18344522616 1. 1.21621702128
2.18445990201 1. 1.16121382979
2.18547457786 1. 1.12366808511
2.18648925371 1. 1.1119787234
2.18750392956 1. 1.15159468085
2.18851860541 1. 1.19716702128
2.18953328126 1. 1.22487021277
2.19054795712 1. 1.19503510638
2.19156263297 1. 1.1706106383
2.19257730882 1. 1.16998404255
2.19359198467 1. 1.19591276596
2.19460666052 1. 1.18904574468
2.19562133637 1. 1.18101382979
2.19663601222 1. 1.1934606383
2.19765068807 1. 1.20215744681
2.19866536392 1. 1.20567659574
2.19968003977 1. 1.1961
2.20069471562 1. 1.1907
2.20170939147 1. 1.17946702128
2.20272406732 1. 1.16104574468
2.20373874317 1. 1.15606914894
2.20475341902 1. 1.15703617021
2.20576809487 1. 1.14204361702
2.20678277072 1. 1.14310319149
2.20779744657 1. 1.17839680851
2.20881212242 1. 1.16883404255
2.20982679827 1. 1.1400393617
2.21084147412 1. 1.11935106383
2.21185614997 1. 1.13218085106
2.21287082582 1. 1.18694255319
2.21388550167 1. 1.16050212766
2.21490017752 1. 1.17575744681
2.21591485337 1. 1.17253723404
2.21692952922 1. 1.17884255319
2.21794420507 1. 1.15650106383
2.21895888092 1. 1.15999893617
2.21997355677 1. 1.14770744681
2.22098823262 1. 1.15840744681
2.22200290847 1. 1.14683723404
2.22301758432 1. 1.18903085106
2.22403226018 1. 1.20973617021
2.22504693603 1. 1.18277978723
2.22606161188 1. 1.15836702128
2.22707628773 1. 1.15345
2.22809096358 1. 1.16835
2.22910563943 1. 1.18504042553
2.23012031528 1. 1.15831276596
2.23113499113 1. 1.14683191489
2.23214966698 1. 1.13900531915
2.23316434283 1. 1.13367553191
2.23417901868 1. 1.11470319149
2.23519369453 1. 1.10739042553
2.23620837038 1. 1.13814361702
2.23722304623 1. 1.18085106383
2.23823772208 1. 1.18953510638
2.23925239793 1. 1.18230212766
2.24026707378 1. 1.17988617021
2.24128174963 1. 1.16326489362
2.24229642548 1. 1.14755531915
2.24331110133 1. 1.13907553191
2.24432577718 1. 1.14811276596
2.24534045303 1. 1.13931808511
2.24635512888 1. 1.11022021277
2.24736980473 1. 1.11287340426
2.24838448058 1. 1.13659680851
2.24939915643 1. 1.15519787234
2.25041383228 1. 1.16781276596
2.25142850813 1. 1.16548617021
2.25244318398 1. 1.16031276596
2.25345785983 1. 1.16753723404
2.25447253568 1. 1.17033510638
2.25548721153 1. 1.16550957447
2.25650188738 1. 1.15225744681
2.25751656324 1. 1.15330638298
2.25853123909 1. 1.15781489362
2.25954591494 1. 1.14322446809
2.26056059079 1. 1.13238404255
2.26157526664 1. 1.08680638298
2.26258994249 1. 1.05737978723
2.26360461834 1. 1.04054680851
2.26461929419 1. 1.08372340426
2.26563397004 1. 1.11859255319
2.26664864589 1. 1.11735106383
2.26766332174 1. 1.12513829787
2.26867799759 1. 1.10849468085
2.26969267344 1. 1.11803404255
2.27070734929 1. 1.11218510638
2.27172202514 1. 1.10802659574
2.27273670099 1. 1.08387765957
2.27375137684 1. 1.04467404255
2.27476605269 1. 1.00966989362
2.27578072854 1. 1.01704957447
2.27679540439 1. 1.05695574468
2.27781008024 1. 1.12515425532
2.27882475609 1. 1.16532659574
2.27983943194 1. 1.15624574468
2.28085410779 1. 1.10424893617
2.28186878364 1. 1.05616946809
2.28288345949 1. 1.03326595745
2.28389813534 1. 1.0322893617
2.28491281119 1. 1.04394074468
2.28592748704 1. 1.08147978723
2.28694216289 1. 1.11441170213
2.28795683874 1. 1.12496595745
2.28897151459 1. 1.10824148936
2.28998619044 1. 1.08402659574
2.2910008663 1. 1.06418617021
2.29201554215 1. 1.01497446809
2.293030218 1. 0.966690319149
2.29404489385 1. 0.921318829787
2.2950595697 1. 0.900648297872
2.29607424555 1. 0.882416914894
2.2970889214 1. 0.844144042553
2.29810359725 1. 0.829406595745
2.2991182731 1. 0.854385212766
2.30013294895 1. 0.882198617021
2.3011476248 1. 0.922660106383
2.30216230065 1. 0.962231489362
2.3031769765 1. 0.981838191489
2.30419165235 1. 0.966214787234
2.3052063282 1. 0.921813404255
2.30622100405 1. 0.90504106383
2.3072356799 1. 0.92078787234
2.30825035575 1. 0.937775638298
2.3092650316 1. 0.972798085106
2.31027970745 1. 0.998394574468
2.3112943833 1. 1.03303446809
2.31230905915 1. 1.02823925532
2.313323735 1. 1.00304638298
2.31433841085 1. 0.942233510638
2.3153530867 1. 0.898623297872
2.31636776255 1. 0.858870851064
2.3173824384 1. 0.839699361702
2.31839711425 1. 0.855715957447
2.3194117901 1. 0.85907712766
2.32042646595 1. 0.860889255319
2.3214411418 1. 0.851548829787
2.32245581765 1. 0.861901914894
2.3234704935 1. 0.863439361702
2.32448516936 1. 0.848452446809
2.32549984521 1. 0.861946595745
2.32651452106 1. 0.88770212766
2.32752919691 1. 0.910540425532
2.32854387276 1. 0.904586382979
2.32955854861 1. 0.884072340426
2.33057322446 1. 0.897353191489
2.33158790031 1. 0.923335
2.33260257616 1. 0.930142234043
2.33361725201 1. 0.883532446809
2.33463192786 1. 0.854994680851
2.33564660371 1. 0.889994361702
2.33666127956 1. 0.921395
2.33767595541 1. 0.886185531915
2.33869063126 1. 0.796427446809
2.33970530711 1. 0.821125744681
2.34071998296 1. 0.845354148936
2.34173465881 1. 0.89977712766
2.34274933466 1. 0.897004042553
2.34376401051 1. 0.908368191489
2.34477868636 1. 0.899444361702
2.34579336221 1. 0.893041489362
2.34680803806 1. 0.94594
2.34782271391 1. 1.0081937234
2.34883738976 1. 1.01446744681
2.34985206561 1. 0.961456382979
2.35086674146 1. 0.91632393617
2.35188141731 1. 0.918062978723
2.35289609316 1. 0.928464787234
2.35391076901 1. 0.923008191489
2.35492544486 1. 0.969998085106
2.35594012071 1. 1.00785851064
2.35695479656 1. 0.996475638298
2.35796947241 1. 0.908175638298
2.35898414827 1. 0.847416382979
2.35999882412 1. 0.866783829787
2.36101349997 1. 0.867031702128
2.36202817582 1. 0.853675319149
2.36304285167 1. 0.859757340426
2.36405752752 1. 0.871811170213
2.36507220337 1. 0.873881808511
2.36608687922 1. 0.838391702128
2.36710155507 1. 0.80929893617
2.36811623092 1. 0.779557659574
2.36913090677 1. 0.707727021277
2.37014558262 1. 0.685338085106
2.37116025847 1. 0.692099893617
2.37217493432 1. 0.757166382979
2.37318961017 1. 0.856710957447
2.37420428602 1. 0.925998829787
2.37521896187 1. 0.995766489362
2.37623363772 1. 0.913929042553
2.37724831357 1. 0.88840212766
2.37826298942 1. 0.85166
2.37927766527 1. 0.912264148936
2.38029234112 1. 0.931030744681
2.38130701697 1. 0.920511702128
2.38232169282 1. 0.880426702128
2.38333636867 1. 0.84175787234
2.38435104452 1. 0.816528085106
2.38536572037 1. 0.808783617021
2.38638039622 1. 0.847547446809
2.38739507207 1. 0.872784787234
2.38840974792 1. 0.889040212766
2.38942442377 1. 0.814772021277
2.39043909962 1. 0.764135425532
2.39145377547 1. 0.760596170213
2.39246845133 1. 0.807214468085
2.39348312718 1. 0.869695106383
2.39449780303 1. 0.882138617021
2.39551247888 1. 0.859100425532
2.39652715473 1. 0.854859468085
2.39754183058 1. 0.852408191489
2.39855650643 1. 0.83446
2.39957118228 1. 0.795175851064
2.40058585813 1. 0.767609787234
2.40160053398 1. 0.818352765957
2.40261520983 1. 0.837349574468
2.40362988568 1. 0.885262659574
2.40464456153 1. 0.837318723404
2.40565923738 1. 0.828690531915
2.40667391323 1. 0.796752553191
2.40768858908 1. 0.802955106383
2.40870326493 1. 0.767011170213
2.40971794078 1. 0.756904574468
2.41073261663 1. 0.768967446809
2.41174729248 1. 0.850222340426
2.41276196833 1. 0.916164361702
2.41377664418 1. 0.947034255319
2.41479132003 1. 0.85500212766
2.41580599588 1. 0.749974893617
