Your Temp: 1911
	Source_ID         Teff   Teffe    SpT  Grp  Grav
         00040288-6410358 1904   63       11.0 5    1
                      641 1934   94       13.0 9    3

Your Temp: 2242
         06085283-2753583 2147  228        8.5 9    1
                      825 2249   70       10.0 9    3
                      838 2269   69       10.0 9    3

Your Temp: 2628
                      320 2609   45        8.0 9    3
                   TWA27A 2635   73        8.0 6    1

Your Temp: 2871
                      464 2884   73        7.5 9    3

Your Temp: 2981


Your Temp: 2860
                      392 2823   60        8.0 9    3


Your Temp: 2606
                      739 2603  122        6.5 9    3
                      320 2609   45        8.0 9    3



Your Temp: 2297
                      919 2284   67        9.0 9    3



Your Temp: 2010
                      698 2011   90       12.5 9    3
                      778 2020   91       13.0 9    3
