#Lambda(microns),,Phi=0.1050,Phi=0.2000,Phi=0.3000,Phi=0.3950,Phi=0.5000,Phi=0.6050,Phi=0.7000,Phi=0.8000,Phi=0.8950
227.531,2.01222e+08,2.03707e+08,2.06323e+08,2.08808e+08,2.10700e+08,2.08319e+08,2.05393e+08,2.02312e+08,1.99386e+08
138.793,5.14420e+08,5.20750e+08,5.27415e+08,5.33746e+08,5.38529e+08,5.32241e+08,5.24549e+08,5.16452e+08,5.08760e+08
97.752,1.00561e+09,1.01789e+09,1.03082e+09,1.04310e+09,1.05234e+09,1.03994e+09,1.02480e+09,1.00886e+09,9.93714e+08
73.692,1.73823e+09,1.75938e+09,1.78164e+09,1.80279e+09,1.81870e+09,1.79732e+09,1.77123e+09,1.74376e+09,1.71767e+09
53.879,3.21867e+09,3.25787e+09,3.29914e+09,3.33835e+09,3.36794e+09,3.32884e+09,3.28104e+09,3.23072e+09,3.18291e+09
42.212,5.15741e+09,5.22049e+09,5.28689e+09,5.34997e+09,5.39778e+09,5.33605e+09,5.26038e+09,5.18073e+09,5.10507e+09
35.753,7.16754e+09,7.25559e+09,7.34827e+09,7.43631e+09,7.50327e+09,7.41848e+09,7.31431e+09,7.20465e+09,7.10048e+09
29.700,1.02198e+10,1.03455e+10,1.04778e+10,1.06035e+10,1.06989e+10,1.05768e+10,1.04270e+10,1.02693e+10,1.01194e+10
24.839,1.43083e+10,1.44845e+10,1.46700e+10,1.48463e+10,1.49799e+10,1.48072e+10,1.45956e+10,1.43728e+10,1.41612e+10
21.395,1.90266e+10,1.92621e+10,1.95100e+10,1.97455e+10,1.99242e+10,1.96943e+10,1.94123e+10,1.91156e+10,1.88336e+10
19.382,2.37981e+10,2.41014e+10,2.44206e+10,2.47239e+10,2.49545e+10,2.46617e+10,2.43022e+10,2.39237e+10,2.35642e+10
18.180,2.67943e+10,2.71355e+10,2.74947e+10,2.78360e+10,2.80955e+10,2.77667e+10,2.73627e+10,2.69375e+10,2.65336e+10
16.978,3.03683e+10,3.07550e+10,3.11620e+10,3.15487e+10,3.18427e+10,3.14697e+10,3.10117e+10,3.05295e+10,3.00714e+10
15.777,3.46916e+10,3.51335e+10,3.55986e+10,3.60405e+10,3.63764e+10,3.59494e+10,3.54251e+10,3.48732e+10,3.43489e+10
14.575,4.00383e+10,4.05491e+10,4.10868e+10,4.15976e+10,4.19857e+10,4.14918e+10,4.08852e+10,4.02468e+10,3.96402e+10
13.588,4.53807e+10,4.59594e+10,4.65686e+10,4.71473e+10,4.75868e+10,4.70258e+10,4.63371e+10,4.56122e+10,4.49236e+10
12.787,5.05222e+10,5.11664e+10,5.18445e+10,5.24887e+10,5.29776e+10,5.23514e+10,5.15831e+10,5.07743e+10,5.00059e+10
11.986,5.66478e+10,5.73705e+10,5.81313e+10,5.88540e+10,5.94023e+10,5.86983e+10,5.78347e+10,5.69256e+10,5.60620e+10
11.292,6.27668e+10,6.35679e+10,6.44112e+10,6.52123e+10,6.58194e+10,6.50352e+10,6.40739e+10,6.30620e+10,6.21007e+10
10.692,6.87901e+10,6.96694e+10,7.05950e+10,7.14743e+10,7.21391e+10,7.12692e+10,7.02043e+10,6.90834e+10,6.80186e+10
10.091,7.58087e+10,7.67792e+10,7.78007e+10,7.87712e+10,7.95039e+10,7.85368e+10,7.73543e+10,7.61094e+10,7.49269e+10
 9.648,8.18810e+10,8.29310e+10,8.40363e+10,8.50863e+10,8.58789e+10,8.48316e+10,8.35512e+10,8.22034e+10,8.09229e+10
 9.348,8.66723e+10,8.77873e+10,8.89609e+10,9.00759e+10,9.09182e+10,8.98101e+10,8.84546e+10,8.70278e+10,8.56723e+10
 8.995,9.27856e+10,9.39835e+10,9.52444e+10,9.64424e+10,9.73482e+10,9.61633e+10,9.47129e+10,9.31861e+10,9.17357e+10
 8.673,9.92201e+10,1.00507e+11,1.01862e+11,1.03149e+11,1.04125e+11,1.02866e+11,1.01323e+11,9.96985e+10,9.81554e+10
 8.345,1.05936e+11,1.07314e+11,1.08765e+11,1.10143e+11,1.11187e+11,1.09839e+11,1.08186e+11,1.06446e+11,1.04793e+11
 8.074,1.11987e+11,1.13447e+11,1.14983e+11,1.16443e+11,1.17549e+11,1.16117e+11,1.14361e+11,1.12513e+11,1.10757e+11
 7.904,1.15699e+11,1.17209e+11,1.18798e+11,1.20308e+11,1.21451e+11,1.19962e+11,1.18138e+11,1.16219e+11,1.14395e+11
 7.714,1.19767e+11,1.21330e+11,1.22975e+11,1.24538e+11,1.25719e+11,1.24165e+11,1.22264e+11,1.20262e+11,1.18361e+11
 7.498,1.24010e+11,1.25627e+11,1.27329e+11,1.28945e+11,1.30163e+11,1.28535e+11,1.26546e+11,1.24453e+11,1.22465e+11
 7.284,1.30165e+11,1.31868e+11,1.33660e+11,1.35362e+11,1.36645e+11,1.34937e+11,1.32851e+11,1.30654e+11,1.28568e+11
 7.094,1.36123e+11,1.37909e+11,1.39789e+11,1.41575e+11,1.42922e+11,1.41139e+11,1.38959e+11,1.36665e+11,1.34485e+11
 6.873,1.43554e+11,1.45443e+11,1.47432e+11,1.49322e+11,1.50750e+11,1.48872e+11,1.46575e+11,1.44156e+11,1.41859e+11
 6.664,1.50459e+11,1.52445e+11,1.54535e+11,1.56520e+11,1.58019e+11,1.56039e+11,1.53619e+11,1.51071e+11,1.48651e+11
 6.515,1.53773e+11,1.55787e+11,1.57907e+11,1.59920e+11,1.61429e+11,1.59355e+11,1.56830e+11,1.54172e+11,1.51647e+11
 6.297,1.58322e+11,1.60352e+11,1.62489e+11,1.64519e+11,1.66020e+11,1.63804e+11,1.61127e+11,1.58309e+11,1.55632e+11
 6.064,1.68725e+11,1.70903e+11,1.73195e+11,1.75372e+11,1.76984e+11,1.74624e+11,1.71770e+11,1.68766e+11,1.65912e+11
 5.899,1.77409e+11,1.79718e+11,1.82148e+11,1.84457e+11,1.86171e+11,1.83699e+11,1.80706e+11,1.77554e+11,1.74561e+11
 5.759,1.84914e+11,1.87330e+11,1.89873e+11,1.92289e+11,1.94086e+11,1.91515e+11,1.88399e+11,1.85119e+11,1.82003e+11
 5.572,1.96051e+11,1.98627e+11,2.01339e+11,2.03916e+11,2.05837e+11,2.03122e+11,1.99826e+11,1.96358e+11,1.93062e+11
 5.379,2.07539e+11,2.10279e+11,2.13163e+11,2.15903e+11,2.17947e+11,2.15070e+11,2.11577e+11,2.07900e+11,2.04407e+11
 5.265,2.14657e+11,2.17493e+11,2.20477e+11,2.23313e+11,2.25426e+11,2.22437e+11,2.18809e+11,2.14990e+11,2.11362e+11
 5.149,2.22591e+11,2.25535e+11,2.28635e+11,2.31579e+11,2.33772e+11,2.30662e+11,2.26888e+11,2.22915e+11,2.19142e+11
 5.000,2.32444e+11,2.35522e+11,2.38761e+11,2.41838e+11,2.44126e+11,2.40848e+11,2.36876e+11,2.32694e+11,2.28721e+11
 4.882,2.40044e+11,2.43215e+11,2.46552e+11,2.49723e+11,2.52073e+11,2.48655e+11,2.44519e+11,2.40166e+11,2.36029e+11
 4.827,2.43063e+11,2.46252e+11,2.49609e+11,2.52799e+11,2.55159e+11,2.51693e+11,2.47504e+11,2.43094e+11,2.38904e+11
 4.796,2.46593e+11,2.49847e+11,2.53272e+11,2.56526e+11,2.58936e+11,2.55419e+11,2.51165e+11,2.46686e+11,2.42431e+11
 4.750,2.49565e+11,2.52847e+11,2.56302e+11,2.59585e+11,2.62014e+11,2.58454e+11,2.54149e+11,2.49618e+11,2.45313e+11
 4.700,2.53554e+11,2.56877e+11,2.60376e+11,2.63700e+11,2.66159e+11,2.62552e+11,2.58190e+11,2.53599e+11,2.49237e+11
 4.662,2.56894e+11,2.60279e+11,2.63841e+11,2.67226e+11,2.69734e+11,2.66077e+11,2.61652e+11,2.56994e+11,2.52570e+11
 4.605,2.61931e+11,2.65394e+11,2.69039e+11,2.72502e+11,2.75067e+11,2.71321e+11,2.66790e+11,2.62021e+11,2.57490e+11
 4.504,2.68963e+11,2.72540e+11,2.76305e+11,2.79882e+11,2.82527e+11,2.78630e+11,2.73921e+11,2.68964e+11,2.64255e+11
 4.395,2.72192e+11,2.75807e+11,2.79613e+11,2.83228e+11,2.85885e+11,2.81850e+11,2.76988e+11,2.71871e+11,2.67009e+11
 4.301,2.68379e+11,2.71851e+11,2.75506e+11,2.78977e+11,2.81497e+11,2.77424e+11,2.72547e+11,2.67413e+11,2.62536e+11
 4.202,2.70359e+11,2.73763e+11,2.77346e+11,2.80750e+11,2.83195e+11,2.79056e+11,2.74120e+11,2.68924e+11,2.63988e+11
 4.074,2.76748e+11,2.80115e+11,2.83660e+11,2.87027e+11,2.89418e+11,2.85155e+11,2.80095e+11,2.74768e+11,2.69707e+11
 3.949,2.80069e+11,2.83300e+11,2.86701e+11,2.89932e+11,2.92178e+11,2.87802e+11,2.82645e+11,2.77217e+11,2.72060e+11
 3.849,2.89240e+11,2.92593e+11,2.96123e+11,2.99476e+11,3.01808e+11,2.97267e+11,2.91916e+11,2.86282e+11,2.80931e+11
 3.749,3.03171e+11,3.06829e+11,3.10678e+11,3.14336e+11,3.16911e+11,3.12151e+11,3.06517e+11,3.00586e+11,2.94952e+11
 3.662,3.17402e+11,3.21390e+11,3.25587e+11,3.29574e+11,3.32420e+11,3.27458e+11,3.21556e+11,3.15344e+11,3.09442e+11
 3.587,3.29125e+11,3.33355e+11,3.37809e+11,3.42039e+11,3.45081e+11,3.39952e+11,3.33834e+11,3.27393e+11,3.21275e+11
 3.513,3.41357e+11,3.45841e+11,3.50560e+11,3.55044e+11,3.58292e+11,3.53005e+11,3.46677e+11,3.40015e+11,3.33687e+11
 3.438,3.54600e+11,3.59348e+11,3.64346e+11,3.69094e+11,3.72558e+11,3.67107e+11,3.60562e+11,3.53673e+11,3.47127e+11
 3.363,3.68383e+11,3.73402e+11,3.78685e+11,3.83704e+11,3.87390e+11,3.81772e+11,3.75006e+11,3.67883e+11,3.61116e+11
 3.308,3.79713e+11,3.84950e+11,3.90463e+11,3.95701e+11,3.99570e+11,3.93839e+11,3.86918e+11,3.79632e+11,3.72711e+11
 3.269,3.86696e+11,3.92051e+11,3.97688e+11,4.03042e+11,4.07008e+11,4.01207e+11,3.94192e+11,3.86808e+11,3.79793e+11
 3.231,3.94939e+11,4.00452e+11,4.06255e+11,4.11768e+11,4.15866e+11,4.09984e+11,4.02856e+11,3.95353e+11,3.88225e+11
 3.193,4.01649e+11,4.07267e+11,4.13180e+11,4.18799e+11,4.22980e+11,4.17023e+11,4.09799e+11,4.02195e+11,3.94971e+11
 3.156,4.08409e+11,4.14151e+11,4.20194e+11,4.25936e+11,4.30218e+11,4.24184e+11,4.16857e+11,4.09145e+11,4.01819e+11
 3.118,4.14865e+11,4.20708e+11,4.26858e+11,4.32701e+11,4.37065e+11,4.30959e+11,4.23540e+11,4.15731e+11,4.08311e+11
 3.085,4.21205e+11,4.27149e+11,4.33406e+11,4.39350e+11,4.43796e+11,4.37626e+11,4.30123e+11,4.22225e+11,4.14722e+11
 3.055,4.25116e+11,4.31122e+11,4.37445e+11,4.43451e+11,4.47943e+11,4.41704e+11,4.34117e+11,4.26131e+11,4.18545e+11
 3.014,4.31733e+11,4.37856e+11,4.44301e+11,4.50424e+11,4.55009e+11,4.48682e+11,4.40983e+11,4.32880e+11,4.25181e+11
 2.965,4.39942e+11,4.46198e+11,4.52783e+11,4.59038e+11,4.63726e+11,4.57282e+11,4.49437e+11,4.41179e+11,4.33334e+11
 2.909,4.45779e+11,4.52119e+11,4.58792e+11,4.65132e+11,4.69874e+11,4.63290e+11,4.55283e+11,4.46855e+11,4.38849e+11
 2.847,4.55408e+11,4.61902e+11,4.68738e+11,4.75232e+11,4.80089e+11,4.73344e+11,4.65141e+11,4.56507e+11,4.48304e+11
 2.787,4.60959e+11,4.67521e+11,4.74427e+11,4.80988e+11,4.85879e+11,4.78965e+11,4.70573e+11,4.61739e+11,4.53347e+11
 2.730,4.64724e+11,4.71298e+11,4.78217e+11,4.84791e+11,4.89665e+11,4.82583e+11,4.74013e+11,4.64991e+11,4.56421e+11
 2.676,4.67115e+11,4.73705e+11,4.80643e+11,4.87234e+11,4.92090e+11,4.84806e+11,4.76020e+11,4.66770e+11,4.57984e+11
 2.623,4.81470e+11,4.88321e+11,4.95532e+11,5.02383e+11,5.07451e+11,5.00003e+11,4.91000e+11,4.81523e+11,4.72520e+11
 2.574,4.97392e+11,5.04531e+11,5.12045e+11,5.19184e+11,5.24487e+11,5.16852e+11,5.07603e+11,4.97868e+11,4.88619e+11
 2.527,5.06483e+11,5.13747e+11,5.21393e+11,5.28657e+11,5.34047e+11,5.26244e+11,5.16796e+11,5.06850e+11,4.97402e+11
 2.482,5.03950e+11,5.11055e+11,5.18533e+11,5.25638e+11,5.30858e+11,5.22921e+11,5.13358e+11,5.03292e+11,4.93730e+11
 2.437,4.99971e+11,5.06841e+11,5.14072e+11,5.20941e+11,5.25917e+11,5.17808e+11,5.08104e+11,4.97889e+11,4.88185e+11
 2.394,4.84963e+11,4.91293e+11,4.97956e+11,5.04287e+11,5.08760e+11,5.00619e+11,4.90970e+11,4.80814e+11,4.71165e+11
 2.354,4.68051e+11,4.73823e+11,4.79900e+11,4.85672e+11,4.89643e+11,4.81563e+11,4.72072e+11,4.62082e+11,4.52591e+11
 2.314,4.60481e+11,4.65929e+11,4.71663e+11,4.77110e+11,4.80780e+11,4.72697e+11,4.63256e+11,4.53319e+11,4.43879e+11
 2.276,4.39741e+11,4.44630e+11,4.49776e+11,4.54664e+11,4.57844e+11,4.49905e+11,4.40711e+11,4.31032e+11,4.21838e+11
 2.240,4.47648e+11,4.52754e+11,4.58129e+11,4.63236e+11,4.66594e+11,4.58527e+11,4.49159e+11,4.39299e+11,4.29932e+11
 2.209,4.63838e+11,4.69415e+11,4.75285e+11,4.80862e+11,4.84622e+11,4.76364e+11,4.66718e+11,4.56564e+11,4.46918e+11
 2.183,4.75518e+11,4.81454e+11,4.87702e+11,4.93639e+11,4.97710e+11,4.89333e+11,4.79502e+11,4.69153e+11,4.59322e+11
 2.163,4.82861e+11,4.89007e+11,4.95476e+11,5.01622e+11,5.05874e+11,4.97419e+11,4.87470e+11,4.76997e+11,4.67048e+11
 2.148,4.91210e+11,4.97623e+11,5.04373e+11,5.10786e+11,5.15271e+11,5.06743e+11,4.96671e+11,4.86070e+11,4.75999e+11
 2.137,4.96133e+11,5.02691e+11,5.09595e+11,5.16153e+11,5.20764e+11,5.12189e+11,5.02045e+11,4.91368e+11,4.81224e+11
 2.129,5.00508e+11,5.07203e+11,5.14249e+11,5.20944e+11,5.25675e+11,5.17063e+11,5.06857e+11,4.96114e+11,4.85908e+11
 2.114,5.02259e+11,5.08998e+11,5.16092e+11,5.22831e+11,5.27597e+11,5.18954e+11,5.08707e+11,4.97921e+11,4.87674e+11
 2.091,5.10341e+11,5.17312e+11,5.24650e+11,5.31621e+11,5.36589e+11,5.27874e+11,5.17514e+11,5.06608e+11,4.96247e+11
 2.070,5.14644e+11,5.21720e+11,5.29167e+11,5.36243e+11,5.41299e+11,5.32539e+11,5.22114e+11,5.11139e+11,5.00713e+11
 2.050,5.16236e+11,5.23341e+11,5.30820e+11,5.37925e+11,5.43005e+11,5.34220e+11,5.23763e+11,5.12755e+11,5.02297e+11
 2.030,5.18611e+11,5.25760e+11,5.33285e+11,5.40434e+11,5.45548e+11,5.36728e+11,5.26226e+11,5.15172e+11,5.04671e+11
 2.010,5.20055e+11,5.27235e+11,5.34794e+11,5.41975e+11,5.47111e+11,5.38250e+11,5.27700e+11,5.16595e+11,5.06045e+11
 1.982,5.16312e+11,5.23352e+11,5.30763e+11,5.37804e+11,5.42806e+11,5.33909e+11,5.23346e+11,5.12226e+11,5.01662e+11
 1.947,5.17847e+11,5.24924e+11,5.32374e+11,5.39452e+11,5.44473e+11,5.35484e+11,5.24817e+11,5.13588e+11,5.02920e+11
 1.916,5.24714e+11,5.31977e+11,5.39622e+11,5.46885e+11,5.52061e+11,5.42982e+11,5.32189e+11,5.20827e+11,5.10033e+11
 1.889,5.29349e+11,5.36707e+11,5.44453e+11,5.51811e+11,5.57067e+11,5.47941e+11,5.37081e+11,5.25650e+11,5.14791e+11
 1.863,5.39186e+11,5.46797e+11,5.54809e+11,5.62420e+11,5.67897e+11,5.58696e+11,5.47715e+11,5.36156e+11,5.25176e+11
 1.837,5.30085e+11,5.37422e+11,5.45144e+11,5.52481e+11,5.57703e+11,5.48488e+11,5.37539e+11,5.26014e+11,5.15064e+11
 1.812,5.25336e+11,5.32512e+11,5.40067e+11,5.47243e+11,5.52314e+11,5.43078e+11,5.32133e+11,5.20612e+11,5.09667e+11
 1.788,5.16648e+11,5.23542e+11,5.30798e+11,5.37691e+11,5.42504e+11,5.33288e+11,5.22411e+11,5.10961e+11,5.00084e+11
 1.766,5.02691e+11,5.09158e+11,5.15964e+11,5.22431e+11,5.26863e+11,5.17722e+11,5.06994e+11,4.95702e+11,4.84975e+11
 1.740,4.81518e+11,4.87346e+11,4.93482e+11,4.99310e+11,5.03180e+11,4.94187e+11,4.83724e+11,4.72709e+11,4.62245e+11
 1.713,4.64831e+11,4.70122e+11,4.75691e+11,4.80981e+11,4.84381e+11,4.75540e+11,4.65327e+11,4.54576e+11,4.44362e+11
 1.692,4.51891e+11,4.56732e+11,4.61828e+11,4.66669e+11,4.69677e+11,4.60975e+11,4.50983e+11,4.40465e+11,4.30473e+11
 1.675,4.48993e+11,4.53754e+11,4.58766e+11,4.63528e+11,4.66467e+11,4.57788e+11,4.47834e+11,4.37356e+11,4.27401e+11
 1.660,4.55024e+11,4.60001e+11,4.65240e+11,4.70218e+11,4.73338e+11,4.64553e+11,4.54452e+11,4.43818e+11,4.33716e+11
 1.646,4.64492e+11,4.69781e+11,4.75348e+11,4.80637e+11,4.84019e+11,4.75084e+11,4.64771e+11,4.53916e+11,4.43603e+11
 1.627,4.74225e+11,4.79864e+11,4.85800e+11,4.91438e+11,4.95122e+11,4.86060e+11,4.75554e+11,4.64496e+11,4.53991e+11
 1.604,4.83636e+11,4.89639e+11,4.95959e+11,5.01962e+11,5.05961e+11,4.96775e+11,4.86079e+11,4.74820e+11,4.64124e+11
 1.584,4.89200e+11,4.95449e+11,5.02027e+11,5.08276e+11,5.12489e+11,5.03235e+11,4.92425e+11,4.81047e+11,4.70237e+11
 1.567,4.92974e+11,4.99406e+11,5.06177e+11,5.12610e+11,5.16987e+11,5.07701e+11,4.96828e+11,4.85382e+11,4.74509e+11
 1.552,4.97688e+11,5.04309e+11,5.11278e+11,5.17899e+11,5.22441e+11,5.13105e+11,5.02148e+11,4.90613e+11,4.79656e+11
 1.538,5.01259e+11,5.08029e+11,5.15155e+11,5.21924e+11,5.26599e+11,5.17235e+11,5.06223e+11,4.94632e+11,4.83620e+11
 1.523,5.04345e+11,5.11227e+11,5.18471e+11,5.25353e+11,5.30126e+11,5.20729e+11,5.09664e+11,4.98016e+11,4.86950e+11
 1.506,5.07868e+11,5.14889e+11,5.22280e+11,5.29301e+11,5.34196e+11,5.24766e+11,5.13641e+11,5.01932e+11,4.90807e+11
 1.488,5.14598e+11,5.21850e+11,5.29484e+11,5.36736e+11,5.41835e+11,5.32355e+11,5.21139e+11,5.09334e+11,4.98118e+11
 1.471,5.16253e+11,5.23578e+11,5.31289e+11,5.38614e+11,5.43777e+11,5.34275e+11,5.23024e+11,5.11181e+11,4.99930e+11
 1.452,5.11505e+11,5.18717e+11,5.26309e+11,5.33520e+11,5.38583e+11,5.29108e+11,5.17904e+11,5.06110e+11,4.94906e+11
 1.434,5.12313e+11,5.19599e+11,5.27269e+11,5.34555e+11,5.39688e+11,5.30220e+11,5.19012e+11,5.07214e+11,4.96006e+11
 1.416,5.10265e+11,5.17514e+11,5.25145e+11,5.32395e+11,5.37494e+11,5.28027e+11,5.16826e+11,5.05035e+11,4.93834e+11
 1.400,5.00095e+11,5.07052e+11,5.14375e+11,5.21333e+11,5.26168e+11,5.16736e+11,5.05621e+11,4.93920e+11,4.82804e+11
 1.386,4.92106e+11,4.98863e+11,5.05975e+11,5.12732e+11,5.17390e+11,5.07998e+11,4.96958e+11,4.85337e+11,4.74297e+11
 1.374,4.88668e+11,4.95379e+11,5.02444e+11,5.09155e+11,5.13776e+11,5.04407e+11,4.93400e+11,4.81814e+11,4.70807e+11
 1.358,4.87971e+11,4.94630e+11,5.01639e+11,5.08298e+11,5.12873e+11,5.03524e+11,4.92544e+11,4.80988e+11,4.70008e+11
 1.339,4.77117e+11,4.83402e+11,4.90017e+11,4.96302e+11,5.00543e+11,4.91263e+11,4.80420e+11,4.69006e+11,4.58162e+11
 1.318,4.36114e+11,4.40942e+11,4.46023e+11,4.50850e+11,4.53817e+11,4.44945e+11,4.34775e+11,4.24070e+11,4.13900e+11
 1.296,4.36481e+11,4.41345e+11,4.46465e+11,4.51330e+11,4.54339e+11,4.45513e+11,4.35387e+11,4.24727e+11,4.14601e+11
 1.276,4.38719e+11,4.43760e+11,4.49067e+11,4.54109e+11,4.57284e+11,4.48473e+11,4.38333e+11,4.27660e+11,4.17519e+11
 1.259,4.41188e+11,4.46433e+11,4.51954e+11,4.57198e+11,4.60547e+11,4.51656e+11,4.41397e+11,4.30598e+11,4.20339e+11
 1.241,4.33808e+11,4.38898e+11,4.44255e+11,4.49345e+11,4.52563e+11,4.43746e+11,4.33591e+11,4.22902e+11,4.12747e+11
 1.224,4.24008e+11,4.28913e+11,4.34076e+11,4.38981e+11,4.42045e+11,4.33317e+11,4.23287e+11,4.12730e+11,4.02700e+11
 1.206,4.26483e+11,4.31666e+11,4.37121e+11,4.42304e+11,4.45612e+11,4.36819e+11,4.26674e+11,4.15994e+11,4.05849e+11
 1.189,4.22977e+11,4.28249e+11,4.33799e+11,4.39072e+11,4.42468e+11,4.33712e+11,4.23590e+11,4.12936e+11,4.02815e+11
 1.169,4.19732e+11,4.24994e+11,4.30532e+11,4.35793e+11,4.39196e+11,4.30537e+11,4.20520e+11,4.09976e+11,3.99959e+11
 1.148,4.19136e+11,4.24499e+11,4.30145e+11,4.35509e+11,4.39020e+11,4.30443e+11,4.20497e+11,4.10026e+11,4.00079e+11
 1.126,4.15121e+11,4.20541e+11,4.26247e+11,4.31667e+11,4.35250e+11,4.26800e+11,4.16977e+11,4.06638e+11,3.96815e+11
 1.102,4.04902e+11,4.10160e+11,4.15695e+11,4.20952e+11,4.24417e+11,4.16147e+11,4.06542e+11,3.96431e+11,3.86826e+11
 1.080,3.86669e+11,3.91444e+11,3.96470e+11,4.01244e+11,4.04304e+11,3.96276e+11,3.87007e+11,3.77249e+11,3.67980e+11
 1.061,3.85941e+11,3.91017e+11,3.96360e+11,4.01436e+11,4.04778e+11,3.96784e+11,3.87500e+11,3.77727e+11,3.68443e+11
 1.040,3.86357e+11,3.91618e+11,3.97155e+11,4.02416e+11,4.05951e+11,3.98091e+11,3.88917e+11,3.79260e+11,3.70085e+11
 1.016,3.82113e+11,3.87502e+11,3.93174e+11,3.98563e+11,4.02245e+11,3.94554e+11,3.85538e+11,3.76047e+11,3.67031e+11
 0.996,3.74634e+11,3.80008e+11,3.85664e+11,3.91038e+11,3.94732e+11,3.87197e+11,3.78348e+11,3.69034e+11,3.60185e+11
 0.980,3.55824e+11,3.60914e+11,3.66272e+11,3.71363e+11,3.74845e+11,3.67609e+11,3.59123e+11,3.50190e+11,3.41704e+11
 0.963,3.40947e+11,3.45795e+11,3.50899e+11,3.55747e+11,3.59043e+11,3.52022e+11,3.43804e+11,3.35154e+11,3.26936e+11
 0.944,3.44045e+11,3.49233e+11,3.54694e+11,3.59881e+11,3.63516e+11,3.56657e+11,3.48552e+11,3.40020e+11,3.31915e+11
 0.931,3.41110e+11,3.46358e+11,3.51883e+11,3.57131e+11,3.60847e+11,3.54135e+11,3.46176e+11,3.37799e+11,3.29840e+11
 0.919,3.19379e+11,3.24026e+11,3.28917e+11,3.33563e+11,3.36762e+11,3.30278e+11,3.22659e+11,3.14640e+11,3.07021e+11
 0.904,3.21668e+11,3.26538e+11,3.31663e+11,3.36532e+11,3.39951e+11,3.33557e+11,3.25997e+11,3.18039e+11,3.10479e+11
 0.891,3.25559e+11,3.30653e+11,3.36016e+11,3.41111e+11,3.44756e+11,3.38476e+11,3.30997e+11,3.23125e+11,3.15646e+11
 0.877,2.96866e+11,3.01360e+11,3.06089e+11,3.10583e+11,3.13722e+11,3.07723e+11,3.00642e+11,2.93189e+11,2.86108e+11
 0.865,3.01677e+11,3.06469e+11,3.11512e+11,3.16304e+11,3.19736e+11,3.13851e+11,3.06840e+11,2.99461e+11,2.92450e+11
 0.852,3.09255e+11,3.14323e+11,3.19659e+11,3.24728e+11,3.28435e+11,3.22666e+11,3.15732e+11,3.08433e+11,3.01499e+11
 0.834,2.73958e+11,2.78269e+11,2.82807e+11,2.87118e+11,2.90191e+11,2.84809e+11,2.78410e+11,2.71674e+11,2.65274e+11
 0.822,2.59480e+11,2.63495e+11,2.67722e+11,2.71737e+11,2.74573e+11,2.69398e+11,2.63267e+11,2.56812e+11,2.50681e+11
 0.810,2.49779e+11,2.53667e+11,2.57761e+11,2.61650e+11,2.64398e+11,2.59398e+11,2.53473e+11,2.47236e+11,2.41311e+11
 0.792,2.62037e+11,2.66369e+11,2.70929e+11,2.75261e+11,2.78432e+11,2.73521e+11,2.67615e+11,2.61398e+11,2.55492e+11
 0.777,2.63843e+11,2.68247e+11,2.72882e+11,2.77286e+11,2.80548e+11,2.75780e+11,2.70014e+11,2.63944e+11,2.58178e+11
 0.765,2.40219e+11,2.44167e+11,2.48322e+11,2.52270e+11,2.55164e+11,2.50714e+11,2.45358e+11,2.39721e+11,2.34366e+11
 0.752,2.00382e+11,2.03492e+11,2.06767e+11,2.09877e+11,2.12064e+11,2.07999e+11,2.03189e+11,1.98125e+11,1.93315e+11
 0.739,2.01960e+11,2.05221e+11,2.08653e+11,2.11914e+11,2.14256e+11,2.10290e+11,2.05560e+11,2.00582e+11,1.95852e+11
 0.729,2.19825e+11,2.23513e+11,2.27396e+11,2.31084e+11,2.33815e+11,2.29820e+11,2.24989e+11,2.19904e+11,2.15073e+11
 0.714,2.28223e+11,2.32049e+11,2.36075e+11,2.39901e+11,2.42774e+11,2.38875e+11,2.34122e+11,2.29119e+11,2.24366e+11
 0.697,1.96481e+11,1.99804e+11,2.03302e+11,2.06625e+11,2.09092e+11,2.05532e+11,2.01221e+11,1.96683e+11,1.92372e+11
 0.677,1.99850e+11,2.03239e+11,2.06806e+11,2.10195e+11,2.12751e+11,2.09358e+11,2.05213e+11,2.00849e+11,1.96703e+11
 0.657,1.60259e+11,1.62993e+11,1.65871e+11,1.68605e+11,1.70641e+11,1.67749e+11,1.64240e+11,1.60547e+11,1.57039e+11
 0.642,1.49467e+11,1.52021e+11,1.54709e+11,1.57263e+11,1.59168e+11,1.56488e+11,1.53234e+11,1.49808e+11,1.46554e+11
 0.628,1.45807e+11,1.48297e+11,1.50918e+11,1.53409e+11,1.55282e+11,1.52755e+11,1.49672e+11,1.46427e+11,1.43345e+11
 0.617,1.28145e+11,1.30334e+11,1.32638e+11,1.34827e+11,1.36463e+11,1.34179e+11,1.31404e+11,1.28483e+11,1.25708e+11
 0.604,1.16997e+11,1.19009e+11,1.21128e+11,1.23140e+11,1.24642e+11,1.22532e+11,1.19970e+11,1.17272e+11,1.14709e+11
 0.591,1.13623e+11,1.15570e+11,1.17620e+11,1.19567e+11,1.21030e+11,1.19049e+11,1.16633e+11,1.14089e+11,1.11673e+11
 0.578,9.33491e+10,9.49571e+10,9.66498e+10,9.82578e+10,9.94527e+10,9.77354e+10,9.56548e+10,9.34646e+10,9.13839e+10
 0.565,8.89727e+10,9.05058e+10,9.21196e+10,9.36527e+10,9.47985e+10,9.32012e+10,9.12596e+10,8.92158e+10,8.72742e+10
 0.552,7.67758e+10,7.80966e+10,7.94869e+10,8.08077e+10,8.17896e+10,8.03825e+10,7.86770e+10,7.68817e+10,7.51763e+10
 0.537,6.10712e+10,6.21164e+10,6.32165e+10,6.42616e+10,6.50300e+10,6.38643e+10,6.24598e+10,6.09813e+10,5.95767e+10
 0.523,5.71937e+10,5.81663e+10,5.91900e+10,6.01626e+10,6.08820e+10,5.98241e+10,5.85454e+10,5.71993e+10,5.59205e+10
 0.506,5.02943e+10,5.11535e+10,5.20579e+10,5.29171e+10,5.35535e+10,5.26244e+10,5.15005e+10,5.03174e+10,4.91935e+10
 0.485,3.62340e+10,3.68547e+10,3.75081e+10,3.81288e+10,3.85873e+10,3.79081e+10,3.70876e+10,3.62240e+10,3.54035e+10
 0.465,2.61853e+10,2.66332e+10,2.71046e+10,2.75524e+10,2.78817e+10,2.73829e+10,2.67817e+10,2.61488e+10,2.55476e+10
 0.445,1.74745e+10,1.77681e+10,1.80772e+10,1.83708e+10,1.85842e+10,1.82417e+10,1.78314e+10,1.73994e+10,1.69890e+10
 0.426,1.10933e+10,1.12730e+10,1.14622e+10,1.16420e+10,1.17716e+10,1.15558e+10,1.12981e+10,1.10268e+10,1.07691e+10
 0.408,7.87718e+09,8.01299e+09,8.15595e+09,8.29176e+09,8.39725e+09,8.27971e+09,8.13300e+09,7.97856e+09,7.83185e+09
 0.387,7.02099e+09,7.18770e+09,7.36319e+09,7.52991e+09,7.67827e+09,7.64712e+09,7.58645e+09,7.52259e+09,7.46192e+09
 0.362,5.40683e+09,5.55059e+09,5.70191e+09,5.84566e+09,5.97717e+09,5.97178e+09,5.94214e+09,5.91093e+09,5.88129e+09
 0.337,3.19837e+09,3.27351e+09,3.35259e+09,3.42773e+09,3.49422e+09,3.47797e+09,3.44829e+09,3.41704e+09,3.38736e+09
 0.312,1.88461e+09,1.92638e+09,1.97035e+09,2.01213e+09,2.04839e+09,2.03511e+09,2.01413e+09,1.99205e+09,1.97107e+09
 0.287,9.25687e+08,9.42031e+08,9.59235e+08,9.75579e+08,9.88391e+08,9.74937e+08,9.58013e+08,9.40198e+08,9.23273e+08
 0.268,4.71829e+08,4.79447e+08,4.87466e+08,4.95084e+08,5.00823e+08,4.93162e+08,4.83806e+08,4.73958e+08,4.64602e+08
