#Lambda(microns),,Phi=0.1050,Phi=0.2000,Phi=0.3000,Phi=0.3950,Phi=0.5000,Phi=0.6050,Phi=0.7000,Phi=0.8000,Phi=0.8950
227.531,1.05063e+08,1.27427e+08,1.59189e+08,1.86251e+08,1.93376e+08,1.71019e+08,1.37876e+08,1.08246e+08,9.41288e+07
138.793,2.59063e+08,3.22836e+08,4.10193e+08,4.81992e+08,5.00933e+08,4.41856e+08,3.51472e+08,2.68230e+08,2.26829e+08
97.752,4.94866e+08,6.27192e+08,8.06301e+08,9.51877e+08,9.90861e+08,8.72233e+08,6.88627e+08,5.17092e+08,4.29586e+08
73.692,8.22358e+08,1.06321e+09,1.38778e+09,1.65082e+09,1.72288e+09,1.51234e+09,1.18330e+09,8.72083e+08,7.09286e+08
53.879,1.47050e+09,1.92594e+09,2.54405e+09,3.04830e+09,3.19051e+09,2.79433e+09,2.17288e+09,1.58270e+09,1.26996e+09
42.212,2.28551e+09,3.02179e+09,4.02660e+09,4.85095e+09,5.08857e+09,4.45029e+09,3.44594e+09,2.48976e+09,1.97765e+09
35.753,3.13156e+09,4.14638e+09,5.53902e+09,6.68931e+09,7.02570e+09,6.13923e+09,4.74744e+09,3.42588e+09,2.71722e+09
29.700,4.48858e+09,5.93277e+09,7.91697e+09,9.55785e+09,1.00338e+10,8.75494e+09,6.75956e+09,4.87613e+09,3.87886e+09
24.839,6.25145e+09,8.29633e+09,1.11042e+10,1.34244e+10,1.40937e+10,1.22778e+10,9.44994e+09,6.78427e+09,5.37822e+09
21.395,8.14269e+09,1.08879e+10,1.46646e+10,1.77916e+10,1.86980e+10,1.62560e+10,1.24545e+10,8.87283e+09,6.98193e+09
19.382,9.81309e+09,1.32239e+10,1.79525e+10,2.19083e+10,2.30412e+10,1.99605e+10,1.51907e+10,1.07327e+10,8.39419e+09
18.180,1.10022e+10,1.48436e+10,2.01772e+10,2.46425e+10,2.59257e+10,2.24470e+10,1.70678e+10,1.20446e+10,9.41179e+09
16.978,1.25034e+10,1.68413e+10,2.28731e+10,2.79273e+10,2.93820e+10,2.54309e+10,1.93350e+10,1.36563e+10,1.06937e+10
15.777,1.43511e+10,1.92765e+10,2.61412e+10,3.19015e+10,3.35575e+10,2.90326e+10,2.20775e+10,1.56248e+10,1.22801e+10
14.575,1.65183e+10,2.22000e+10,3.01327e+10,3.67976e+10,3.87168e+10,3.34669e+10,2.54144e+10,1.79626e+10,1.41175e+10
13.588,1.90639e+10,2.53826e+10,3.42551e+10,4.17351e+10,4.38816e+10,3.79415e+10,2.88930e+10,2.05820e+10,1.63560e+10
12.787,2.16186e+10,2.85161e+10,3.82612e+10,4.65079e+10,4.88648e+10,4.22644e+10,3.22806e+10,2.31830e+10,1.86254e+10
11.986,2.46779e+10,3.22501e+10,4.30143e+10,5.21623e+10,5.47613e+10,4.73716e+10,3.62847e+10,2.62693e+10,2.13349e+10
11.292,2.78803e+10,3.61104e+10,4.78780e+10,5.79097e+10,6.07453e+10,5.25757e+10,4.03969e+10,2.94816e+10,2.41900e+10
10.692,3.07237e+10,3.97626e+10,5.26755e+10,6.36700e+10,6.67444e+10,5.77161e+10,4.42981e+10,3.23145e+10,2.65604e+10
10.091,3.39310e+10,4.39031e+10,5.81908e+10,7.03715e+10,7.37708e+10,6.37375e+10,4.88678e+10,3.56321e+10,2.93243e+10
 9.648,3.60178e+10,4.69560e+10,6.26432e+10,7.60334e+10,7.98057e+10,6.88220e+10,5.25384e+10,3.80226e+10,3.10679e+10
 9.348,3.65598e+10,4.85755e+10,6.56941e+10,8.02627e+10,8.44220e+10,7.25778e+10,5.48987e+10,3.89980e+10,3.12286e+10
 8.995,3.74247e+10,5.07277e+10,6.96084e+10,8.56390e+10,9.02682e+10,7.73869e+10,5.80173e+10,4.04501e+10,3.17050e+10
 8.673,3.76927e+10,5.24478e+10,7.32989e+10,9.09770e+10,9.61714e+10,8.21888e+10,6.09829e+10,4.15501e+10,3.16367e+10
 8.345,3.79991e+10,5.44972e+10,7.75998e+10,9.70667e+10,1.02808e+11,8.75603e+10,6.42298e+10,4.26158e+10,3.13610e+10
 8.074,3.91954e+10,5.69959e+10,8.18219e+10,1.02682e+11,1.08844e+11,9.25529e+10,6.75342e+10,4.42578e+10,3.20534e+10
 7.904,3.95884e+10,5.83605e+10,8.44368e+10,1.06261e+11,1.12693e+11,9.57053e+10,6.94900e+10,4.49938e+10,3.20691e+10
 7.714,4.10080e+10,6.05317e+10,8.76109e+10,1.10228e+11,1.16826e+11,9.91170e+10,7.18147e+10,4.63417e+10,3.29833e+10
 7.498,4.28142e+10,6.30996e+10,9.12595e+10,1.14695e+11,1.21438e+11,1.02956e+11,7.44416e+10,4.79185e+10,3.41832e+10
 7.284,4.40850e+10,6.54876e+10,9.52604e+10,1.20065e+11,1.27242e+11,1.07761e+11,7.76573e+10,4.96414e+10,3.51076e+10
 7.094,4.55019e+10,6.78267e+10,9.90599e+10,1.25187e+11,1.32797e+11,1.12336e+11,8.07564e+10,5.14409e+10,3.62837e+10
 6.873,4.66140e+10,7.03616e+10,1.03698e+11,1.31646e+11,1.39846e+11,1.18102e+11,8.44958e+10,5.32731e+10,3.70758e+10
 6.664,4.68871e+10,7.24303e+10,1.08231e+11,1.38183e+11,1.46998e+11,1.23872e+11,8.79526e+10,5.44153e+10,3.68641e+10
 6.515,5.03181e+10,7.65790e+10,1.13156e+11,1.43598e+11,1.52301e+11,1.28248e+11,9.12424e+10,5.68975e+10,3.92283e+10
 6.297,6.06303e+10,8.64506e+10,1.22488e+11,1.52523e+11,1.60614e+11,1.35604e+11,9.83748e+10,6.47189e+10,4.83106e+10
 6.064,6.13669e+10,8.95942e+10,1.28985e+11,1.61832e+11,1.70843e+11,1.43794e+11,1.03302e+11,6.64828e+10,4.83009e+10
 5.899,6.01261e+10,9.07426e+10,1.33371e+11,1.68884e+11,1.78817e+11,1.50041e+11,1.06525e+11,6.65882e+10,4.64889e+10
 5.759,6.17644e+10,9.36943e+10,1.38271e+11,1.75499e+11,1.86001e+11,1.55974e+11,1.10529e+11,6.88090e+10,4.77728e+10
 5.572,6.41995e+10,9.79745e+10,1.45326e+11,1.85058e+11,1.96403e+11,1.64575e+11,1.16380e+11,7.21363e+10,4.97565e+10
 5.379,6.72253e+10,1.02936e+11,1.53143e+11,1.95386e+11,2.07509e+11,1.73747e+11,1.22668e+11,7.58206e+10,5.21343e+10
 5.265,6.97159e+10,1.06675e+11,1.58616e+11,2.02369e+11,2.14907e+11,1.79805e+11,1.26912e+11,7.84734e+10,5.40248e+10
 5.149,7.13663e+10,1.10018e+11,1.64264e+11,2.10013e+11,2.23199e+11,1.86407e+11,1.31151e+11,8.05493e+10,5.49597e+10
 5.000,7.32302e+10,1.14255e+11,1.71589e+11,2.19846e+11,2.33723e+11,1.94712e+11,1.36251e+11,8.26689e+10,5.55505e+10
 4.882,7.50260e+10,1.18098e+11,1.77928e+11,2.28103e+11,2.42395e+11,2.01532e+11,1.40424e+11,8.43854e+10,5.60131e+10
 4.827,7.67475e+10,1.20555e+11,1.81307e+11,2.32243e+11,2.46766e+11,2.05060e+11,1.42930e+11,8.60211e+10,5.72215e+10
 4.796,7.63334e+10,1.20938e+11,1.82790e+11,2.34633e+11,2.49473e+11,2.07136e+11,1.43911e+11,8.59277e+10,5.65418e+10
 4.750,7.77488e+10,1.22993e+11,1.85685e+11,2.38204e+11,2.53289e+11,2.10350e+11,1.46256e+11,8.74597e+10,5.76452e+10
 4.700,7.95700e+10,1.25638e+11,1.89376e+11,2.42648e+11,2.58069e+11,2.14617e+11,1.49568e+11,8.97589e+10,5.92799e+10
 4.662,8.02390e+10,1.26521e+11,1.90874e+11,2.44881e+11,2.60505e+11,2.16476e+11,1.50774e+11,9.05623e+10,6.00289e+10
 4.605,7.84782e+10,1.26875e+11,1.93655e+11,2.49337e+11,2.65456e+11,2.20230e+11,1.52216e+11,8.94268e+10,5.72499e+10
 4.504,7.92755e+10,1.29306e+11,1.98403e+11,2.56114e+11,2.72585e+11,2.25428e+11,1.54928e+11,9.01014e+10,5.70985e+10
 4.395,8.33206e+10,1.33654e+11,2.03539e+11,2.61941e+11,2.77847e+11,2.29649e+11,1.58078e+11,9.29382e+10,6.04312e+10
 4.301,8.92669e+10,1.39051e+11,2.08281e+11,2.65682e+11,2.80423e+11,2.31608e+11,1.60259e+11,9.62096e+10,6.52347e+10
 4.202,1.03113e+11,1.50533e+11,2.17445e+11,2.73135e+11,2.86403e+11,2.37392e+11,1.67860e+11,1.07028e+11,7.91090e+10
 4.074,1.19860e+11,1.65760e+11,2.31228e+11,2.85917e+11,2.97858e+11,2.47992e+11,1.79625e+11,1.21314e+11,9.57142e+10
 3.949,1.36157e+11,1.81369e+11,2.45693e+11,2.99093e+11,3.09097e+11,2.58121e+11,1.90833e+11,1.34685e+11,1.10885e+11
 3.849,1.38106e+11,1.85474e+11,2.52800e+11,3.08668e+11,3.19242e+11,2.66078e+11,1.95686e+11,1.36801e+11,1.11719e+11
 3.749,1.33364e+11,1.84448e+11,2.57166e+11,3.17770e+11,3.30538e+11,2.74564e+11,1.98502e+11,1.33957e+11,1.05849e+11
 3.662,1.25972e+11,1.81027e+11,2.59587e+11,3.25312e+11,3.40514e+11,2.81781e+11,1.99713e+11,1.29016e+11,9.75147e+10
 3.587,1.20841e+11,1.79129e+11,2.62401e+11,3.32181e+11,3.49073e+11,2.87912e+11,2.01014e+11,1.25483e+11,9.13804e+10
 3.513,1.16124e+11,1.77302e+11,2.65155e+11,3.39027e+11,3.57664e+11,2.94208e+11,2.02742e+11,1.22719e+11,8.62421e+10
 3.438,1.12732e+11,1.76388e+11,2.68459e+11,3.46243e+11,3.66519e+11,3.00832e+11,2.05152e+11,1.21175e+11,8.26955e+10
 3.363,1.08286e+11,1.74675e+11,2.71337e+11,3.53386e+11,3.75406e+11,3.07194e+11,2.06908e+11,1.18616e+11,7.79406e+10
 3.308,1.05201e+11,1.73308e+11,2.73326e+11,3.58712e+11,3.82170e+11,3.12155e+11,2.08734e+11,1.17612e+11,7.54334e+10
 3.269,1.05351e+11,1.74198e+11,2.75869e+11,3.63015e+11,3.87212e+11,3.16062e+11,2.11029e+11,1.18655e+11,7.59008e+10
 3.231,9.98567e+10,1.70903e+11,2.76113e+11,3.66496e+11,3.92040e+11,3.19117e+11,2.10817e+11,1.15192e+11,7.05054e+10
 3.193,9.76467e+10,1.70283e+11,2.78033e+11,3.70754e+11,3.97120e+11,3.22657e+11,2.11978e+11,1.14155e+11,6.82140e+10
 3.156,9.51310e+10,1.69296e+11,2.79696e+11,3.74885e+11,4.02247e+11,3.26362e+11,2.13222e+11,1.13091e+11,6.58909e+10
 3.118,9.47798e+10,1.69922e+11,2.82263e+11,3.79400e+11,4.07482e+11,3.30316e+11,2.15346e+11,1.13719e+11,6.58016e+10
 3.085,9.23771e+10,1.69070e+11,2.84019e+11,3.83580e+11,4.12583e+11,3.34014e+11,2.16755e+11,1.12962e+11,6.37387e+10
 3.055,9.20792e+10,1.69772e+11,2.86362e+11,3.87372e+11,4.16795e+11,3.37172e+11,2.18312e+11,1.13115e+11,6.32735e+10
 3.014,8.93965e+10,1.68789e+11,2.88305e+11,3.91993e+11,4.22420e+11,3.41221e+11,2.19690e+11,1.11988e+11,6.07841e+10
 2.965,8.64499e+10,1.68404e+11,2.91721e+11,3.98629e+11,4.30097e+11,3.46883e+11,2.21936e+11,1.10857e+11,5.76504e+10
 2.909,8.59746e+10,1.69941e+11,2.96342e+11,4.05809e+11,4.37877e+11,3.52594e+11,2.24572e+11,1.10784e+11,5.64066e+10
 2.847,8.53664e+10,1.71513e+11,3.01441e+11,4.14045e+11,4.47001e+11,3.59335e+11,2.27777e+11,1.10945e+11,5.51835e+10
 2.787,8.58769e+10,1.74332e+11,3.07485e+11,4.22646e+11,4.55976e+11,3.65816e+11,2.30952e+11,1.11334e+11,5.44429e+10
 2.730,8.75274e+10,1.78728e+11,3.15102e+11,4.32471e+11,4.65784e+11,3.73095e+11,2.35047e+11,1.12569e+11,5.43382e+10
 2.676,9.22327e+10,1.84783e+11,3.22863e+11,4.41353e+11,4.74281e+11,3.79441e+11,2.39040e+11,1.14997e+11,5.68798e+10
 2.623,9.31803e+10,1.86509e+11,3.27222e+11,4.49018e+11,4.83404e+11,3.86217e+11,2.42795e+11,1.16865e+11,5.83069e+10
 2.574,8.95599e+10,1.86055e+11,3.31671e+11,4.58028e+11,4.94188e+11,3.94159e+11,2.46055e+11,1.15719e+11,5.45360e+10
 2.527,9.21374e+10,1.90326e+11,3.38534e+11,4.67311e+11,5.04028e+11,4.01618e+11,2.50702e+11,1.18281e+11,5.62981e+10
 2.482,1.03962e+11,2.02019e+11,3.49257e+11,4.76669e+11,5.11615e+11,4.07621e+11,2.56827e+11,1.25686e+11,6.54858e+10
 2.437,1.18750e+11,2.17050e+11,3.63041e+11,4.88621e+11,5.20958e+11,4.14606e+11,2.64211e+11,1.34878e+11,7.66473e+10
 2.394,1.35323e+11,2.32845e+11,3.75228e+11,4.95689e+11,5.22957e+11,4.15498e+11,2.68441e+11,1.43711e+11,8.88472e+10
 2.354,1.46015e+11,2.43226e+11,3.82996e+11,4.99077e+11,5.21725e+11,4.13566e+11,2.69569e+11,1.48628e+11,9.62890e+10
 2.314,1.55908e+11,2.52825e+11,3.90938e+11,5.04429e+11,5.23948e+11,4.14722e+11,2.72470e+11,1.54168e+11,1.03800e+11
 2.276,1.70275e+11,2.63350e+11,3.95488e+11,5.02544e+11,5.16954e+11,4.09383e+11,2.73576e+11,1.62610e+11,1.17218e+11
 2.240,1.70966e+11,2.63936e+11,3.97851e+11,5.07629e+11,5.24073e+11,4.15745e+11,2.77516e+11,1.64704e+11,1.19084e+11
 2.209,1.65933e+11,2.60061e+11,3.98076e+11,5.13203e+11,5.33889e+11,4.24394e+11,2.81189e+11,1.63664e+11,1.15990e+11
 2.183,1.62187e+11,2.56730e+11,3.97518e+11,5.16295e+11,5.39823e+11,4.29754e+11,2.83407e+11,1.62994e+11,1.14270e+11
 2.163,1.59707e+11,2.54725e+11,3.97416e+11,5.18488e+11,5.43576e+11,4.32929e+11,2.84500e+11,1.62214e+11,1.12775e+11
 2.148,1.53019e+11,2.49193e+11,3.94816e+11,5.19075e+11,5.46312e+11,4.34986e+11,2.83611e+11,1.58308e+11,1.07330e+11
 2.137,1.50423e+11,2.47013e+11,3.94013e+11,5.19866e+11,5.48176e+11,4.36491e+11,2.83705e+11,1.57060e+11,1.05464e+11
 2.129,1.45009e+11,2.42658e+11,3.91745e+11,5.19633e+11,5.49117e+11,4.36799e+11,2.82021e+11,1.53284e+11,1.00533e+11
 2.114,1.41220e+11,2.40016e+11,3.90956e+11,5.20397e+11,5.50381e+11,4.37121e+11,2.80760e+11,1.50459e+11,9.68318e+10
 2.091,1.31191e+11,2.32108e+11,3.87246e+11,5.20773e+11,5.52901e+11,4.38107e+11,2.77887e+11,1.43662e+11,8.78438e+10
 2.070,1.23712e+11,2.26542e+11,3.84964e+11,5.21415e+11,5.54715e+11,4.38420e+11,2.75339e+11,1.38243e+11,8.07551e+10
 2.050,1.17708e+11,2.22331e+11,3.83476e+11,5.22119e+11,5.56025e+11,4.38338e+11,2.73028e+11,1.33659e+11,7.47827e+10
 2.030,1.12156e+11,2.18499e+11,3.82316e+11,5.23231e+11,5.57869e+11,4.38760e+11,2.71133e+11,1.29480e+11,6.92376e+10
 2.010,1.06511e+11,2.14796e+11,3.81401e+11,5.24544e+11,5.59861e+11,4.39347e+11,2.69300e+11,1.25155e+11,6.34205e+10
 1.982,1.06608e+11,2.16307e+11,3.84123e+11,5.27616e+11,5.62004e+11,4.39964e+11,2.68914e+11,1.24067e+11,6.20468e+10
 1.947,1.06595e+11,2.17163e+11,3.86540e+11,5.31335e+11,5.65910e+11,4.42645e+11,2.69829e+11,1.23668e+11,6.14428e+10
 1.916,1.06529e+11,2.16703e+11,3.87240e+11,5.33913e+11,5.69686e+11,4.45812e+11,2.71498e+11,1.24533e+11,6.25287e+10
 1.889,1.02019e+11,2.13117e+11,3.85932e+11,5.34924e+11,5.71535e+11,4.46343e+11,2.69976e+11,1.21397e+11,5.86547e+10
 1.863,9.39995e+10,2.06482e+11,3.82877e+11,5.35803e+11,5.74613e+11,4.48112e+11,2.68343e+11,1.16584e+11,5.21189e+10
 1.837,1.00385e+11,2.12823e+11,3.87932e+11,5.38796e+11,5.75263e+11,4.47933e+11,2.69432e+11,1.19555e+11,5.65238e+10
 1.812,1.03583e+11,2.16288e+11,3.91024e+11,5.40942e+11,5.75906e+11,4.47640e+11,2.69499e+11,1.20534e+11,5.82753e+10
 1.788,1.12011e+11,2.23650e+11,3.95884e+11,5.42813e+11,5.74957e+11,4.46359e+11,2.70730e+11,1.25093e+11,6.50773e+10
 1.766,1.22568e+11,2.32923e+11,4.01638e+11,5.44118e+11,5.72272e+11,4.43680e+11,2.71914e+11,1.30780e+11,7.35163e+10
 1.740,1.38013e+11,2.46225e+11,4.09246e+11,5.44537e+11,5.66436e+11,4.38547e+11,2.73535e+11,1.39791e+11,8.65766e+10
 1.713,1.54743e+11,2.59923e+11,4.16988e+11,5.45574e+11,5.61944e+11,4.35256e+11,2.77180e+11,1.51126e+11,1.02145e+11
 1.692,1.68397e+11,2.71006e+11,4.23068e+11,5.45949e+11,5.57393e+11,4.31671e+11,2.79461e+11,1.60020e+11,1.14687e+11
 1.675,1.68876e+11,2.71362e+11,4.23179e+11,5.45649e+11,5.56502e+11,4.30583e+11,2.78828e+11,1.60036e+11,1.15093e+11
 1.660,1.64009e+11,2.67306e+11,4.21525e+11,5.47055e+11,5.60184e+11,4.33271e+11,2.78684e+11,1.57241e+11,1.11086e+11
 1.646,1.56647e+11,2.61421e+11,4.19225e+11,5.49110e+11,5.65507e+11,4.37208e+11,2.78223e+11,1.52576e+11,1.04490e+11
 1.627,1.47531e+11,2.53610e+11,4.15273e+11,5.49968e+11,5.70215e+11,4.40900e+11,2.77312e+11,1.47083e+11,9.68701e+10
 1.604,1.36531e+11,2.44070e+11,4.09999e+11,5.49779e+11,5.73828e+11,4.43388e+11,2.74968e+11,1.39990e+11,8.75991e+10
 1.584,1.27113e+11,2.35875e+11,4.04979e+11,5.48246e+11,5.74741e+11,4.43594e+11,2.71892e+11,1.33536e+11,7.94637e+10
 1.567,1.18548e+11,2.28307e+11,4.00139e+11,5.46441e+11,5.75192e+11,4.43576e+11,2.69010e+11,1.27615e+11,7.20677e+10
 1.552,1.10196e+11,2.21084e+11,3.95714e+11,5.44978e+11,5.75639e+11,4.43373e+11,2.66026e+11,1.21799e+11,6.48254e+10
 1.538,1.02301e+11,2.14139e+11,3.91253e+11,5.43100e+11,5.75370e+11,4.42594e+11,2.62901e+11,1.16254e+11,5.80569e+10
 1.523,9.64492e+10,2.08912e+11,3.87914e+11,5.41806e+11,5.75207e+11,4.41865e+11,2.60369e+11,1.12068e+11,5.30904e+10
 1.506,9.00806e+10,2.03054e+11,3.83945e+11,5.39976e+11,5.74725e+11,4.40978e+11,2.57676e+11,1.07654e+11,4.78567e+10
 1.488,8.26729e+10,1.95901e+11,3.78958e+11,5.37800e+11,5.74617e+11,4.40627e+11,2.55079e+11,1.02956e+11,4.22272e+10
 1.471,7.90376e+10,1.92255e+11,3.76162e+11,5.36164e+11,5.73669e+11,4.39412e+11,2.52981e+11,1.00264e+11,3.93602e+10
 1.452,7.76344e+10,1.90863e+11,3.74678e+11,5.34309e+11,5.70955e+11,4.36305e+11,2.50324e+11,9.83621e+10,3.78344e+10
 1.434,7.10991e+10,1.84583e+11,3.69895e+11,5.31204e+11,5.68832e+11,4.34048e+11,2.47005e+11,9.39808e+10,3.28215e+10
 1.416,7.08983e+10,1.83821e+11,3.68575e+11,5.29530e+11,5.66747e+11,4.31868e+11,2.45220e+11,9.30648e+10,3.25808e+10
 1.400,7.61003e+10,1.88367e+11,3.70851e+11,5.29069e+11,5.63579e+11,4.28225e+11,2.43777e+11,9.46008e+10,3.58695e+10
 1.386,7.79132e+10,1.89935e+11,3.71238e+11,5.27812e+11,5.60540e+11,4.24976e+11,2.41998e+11,9.46294e+10,3.68235e+10
 1.374,7.50890e+10,1.87179e+11,3.68812e+11,5.25560e+11,5.58148e+11,4.22608e+11,2.39747e+11,9.24621e+10,3.46160e+10
 1.358,7.62828e+10,1.87117e+11,3.67288e+11,5.23031e+11,5.54493e+11,4.18736e+11,2.36872e+11,9.15899e+10,3.52623e+10
 1.339,8.74318e+10,1.95610e+11,3.70805e+11,5.21632e+11,5.48438e+11,4.12515e+11,2.35233e+11,9.62651e+10,4.39212e+10
 1.318,1.37153e+11,2.35657e+11,3.93195e+11,5.25921e+11,5.36187e+11,4.02613e+11,2.44494e+11,1.28100e+11,8.85387e+10
 1.296,1.39773e+11,2.35674e+11,3.90920e+11,5.22609e+11,5.33066e+11,4.01133e+11,2.45015e+11,1.30975e+11,9.30080e+10
 1.276,1.35360e+11,2.30054e+11,3.85035e+11,5.17537e+11,5.30130e+11,3.99608e+11,2.43477e+11,1.29137e+11,9.09931e+10
 1.259,1.21845e+11,2.18527e+11,3.76534e+11,5.12040e+11,5.27391e+11,3.95898e+11,2.35858e+11,1.17534e+11,7.74582e+10
 1.241,1.21659e+11,2.17210e+11,3.73455e+11,5.07416e+11,5.21471e+11,3.90320e+11,2.32067e+11,1.15878e+11,7.69741e+10
 1.224,1.19301e+11,2.14285e+11,3.69187e+11,5.01743e+11,5.14420e+11,3.83334e+11,2.26712e+11,1.12329e+11,7.41527e+10
 1.206,1.02245e+11,1.99506e+11,3.58025e+11,4.94254e+11,5.10666e+11,3.79124e+11,2.18325e+11,9.91245e+10,5.81092e+10
 1.189,8.86031e+10,1.87259e+11,3.47907e+11,4.86095e+11,5.04541e+11,3.73137e+11,2.10482e+11,8.87692e+10,4.58826e+10
 1.169,8.70914e+10,1.83755e+11,3.42382e+11,4.79206e+11,4.97827e+11,3.68424e+11,2.07520e+11,8.72805e+10,4.53538e+10
 1.148,8.63724e+10,1.80091e+11,3.35785e+11,4.71101e+11,4.90890e+11,3.64310e+11,2.05651e+11,8.73022e+10,4.65100e+10
 1.126,8.17098e+10,1.73052e+11,3.26436e+11,4.60272e+11,4.80512e+11,3.56586e+11,2.00367e+11,8.39662e+10,4.41104e+10
 1.102,8.13533e+10,1.69800e+11,3.19215e+11,4.49789e+11,4.68690e+11,3.47142e+11,1.94973e+11,8.26092e+10,4.48084e+10
 1.080,8.84686e+10,1.73572e+11,3.17033e+11,4.41803e+11,4.56108e+11,3.36204e+11,1.90259e+11,8.48289e+10,5.08385e+10
 1.061,6.61178e+10,1.53091e+11,3.00093e+11,4.28481e+11,4.47423e+11,3.28753e+11,1.79814e+11,6.97906e+10,3.23002e+10
 1.040,6.70181e+10,1.49548e+11,2.91650e+11,4.16944e+11,4.37474e+11,3.23662e+11,1.78463e+11,7.12135e+10,3.53768e+10
 1.016,5.87683e+10,1.38522e+11,2.77823e+11,4.01522e+11,4.23917e+11,3.14103e+11,1.71382e+11,6.53829e+10,2.98821e+10
 0.996,5.16132e+10,1.29742e+11,2.66925e+11,3.89007e+11,4.11928e+11,3.04730e+11,1.64211e+11,5.95204e+10,2.42759e+10
 0.980,4.68781e+10,1.23006e+11,2.57201e+11,3.76510e+11,3.99087e+11,2.94818e+11,1.58191e+11,5.62672e+10,2.16715e+10
 0.963,4.16977e+10,1.16724e+11,2.48392e+11,3.65056e+11,3.86658e+11,2.84356e+11,1.50819e+11,5.12525e+10,1.72034e+10
 0.944,3.52141e+10,1.05816e+11,2.34093e+11,3.49371e+11,3.74231e+11,2.77867e+11,1.47392e+11,4.91032e+10,1.56147e+10
 0.931,3.02397e+10,9.85049e+10,2.24731e+11,3.38854e+11,3.64733e+11,2.71369e+11,1.43142e+11,4.62065e+10,1.32116e+10
 0.919,3.96083e+10,1.06098e+11,2.26378e+11,3.33997e+11,3.54756e+11,2.61885e+11,1.39382e+11,4.88085e+10,1.89455e+10
 0.904,3.35776e+10,9.75289e+10,2.15247e+11,3.21539e+11,3.44007e+11,2.54637e+11,1.34146e+11,4.46786e+10,1.51784e+10
 0.891,2.63182e+10,8.78640e+10,2.03768e+11,3.09698e+11,3.34104e+11,2.47683e+11,1.28912e+11,4.03635e+10,1.09533e+10
 0.877,2.59882e+10,8.72453e+10,2.00041e+11,3.01534e+11,3.22993e+11,2.38126e+11,1.23437e+11,3.79910e+10,9.49160e+09
 0.865,2.06545e+10,7.83163e+10,1.88400e+11,2.88903e+11,3.12810e+11,2.32384e+11,1.19975e+11,3.56551e+10,7.75870e+09
 0.852,1.75663e+10,7.09930e+10,1.76995e+11,2.75700e+11,3.01049e+11,2.24274e+11,1.15085e+11,3.37449e+10,7.34415e+09
 0.834,2.02713e+10,7.25781e+10,1.73129e+11,2.64973e+11,2.86038e+11,2.11681e+11,1.08856e+11,3.26607e+10,8.03950e+09
 0.822,1.98643e+10,7.09576e+10,1.68352e+11,2.56916e+11,2.76439e+11,2.03766e+11,1.04328e+11,3.09265e+10,7.26291e+09
 0.810,1.77710e+10,6.70104e+10,1.61166e+11,2.46775e+11,2.65816e+11,1.95864e+11,9.97232e+10,2.87163e+10,5.85225e+09
 0.792,1.24846e+10,5.68913e+10,1.46268e+11,2.29763e+11,2.50975e+11,1.85949e+11,9.35805e+10,2.56071e+10,4.04611e+09
 0.777,1.15686e+10,5.34027e+10,1.38390e+11,2.18878e+11,2.39841e+11,1.77268e+11,8.87972e+10,2.42957e+10,3.76874e+09
 0.765,1.04826e+10,5.08783e+10,1.32475e+11,2.09015e+11,2.28270e+11,1.68364e+11,8.41238e+10,2.25829e+10,2.98982e+09
 0.752,1.18454e+10,5.18604e+10,1.29695e+11,2.00424e+11,2.15717e+11,1.57999e+11,7.90028e+10,2.12589e+10,2.98781e+09
 0.739,1.06411e+10,4.74072e+10,1.20939e+11,1.88739e+11,2.04648e+11,1.50644e+11,7.51119e+10,2.01020e+10,3.06088e+09
 0.729,9.31500e+09,4.34096e+10,1.13897e+11,1.80852e+11,1.98122e+11,1.46078e+11,7.25615e+10,1.96218e+10,3.22310e+09
 0.714,9.24722e+09,4.27041e+10,1.10679e+11,1.76186e+11,1.93600e+11,1.42566e+11,7.16083e+10,2.05119e+10,3.61146e+09
 0.697,7.54685e+09,3.70408e+10,9.86759e+10,1.57432e+11,1.72449e+11,1.26798e+11,6.23844e+10,1.63933e+10,2.39573e+09
 0.677,7.33003e+09,3.48605e+10,9.18330e+10,1.47249e+11,1.61841e+11,1.18545e+11,5.86878e+10,1.63005e+10,2.71636e+09
 0.657,5.53229e+09,2.85311e+10,7.79739e+10,1.25528e+11,1.37846e+11,1.01078e+11,4.90645e+10,1.25384e+10,1.74564e+09
 0.642,5.02722e+09,2.60959e+10,7.15071e+10,1.15298e+11,1.26632e+11,9.27264e+10,4.48932e+10,1.14577e+10,1.58387e+09
 0.628,4.87496e+09,2.45612e+10,6.65466e+10,1.07453e+11,1.18108e+11,8.61845e+10,4.18540e+10,1.10386e+10,1.64262e+09
 0.617,4.17316e+09,2.20108e+10,6.06188e+10,9.79493e+10,1.07585e+11,7.86143e+10,3.79090e+10,9.64891e+09,1.30286e+09
 0.604,3.58392e+09,1.95970e+10,5.48407e+10,8.89480e+10,9.77054e+10,7.13167e+10,3.40432e+10,8.35737e+09,1.01405e+09
 0.591,3.55026e+09,1.86244e+10,5.12299e+10,8.30450e+10,9.12513e+10,6.64137e+10,3.19264e+10,8.20640e+09,1.12519e+09
 0.578,2.72126e+09,1.56301e+10,4.45083e+10,7.23280e+10,7.93841e+10,5.79280e+10,2.74052e+10,6.50058e+09,7.12203e+08
 0.565,2.63342e+09,1.45075e+10,4.08156e+10,6.63385e+10,7.28053e+10,5.29880e+10,2.51490e+10,6.15431e+09,7.65086e+08
 0.552,2.25185e+09,1.27970e+10,3.63098e+10,5.89354e+10,6.45869e+10,4.70816e+10,2.22904e+10,5.35415e+09,6.32300e+08
 0.537,1.74356e+09,1.05918e+10,3.07089e+10,4.98414e+10,5.45283e+10,3.98009e+10,1.86755e+10,4.27148e+09,4.37743e+08
 0.523,1.74783e+09,9.97243e+09,2.82358e+10,4.57524e+10,5.00506e+10,3.64335e+10,1.72824e+10,4.19048e+09,5.09154e+08
 0.506,1.51722e+09,8.64456e+09,2.44133e+10,3.95456e+10,4.32083e+10,3.14573e+10,1.49464e+10,3.65902e+09,4.55599e+08
 0.485,1.00633e+09,6.03047e+09,1.75500e+10,2.85466e+10,3.12063e+10,2.27507e+10,1.06817e+10,2.55042e+09,3.46570e+08
 0.465,6.92080e+08,4.37504e+09,1.30345e+10,2.12795e+10,2.32801e+10,1.70128e+10,7.95810e+09,1.89482e+09,2.84371e+08
 0.445,4.74706e+08,3.17527e+09,9.59051e+09,1.55927e+10,1.70116e+10,1.25201e+10,5.92573e+09,1.46464e+09,2.61092e+08
 0.426,3.77810e+08,2.41960e+09,7.13343e+09,1.13958e+10,1.23345e+10,9.20944e+09,4.56742e+09,1.31151e+09,3.13549e+08
 0.408,4.22204e+08,2.08427e+09,5.59230e+09,8.60771e+09,9.34453e+09,7.41765e+09,4.24854e+09,1.71698e+09,5.58682e+08
 0.387,4.86698e+08,1.77681e+09,4.18071e+09,6.17628e+09,7.26393e+09,6.85600e+09,4.98450e+09,2.75397e+09,9.81664e+08
 0.362,3.57473e+08,1.21197e+09,2.67718e+09,3.89818e+09,4.96516e+09,5.21397e+09,4.18481e+09,2.50354e+09,8.70761e+08
 0.337,2.06444e+08,7.21950e+08,1.58638e+09,2.30662e+09,2.87378e+09,2.95558e+09,2.33158e+09,1.38145e+09,4.82952e+08
 0.312,1.07460e+08,3.90431e+08,8.76392e+08,1.30294e+09,1.64611e+09,1.72754e+09,1.39286e+09,8.60661e+08,3.24219e+08
 0.287,4.29488e+07,1.86387e+08,4.53923e+08,7.10928e+08,8.32671e+08,7.28955e+08,4.92472e+08,2.57730e+08,9.27056e+07
 0.268,2.02759e+07,9.61417e+07,2.39705e+08,3.81176e+08,4.35584e+08,3.45191e+08,2.03632e+08,8.56937e+07,2.44620e+07
