#Lambda(microns),,Phi=0.1050,Phi=0.2000,Phi=0.3000,Phi=0.3950,Phi=0.5000,Phi=0.6050,Phi=0.7000,Phi=0.8000,Phi=0.8950
227.531,7.31392e+07,1.05564e+08,1.50845e+08,1.90580e+08,2.09964e+08,1.90413e+08,1.50421e+08,1.04952e+08,7.26568e+07
138.793,1.71239e+08,2.59049e+08,3.81139e+08,4.87712e+08,5.38804e+08,4.87274e+08,3.80053e+08,2.57465e+08,1.69973e+08
97.752,3.26353e+08,5.00959e+08,7.44085e+08,9.56016e+08,1.05636e+09,9.55163e+08,7.42013e+08,4.97961e+08,3.23961e+08
73.692,5.41192e+08,8.52389e+08,1.28297e+09,1.65521e+09,1.82879e+09,1.65380e+09,1.27954e+09,8.47396e+08,5.37171e+08
53.879,9.84334e+08,1.56823e+09,2.37369e+09,3.06681e+09,3.38739e+09,3.06436e+09,2.36766e+09,1.55941e+09,9.77216e+08
42.212,1.54712e+09,2.49615e+09,3.79771e+09,4.91082e+09,5.42247e+09,4.90716e+09,3.78847e+09,2.48252e+09,1.53605e+09
35.753,2.13734e+09,3.46205e+09,5.27256e+09,6.81654e+09,7.52552e+09,6.81167e+09,5.26003e+09,3.44347e+09,2.12225e+09
29.700,3.02029e+09,4.90495e+09,7.49437e+09,9.71399e+09,1.07383e+10,9.70668e+09,7.47585e+09,4.87777e+09,2.99838e+09
24.839,4.17081e+09,6.81063e+09,1.04576e+10,1.35968e+10,1.50494e+10,1.35862e+10,1.04314e+10,6.77287e+09,4.14060e+09
21.395,5.39215e+09,8.94067e+09,1.38406e+10,1.80565e+10,2.00067e+10,1.80425e+10,1.38058e+10,8.89046e+09,5.35194e+09
19.382,6.56235e+09,1.09797e+10,1.71005e+10,2.24287e+10,2.49536e+10,2.24118e+10,1.70589e+10,1.09202e+10,6.51511e+09
18.180,7.39584e+09,1.23616e+10,1.92542e+10,2.52573e+10,2.80968e+10,2.52384e+10,1.92081e+10,1.22963e+10,7.34421e+09
16.978,8.39585e+09,1.40062e+10,2.18139e+10,2.86275e+10,3.18519e+10,2.86058e+10,2.17614e+10,1.39324e+10,8.33791e+09
15.777,9.67423e+09,1.60251e+10,2.49112e+10,3.27026e+10,3.63992e+10,3.26776e+10,2.48518e+10,1.59430e+10,9.61037e+09
14.575,1.11302e+10,1.84341e+10,2.86977e+10,3.77284e+10,4.20209e+10,3.76991e+10,2.86295e+10,1.83416e+10,1.10587e+10
13.588,1.28927e+10,2.10397e+10,3.25663e+10,4.27675e+10,4.76431e+10,4.27332e+10,3.24868e+10,2.09329e+10,1.28111e+10
12.787,1.46436e+10,2.35728e+10,3.62929e+10,4.76184e+10,5.30633e+10,4.75786e+10,3.62012e+10,2.34506e+10,1.45510e+10
11.986,1.66708e+10,2.65476e+10,4.07031e+10,5.33797e+10,5.95122e+10,5.33331e+10,4.05964e+10,2.64068e+10,1.65647e+10
11.292,1.86847e+10,2.95014e+10,4.50969e+10,5.91480e+10,6.59849e+10,5.90933e+10,4.49725e+10,2.93387e+10,1.85625e+10
10.692,1.93957e+10,3.16168e+10,4.91017e+10,6.47785e+10,7.23963e+10,6.47128e+10,4.89468e+10,3.14057e+10,1.92354e+10
10.091,2.16904e+10,3.49086e+10,5.40491e+10,7.13936e+10,7.98746e+10,7.13194e+10,5.38816e+10,3.46899e+10,2.15256e+10
 9.648,2.26609e+10,3.71964e+10,5.81550e+10,7.70961e+10,8.63253e+10,7.70152e+10,5.79701e+10,3.69525e+10,2.24738e+10
 9.348,2.21904e+10,3.82491e+10,6.10977e+10,8.15177e+10,9.13624e+10,8.14342e+10,6.09032e+10,3.79857e+10,2.19830e+10
 8.995,2.14698e+10,3.95250e+10,6.48304e+10,8.71612e+10,9.77955e+10,8.70733e+10,6.46215e+10,3.92365e+10,2.12355e+10
 8.673,2.06384e+10,4.08139e+10,6.87394e+10,9.30671e+10,1.04502e+11,9.29782e+10,6.85267e+10,4.05200e+10,2.03983e+10
 8.345,2.00552e+10,4.22348e+10,7.28233e+10,9.92945e+10,1.11626e+11,9.92035e+10,7.26103e+10,4.19459e+10,1.98227e+10
 8.074,2.02371e+10,4.39454e+10,7.66388e+10,1.04900e+11,1.18044e+11,1.04804e+11,7.64182e+10,4.36490e+10,2.00004e+10
 7.904,2.00850e+10,4.47664e+10,7.88720e+10,1.08361e+11,1.22054e+11,1.08262e+11,7.86506e+10,4.44760e+10,1.98567e+10
 7.714,2.01086e+10,4.57977e+10,8.13756e+10,1.12174e+11,1.26472e+11,1.12069e+11,8.11437e+10,4.54976e+10,1.98747e+10
 7.498,2.09691e+10,4.73364e+10,8.41625e+10,1.16260e+11,1.31210e+11,1.16147e+11,8.39150e+10,4.70158e+10,2.07189e+10
 7.284,2.16370e+10,4.93714e+10,8.81442e+10,1.21954e+11,1.37701e+11,1.21838e+11,8.78899e+10,4.90428e+10,2.13809e+10
 7.094,2.34985e+10,5.21138e+10,9.22858e+10,1.27492e+11,1.43971e+11,1.27374e+11,9.20234e+10,5.17654e+10,2.32220e+10
 6.873,2.51131e+10,5.50857e+10,9.72968e+10,1.34404e+11,1.51817e+11,1.34285e+11,9.70295e+10,5.47239e+10,2.48230e+10
 6.664,2.56172e+10,5.71257e+10,1.01661e+11,1.40885e+11,1.59289e+11,1.40763e+11,1.01393e+11,5.67647e+10,2.53305e+10
 6.515,2.52438e+10,5.76291e+10,1.03641e+11,1.44328e+11,1.63451e+11,1.44184e+11,1.03334e+11,5.72267e+10,2.49262e+10
 6.297,2.78843e+10,6.04971e+10,1.07455e+11,1.49571e+11,1.69617e+11,1.49371e+11,1.07037e+11,5.99599e+10,2.74635e+10
 6.064,2.86864e+10,6.36035e+10,1.13972e+11,1.59167e+11,1.80673e+11,1.58965e+11,1.13554e+11,6.30687e+10,2.82692e+10
 5.899,2.88693e+10,6.58459e+10,1.19198e+11,1.66999e+11,1.89700e+11,1.66805e+11,1.18801e+11,6.53416e+10,2.84790e+10
 5.759,3.02554e+10,6.86405e+10,1.24114e+11,1.73891e+11,1.97580e+11,1.73693e+11,1.23710e+11,6.81261e+10,2.98584e+10
 5.572,3.21008e+10,7.26574e+10,1.31312e+11,1.84024e+11,2.09194e+11,1.83821e+11,1.30895e+11,7.21275e+10,3.16922e+10
 5.379,3.46114e+10,7.70559e+10,1.38801e+11,1.94560e+11,2.21324e+11,1.94348e+11,1.38371e+11,7.65175e+10,3.42030e+10
 5.265,3.61840e+10,7.97478e+10,1.43410e+11,2.01130e+11,2.28962e+11,2.00907e+11,1.42965e+11,7.91972e+10,3.57710e+10
 5.149,3.74618e+10,8.24104e+10,1.48403e+11,2.08426e+11,2.37450e+11,2.08197e+11,1.47954e+11,8.18682e+10,3.70629e+10
 5.000,3.88517e+10,8.54373e+10,1.54437e+11,2.17548e+11,2.48159e+11,2.17309e+11,1.53990e+11,8.49245e+10,3.84888e+10
 4.882,3.94272e+10,8.74822e+10,1.59068e+11,2.24763e+11,2.56648e+11,2.24510e+11,1.58617e+11,8.69882e+10,3.90889e+10
 4.827,3.97531e+10,8.85847e+10,1.61321e+11,2.27991e+11,2.60248e+11,2.27726e+11,1.60851e+11,8.80725e+10,3.94035e+10
 4.796,3.98100e+10,8.93403e+10,1.63175e+11,2.30933e+11,2.63769e+11,2.30672e+11,1.62715e+11,8.88435e+10,3.94733e+10
 4.750,4.03700e+10,9.04837e+10,1.65276e+11,2.33906e+11,2.67103e+11,2.33638e+11,1.64807e+11,8.99818e+10,4.00314e+10
 4.700,4.14246e+10,9.23942e+10,1.68358e+11,2.37922e+11,2.71430e+11,2.37647e+11,1.67877e+11,9.18773e+10,4.10755e+10
 4.662,4.20811e+10,9.34812e+10,1.70231e+11,2.40716e+11,2.74843e+11,2.40440e+11,1.69743e+11,9.29515e+10,4.17212e+10
 4.605,4.09550e+10,9.37896e+10,1.72720e+11,2.45137e+11,2.80107e+11,2.44865e+11,1.72254e+11,9.33028e+10,4.06324e+10
 4.504,4.10402e+10,9.51036e+10,1.76404e+11,2.51489e+11,2.88011e+11,2.51206e+11,1.75926e+11,9.46104e+10,4.07169e+10
 4.395,4.13565e+10,9.57810e+10,1.78413e+11,2.55402e+11,2.93169e+11,2.55080e+11,1.77869e+11,9.52181e+10,4.09865e+10
 4.301,4.11154e+10,9.48712e+10,1.77464e+11,2.54771e+11,2.92439e+11,2.54387e+11,1.76818e+11,9.42080e+10,4.06830e+10
 4.202,4.58869e+10,9.90273e+10,1.81346e+11,2.58907e+11,2.96882e+11,2.58431e+11,1.80509e+11,9.81203e+10,4.52664e+10
 4.074,5.02864e+10,1.04596e+11,1.88464e+11,2.67559e+11,3.06348e+11,2.66949e+11,1.87349e+11,1.03326e+11,4.93750e+10
 3.949,4.86268e+10,1.05942e+11,1.93033e+11,2.74444e+11,3.14001e+11,2.73642e+11,1.91554e+11,1.04230e+11,4.73542e+10
 3.849,4.57490e+10,1.06258e+11,1.97791e+11,2.83058e+11,3.24369e+11,2.82226e+11,1.96267e+11,1.04506e+11,4.44450e+10
 3.749,4.19832e+10,1.06107e+11,2.03270e+11,2.93664e+11,3.37471e+11,2.92901e+11,2.01873e+11,1.04523e+11,4.08269e+10
 3.662,3.90893e+10,1.06290e+11,2.08720e+11,3.04106e+11,3.50414e+11,3.03430e+11,2.07493e+11,1.04941e+11,3.81447e+10
 3.587,3.73066e+10,1.06912e+11,2.13632e+11,3.13198e+11,3.61595e+11,3.12569e+11,2.12517e+11,1.05728e+11,3.65140e+10
 3.513,3.68423e+10,1.08728e+11,2.19369e+11,3.22837e+11,3.73268e+11,3.22253e+11,2.18347e+11,1.07661e+11,3.61425e+10
 3.438,3.71341e+10,1.11448e+11,2.26023e+11,3.33404e+11,3.85945e+11,3.32857e+11,2.25066e+11,1.10455e+11,3.64843e+10
 3.363,3.73015e+10,1.14153e+11,2.32932e+11,3.44494e+11,3.99247e+11,3.43989e+11,2.32061e+11,1.13264e+11,3.67299e+10
 3.308,3.83371e+10,1.17362e+11,2.39267e+11,3.53795e+11,4.10137e+11,3.53321e+11,2.38441e+11,1.16506e+11,3.77773e+10
 3.269,3.94980e+10,1.19903e+11,2.43683e+11,3.59939e+11,4.17173e+11,3.59470e+11,2.42851e+11,1.19022e+11,3.89079e+10
 3.231,3.94651e+10,1.21544e+11,2.47959e+11,3.66692e+11,4.25133e+11,3.66257e+11,2.47201e+11,1.20757e+11,3.89467e+10
 3.193,3.98273e+10,1.23319e+11,2.51938e+11,3.72721e+11,4.32126e+11,3.72297e+11,2.51208e+11,1.22569e+11,3.93384e+10
 3.156,4.05293e+10,1.25261e+11,2.55848e+11,3.78568e+11,4.38960e+11,3.78160e+11,2.55147e+11,1.24535e+11,4.00521e+10
 3.118,4.18039e+10,1.27702e+11,2.60045e+11,3.84474e+11,4.45736e+11,3.84070e+11,2.59344e+11,1.26964e+11,4.13069e+10
 3.085,4.33518e+10,1.30318e+11,2.64286e+11,3.90296e+11,4.52332e+11,3.89906e+11,2.63607e+11,1.29589e+11,4.28481e+10
 3.055,4.47803e+10,1.32025e+11,2.66858e+11,3.94016e+11,4.56746e+11,3.93627e+11,2.66179e+11,1.31287e+11,4.42623e+10
 3.014,4.65348e+10,1.34465e+11,2.70909e+11,3.99959e+11,4.63737e+11,3.99584e+11,2.70263e+11,1.33763e+11,4.60469e+10
 2.965,4.66917e+10,1.36302e+11,2.75641e+11,4.07492e+11,4.72616e+11,4.07124e+11,2.75025e+11,1.35652e+11,4.62535e+10
 2.909,4.60642e+10,1.36810e+11,2.78650e+11,4.13271e+11,4.79834e+11,4.12890e+11,2.78024e+11,1.36165e+11,4.56381e+10
 2.847,4.55524e+10,1.38405e+11,2.83829e+11,4.22038e+11,4.90429e+11,4.21649e+11,2.83200e+11,1.37765e+11,4.51327e+10
 2.787,4.47631e+10,1.38732e+11,2.86802e+11,4.28034e+11,4.98011e+11,4.27620e+11,2.86147e+11,1.38080e+11,4.43441e+10
 2.730,4.41925e+10,1.38939e+11,2.89295e+11,4.33174e+11,5.04477e+11,4.32720e+11,2.88598e+11,1.38269e+11,4.37743e+10
 2.676,4.30243e+10,1.37827e+11,2.89860e+11,4.36442e+11,5.09509e+11,4.35933e+11,2.89086e+11,1.37091e+11,4.25693e+10
 2.623,4.44190e+10,1.41784e+11,2.97691e+11,4.48200e+11,5.23505e+11,4.47699e+11,2.96917e+11,1.41035e+11,4.39452e+10
 2.574,4.45296e+10,1.45338e+11,3.06254e+11,4.61363e+11,5.39002e+11,4.60887e+11,3.05530e+11,1.44653e+11,4.41051e+10
 2.527,4.53584e+10,1.47824e+11,3.11709e+11,4.69955e+11,5.49308e+11,4.69457e+11,3.10954e+11,1.47110e+11,4.49184e+10
 2.482,4.49553e+10,1.46951e+11,3.11363e+11,4.70792e+11,5.50836e+11,4.70188e+11,3.10441e+11,1.46074e+11,4.44080e+10
 2.437,4.38401e+10,1.45519e+11,3.10719e+11,4.71674e+11,5.52749e+11,4.70913e+11,3.09565e+11,1.44442e+11,4.31837e+10
 2.394,4.19476e+10,1.41794e+11,3.05816e+11,4.66195e+11,5.46623e+11,4.65195e+11,3.04347e+11,1.40483e+11,4.11958e+10
 2.354,4.01256e+10,1.37894e+11,3.00225e+11,4.59185e+11,5.38257e+11,4.57976e+11,2.98496e+11,1.36409e+11,3.93157e+10
 2.314,3.97078e+10,1.36790e+11,2.98930e+11,4.57924e+11,5.36713e+11,4.56547e+11,2.96982e+11,1.35135e+11,3.88131e+10
 2.276,3.80223e+10,1.31612e+11,2.90076e+11,4.46233e+11,5.23468e+11,4.44613e+11,2.87772e+11,1.29654e+11,3.69681e+10
 2.240,3.87526e+10,1.32664e+11,2.92517e+11,4.50775e+11,5.29357e+11,4.49210e+11,2.90237e+11,1.30662e+11,3.76280e+10
 2.209,3.95089e+10,1.34973e+11,2.97778e+11,4.59491e+11,5.40209e+11,4.58080e+11,2.95661e+11,1.33055e+11,3.83953e+10
 2.183,4.33841e+10,1.39070e+11,3.02825e+11,4.66345e+11,5.48543e+11,4.65044e+11,3.00817e+11,1.37160e+11,4.22021e+10
 2.163,4.56531e+10,1.41448e+11,3.06039e+11,4.70958e+11,5.54189e+11,4.69714e+11,3.04100e+11,1.39578e+11,4.44842e+10
 2.148,4.73921e+10,1.43525e+11,3.09230e+11,4.75724e+11,5.60087e+11,4.74577e+11,3.07435e+11,1.41788e+11,4.63088e+10
 2.137,4.85647e+10,1.44926e+11,3.11319e+11,4.78778e+11,5.63823e+11,4.77675e+11,3.09585e+11,1.43242e+11,4.75151e+10
 2.129,4.87512e+10,1.45550e+11,3.12853e+11,4.81363e+11,5.67067e+11,4.80315e+11,3.11216e+11,1.43972e+11,4.77755e+10
 2.114,4.92686e+10,1.45998e+11,3.13818e+11,4.83131e+11,5.69314e+11,4.82102e+11,3.12236e+11,1.44504e+11,4.83650e+10
 2.091,4.94893e+10,1.47182e+11,3.16974e+11,4.88497e+11,5.75961e+11,4.87555e+11,3.15555e+11,1.45874e+11,4.87175e+10
 2.070,4.86971e+10,1.47291e+11,3.18779e+11,4.92018e+11,5.80328e+11,4.91115e+11,3.17453e+11,1.46103e+11,4.80170e+10
 2.050,4.71904e+10,1.46580e+11,3.19490e+11,4.94043e+11,5.82896e+11,4.93156e+11,3.18218e+11,1.45472e+11,4.65739e+10
 2.030,4.55574e+10,1.45924e+11,3.20448e+11,4.96464e+11,5.85916e+11,4.95593e+11,3.19223e+11,1.44883e+11,4.49927e+10
 2.010,4.35539e+10,1.44697e+11,3.20672e+11,4.98066e+11,5.88087e+11,4.97210e+11,3.19493e+11,1.43720e+11,4.30388e+10
 1.982,4.15813e+10,1.42643e+11,3.19237e+11,4.97389e+11,5.87596e+11,4.96481e+11,3.18007e+11,1.41647e+11,4.10702e+10
 1.947,4.00317e+10,1.41286e+11,3.19134e+11,4.99063e+11,5.90288e+11,4.98140e+11,3.17884e+11,1.40276e+11,3.95157e+10
 1.916,4.07664e+10,1.42478e+11,3.21655e+11,5.03529e+11,5.96066e+11,5.02628e+11,3.20418e+11,1.41460e+11,4.02335e+10
 1.889,4.03812e+10,1.42997e+11,3.23820e+11,5.07445e+11,6.00881e+11,5.06560e+11,3.22622e+11,1.42028e+11,3.98841e+10
 1.863,3.95116e+10,1.44030e+11,3.27665e+11,5.13999e+11,6.08836e+11,5.13180e+11,3.26572e+11,1.43163e+11,3.90749e+10
 1.837,3.86883e+10,1.41600e+11,3.24046e+11,5.09835e+11,6.04331e+11,5.08915e+11,3.22819e+11,1.40624e+11,3.81952e+10
 1.812,3.80192e+10,1.40227e+11,3.22407e+11,5.08301e+11,6.02791e+11,5.07317e+11,3.21102e+11,1.39198e+11,3.75026e+10
 1.788,3.76257e+10,1.38633e+11,3.19658e+11,5.04783e+11,5.98804e+11,5.03675e+11,3.18179e+11,1.37452e+11,3.70197e+10
 1.766,3.73311e+10,1.36384e+11,3.15162e+11,4.98426e+11,5.91345e+11,4.97141e+11,3.13440e+11,1.34998e+11,3.66091e+10
 1.740,3.70900e+10,1.33474e+11,3.08748e+11,4.88884e+11,5.79956e+11,4.87304e+11,3.06625e+11,1.31749e+11,3.61726e+10
 1.713,3.78767e+10,1.32204e+11,3.04418e+11,4.81834e+11,5.71342e+11,4.79945e+11,3.01838e+11,1.30049e+11,3.66825e+10
 1.692,3.82074e+10,1.31280e+11,3.01369e+11,4.76807e+11,5.65075e+11,4.74624e+11,2.98377e+11,1.28758e+11,3.67828e+10
 1.675,3.76091e+10,1.30394e+11,3.00230e+11,4.75487e+11,5.63605e+11,4.73276e+11,2.97199e+11,1.27839e+11,3.61624e+10
 1.660,3.93692e+10,1.31647e+11,3.01895e+11,4.78384e+11,5.67457e+11,4.76299e+11,2.99023e+11,1.29216e+11,3.79994e+10
 1.646,3.92554e+10,1.32172e+11,3.04097e+11,4.82717e+11,5.73121e+11,4.80808e+11,3.01452e+11,1.29916e+11,3.79740e+10
 1.627,3.81084e+10,1.31765e+11,3.05587e+11,4.86508e+11,5.78308e+11,4.84787e+11,3.03191e+11,1.29716e+11,3.69438e+10
 1.604,4.07491e+10,1.33265e+11,3.07599e+11,4.90378e+11,5.83602e+11,4.88851e+11,3.05503e+11,1.31526e+11,3.98127e+10
 1.584,4.08391e+10,1.33076e+11,3.08239e+11,4.92569e+11,5.86835e+11,4.91164e+11,3.06357e+11,1.31583e+11,4.00867e+10
 1.567,3.88209e+10,1.31519e+11,3.07815e+11,4.93381e+11,5.88298e+11,4.92079e+11,3.06090e+11,1.30178e+11,3.81649e+10
 1.552,3.71417e+10,1.30570e+11,3.08255e+11,4.95359e+11,5.91107e+11,4.94142e+11,3.06665e+11,1.29356e+11,3.65625e+10
 1.538,3.54416e+10,1.29507e+11,3.08387e+11,4.96768e+11,5.93155e+11,4.95616e+11,3.06904e+11,1.28399e+11,3.49275e+10
 1.523,3.40961e+10,1.28683e+11,3.08606e+11,4.98196e+11,5.95187e+11,4.97087e+11,3.07192e+11,1.27644e+11,3.36253e+10
 1.506,3.29171e+10,1.28053e+11,3.09015e+11,4.99841e+11,5.97493e+11,4.98782e+11,3.07683e+11,1.27093e+11,3.24940e+10
 1.488,3.20811e+10,1.28079e+11,3.10456e+11,5.02941e+11,6.01562e+11,5.01958e+11,3.09231e+11,1.27211e+11,3.17078e+10
 1.471,3.14164e+10,1.27487e+11,3.10306e+11,5.03553e+11,6.02582e+11,5.02595e+11,3.09123e+11,1.26659e+11,3.10676e+10
 1.452,3.04551e+10,1.25856e+11,3.08136e+11,5.01127e+11,5.99870e+11,5.00141e+11,3.06933e+11,1.25029e+11,3.01166e+10
 1.434,2.96645e+10,1.25070e+11,3.07613e+11,5.01103e+11,6.00069e+11,5.00157e+11,3.06479e+11,1.24314e+11,2.93690e+10
 1.416,2.90661e+10,1.23916e+11,3.06068e+11,4.99583e+11,5.98548e+11,4.98626e+11,3.04922e+11,1.23155e+11,2.87705e+10
 1.400,2.81043e+10,1.21313e+11,3.01785e+11,4.94165e+11,5.92358e+11,4.93111e+11,3.00521e+11,1.20468e+11,2.77732e+10
 1.386,2.73428e+10,1.19217e+11,2.98294e+11,4.89712e+11,5.87283e+11,4.88598e+11,2.96963e+11,1.18333e+11,2.70002e+10
 1.374,2.68768e+10,1.17924e+11,2.96225e+11,4.87247e+11,5.84595e+11,4.86134e+11,2.94908e+11,1.17061e+11,2.65510e+10
 1.358,2.67977e+10,1.17707e+11,2.95778e+11,4.86837e+11,5.84202e+11,4.85682e+11,2.94417e+11,1.16822e+11,2.64690e+10
 1.339,2.68865e+10,1.15915e+11,2.91663e+11,4.81261e+11,5.77851e+11,4.79904e+11,2.90046e+11,1.14833e+11,2.64667e+10
 1.318,3.24648e+10,1.13118e+11,2.78176e+11,4.60492e+11,5.53457e+11,4.58140e+11,2.75263e+11,1.10968e+11,3.14768e+10
 1.296,3.62178e+10,1.14759e+11,2.77398e+11,4.58500e+11,5.51207e+11,4.56116e+11,2.74435e+11,1.12535e+11,3.51652e+10
 1.276,3.85408e+10,1.15966e+11,2.77261e+11,4.57525e+11,5.50075e+11,4.55275e+11,2.74445e+11,1.13831e+11,3.75151e+10
 1.259,3.59618e+10,1.13943e+11,2.76233e+11,4.56983e+11,5.49557e+11,4.55022e+11,2.73783e+11,1.12121e+11,3.51147e+10
 1.241,3.31932e+10,1.10165e+11,2.71149e+11,4.50977e+11,5.43005e+11,4.48962e+11,2.68647e+11,1.08330e+11,3.23596e+10
 1.224,2.98539e+10,1.05752e+11,2.65187e+11,4.43685e+11,5.34892e+11,4.41645e+11,2.62685e+11,1.03958e+11,2.90679e+10
 1.206,2.62634e+10,1.02987e+11,2.63409e+11,4.42327e+11,5.33661e+11,4.40592e+11,2.61310e+11,1.01532e+11,2.56555e+10
 1.189,2.31607e+10,9.97723e+10,2.59761e+11,4.37853e+11,5.28631e+11,4.36291e+11,2.57912e+11,9.85382e+10,2.26733e+10
 1.169,2.12524e+10,9.71401e+10,2.55862e+11,4.32649e+11,5.22673e+11,4.31110e+11,2.54032e+11,9.59126e+10,2.07729e+10
 1.148,2.11172e+10,9.60189e+10,2.53044e+11,4.28372e+11,5.17867e+11,4.26892e+11,2.51259e+11,9.48015e+10,2.06331e+10
 1.126,2.10164e+10,9.47555e+10,2.49389e+11,4.22551e+11,5.11273e+11,4.21116e+11,2.47667e+11,9.35854e+10,2.05502e+10
 1.102,2.14526e+10,9.26113e+10,2.43253e+11,4.12922e+11,4.99953e+11,4.11467e+11,2.41510e+11,9.14196e+10,2.09666e+10
 1.080,2.34768e+10,9.00386e+10,2.34559e+11,3.99349e+11,4.83874e+11,3.97700e+11,2.32610e+11,8.87147e+10,2.29425e+10
 1.061,2.16360e+10,8.81401e+10,2.31887e+11,3.95158e+11,4.78952e+11,3.93865e+11,2.30413e+11,8.72152e+10,2.13098e+10
 1.040,2.13652e+10,8.74316e+10,2.29241e+11,3.90199e+11,4.73138e+11,3.89007e+11,2.27823e+11,8.64709e+10,2.09710e+10
 1.016,1.94393e+10,8.47855e+10,2.24137e+11,3.82025e+11,4.63593e+11,3.80989e+11,2.22903e+11,8.39531e+10,1.90991e+10
 0.996,1.77432e+10,8.17540e+10,2.18356e+11,3.73234e+11,4.53321e+11,3.72292e+11,2.17256e+11,8.10400e+10,1.74709e+10
 0.980,1.63190e+10,7.72875e+10,2.08797e+11,3.58298e+11,4.35203e+11,3.57391e+11,2.07750e+11,7.66246e+10,1.60747e+10
 0.963,1.48752e+10,7.32422e+10,2.00533e+11,3.45702e+11,4.20151e+11,3.44820e+11,1.99541e+11,7.26463e+10,1.46753e+10
 0.944,1.53301e+10,7.36927e+10,1.99056e+11,3.41617e+11,4.15305e+11,3.40912e+11,1.98245e+11,7.31856e+10,1.51441e+10
 0.931,1.52065e+10,7.29750e+10,1.96352e+11,3.36486e+11,4.09077e+11,3.35853e+11,1.95629e+11,7.25276e+10,1.50447e+10
 0.919,1.38363e+10,6.79682e+10,1.86239e+11,3.21586e+11,3.91189e+11,3.20784e+11,1.85308e+11,6.73762e+10,1.36166e+10
 0.904,1.40540e+10,6.82271e+10,1.85062e+11,3.18480e+11,3.87624e+11,3.17809e+11,1.84289e+11,6.77427e+10,1.38774e+10
 0.891,1.48081e+10,6.97825e+10,1.85851e+11,3.17580e+11,3.86253e+11,3.17033e+11,1.85234e+11,6.94108e+10,1.46794e+10
 0.877,1.21518e+10,6.18454e+10,1.71107e+11,2.96579e+11,3.61266e+11,2.95969e+11,1.70435e+11,6.14609e+10,1.20330e+10
 0.865,1.29677e+10,6.32748e+10,1.71502e+11,2.95195e+11,3.59577e+11,2.94715e+11,1.70973e+11,6.29718e+10,1.28718e+10
 0.852,1.44161e+10,6.62976e+10,1.74133e+11,2.96276e+11,3.60498e+11,2.95893e+11,1.73705e+11,6.60463e+10,1.43315e+10
 0.834,1.14305e+10,5.71366e+10,1.56479e+11,2.70383e+11,3.29440e+11,2.69911e+11,1.55961e+11,5.68445e+10,1.13438e+10
 0.822,1.03224e+10,5.34772e+10,1.48800e+11,2.58492e+11,3.15006e+11,2.58009e+11,1.48274e+11,5.31886e+10,1.02428e+10
 0.810,9.75316e+09,5.10802e+10,1.42881e+11,2.48823e+11,3.03439e+11,2.48368e+11,1.42390e+11,5.08168e+10,9.68405e+09
 0.792,1.16509e+10,5.51724e+10,1.46787e+11,2.51234e+11,3.06199e+11,2.50923e+11,1.46453e+11,5.49944e+10,1.16034e+10
 0.777,1.26679e+10,5.70980e+10,1.47511e+11,2.49389e+11,3.03287e+11,2.49129e+11,1.47232e+11,5.69490e+10,1.26278e+10
 0.765,1.09846e+10,5.12809e+10,1.35526e+11,2.31110e+11,2.81098e+11,2.30830e+11,1.35229e+11,5.11277e+10,1.09462e+10
 0.752,7.39365e+09,4.02923e+10,1.15289e+11,2.02541e+11,2.47179e+11,2.02160e+11,1.14890e+11,4.00901e+10,7.34709e+09
 0.739,7.91110e+09,4.08879e+10,1.14162e+11,1.99090e+11,2.43130e+11,1.98782e+11,1.13835e+11,4.07190e+10,7.86981e+09
 0.729,1.02868e+10,4.69922e+10,1.22625e+11,2.08361e+11,2.53693e+11,2.08144e+11,1.22390e+11,4.68663e+10,1.02524e+10
 0.714,1.22971e+10,5.19097e+10,1.28423e+11,2.12672e+11,2.57217e+11,2.12503e+11,1.28238e+11,5.18077e+10,1.22676e+10
 0.697,9.01443e+09,4.16133e+10,1.08876e+11,1.85247e+11,2.25801e+11,1.85063e+11,1.08677e+11,4.15066e+10,8.98527e+09
 0.677,1.05878e+10,4.49462e+10,1.11251e+11,1.84481e+11,2.23568e+11,1.84348e+11,1.11105e+11,4.48642e+10,1.05632e+10
 0.657,7.42961e+09,3.39205e+10,8.87631e+10,1.51278e+11,1.84488e+11,1.51137e+11,8.86115e+10,3.38412e+10,7.40846e+09
 0.642,6.98818e+09,3.17319e+10,8.27293e+10,1.40772e+11,1.71616e+11,1.40646e+11,8.25938e+10,3.16610e+10,6.96925e+09
 0.628,7.36166e+09,3.19981e+10,8.09527e+10,1.35840e+11,1.65090e+11,1.35737e+11,8.08404e+10,3.19379e+10,7.34474e+09
 0.617,6.09703e+09,2.74251e+10,7.12176e+10,1.20943e+11,1.47281e+11,1.20838e+11,7.11049e+10,2.73667e+10,6.08156e+09
 0.604,5.34246e+09,2.45422e+10,6.45944e+10,1.10466e+11,1.34859e+11,1.10368e+11,6.44894e+10,2.44881e+10,5.32834e+09
 0.591,5.59064e+09,2.46497e+10,6.29974e+10,1.06210e+11,1.29195e+11,1.06128e+11,6.29093e+10,2.46031e+10,5.57774e+09
 0.578,4.03387e+09,1.91523e+10,5.15825e+10,8.90946e+10,1.08932e+11,8.90095e+10,5.14918e+10,1.91066e+10,4.02239e+09
 0.565,4.06701e+09,1.86800e+10,4.91601e+10,8.40524e+10,1.02580e+11,8.39801e+10,4.90824e+10,1.86400e+10,4.05649e+09
 0.552,3.33758e+09,1.58186e+10,4.25123e+10,7.33256e+10,8.95848e+10,7.32563e+10,4.24384e+10,1.57812e+10,3.32815e+09
 0.537,2.37543e+09,1.20853e+10,3.40417e+10,5.98277e+10,7.32505e+10,5.97604e+10,3.39708e+10,1.20508e+10,2.36745e+09
 0.523,2.44630e+09,1.18039e+10,3.21224e+10,5.55593e+10,6.77613e+10,5.55015e+10,3.20611e+10,1.17736e+10,2.43901e+09
 0.506,2.12454e+09,1.03254e+10,2.80602e+10,4.85196e+10,5.92324e+10,4.84702e+10,2.80076e+10,1.02990e+10,2.11808e+09
 0.485,1.45129e+09,7.25983e+09,2.02980e+10,3.55412e+10,4.34440e+10,3.55035e+10,2.02580e+10,7.24037e+09,1.44669e+09
 0.465,9.98512e+08,5.15959e+09,1.48197e+10,2.62000e+10,3.20289e+10,2.61702e+10,1.47882e+10,5.14472e+09,9.95132e+08
 0.445,5.98610e+08,3.35846e+09,1.01697e+10,1.82682e+10,2.23041e+10,1.82431e+10,1.01438e+10,3.34704e+09,5.96466e+08
 0.426,3.49542e+08,2.14005e+09,6.83599e+09,1.24150e+10,1.50746e+10,1.23938e+10,6.81539e+09,2.13297e+09,3.49525e+08
 0.408,3.42950e+08,1.73694e+09,5.15157e+09,9.04050e+09,1.07953e+10,9.02826e+09,5.14324e+09,1.74008e+09,3.48084e+08
 0.387,6.19714e+08,2.07820e+09,4.62587e+09,7.09592e+09,8.09668e+09,7.13293e+09,4.67614e+09,2.12496e+09,6.42282e+08
 0.362,6.22239e+08,1.86055e+09,3.59211e+09,5.04436e+09,5.58571e+09,5.09489e+09,3.65433e+09,1.91117e+09,6.42977e+08
 0.337,3.41282e+08,1.04909e+09,2.08280e+09,3.01470e+09,3.40280e+09,3.02626e+09,2.09727e+09,1.06128e+09,3.46353e+08
 0.312,1.80460e+08,5.66222e+08,1.15539e+09,1.72218e+09,1.98743e+09,1.72832e+09,1.16317e+09,5.72906e+08,1.83495e+08
 0.287,5.77619e+07,2.25679e+08,5.30033e+08,8.54781e+08,1.02499e+09,8.54783e+08,5.30155e+08,2.25977e+08,5.79917e+07
 0.268,2.55554e+07,1.10748e+08,2.68451e+08,4.36135e+08,5.24792e+08,4.35836e+08,2.68116e+08,1.10545e+08,2.54917e+07
