#Lambda(microns),,Phi=0.1050,Phi=0.2000,Phi=0.3000,Phi=0.3950,Phi=0.5000,Phi=0.6050,Phi=0.7000,Phi=0.8000,Phi=0.8950
227.531,4.41153e-03,5.47054e-03,6.92685e-03,8.21287e-03,8.73599e-03,7.75932e-03,6.22948e-03,4.77772e-03,3.97044e-03
138.793,3.95720e-03,5.02034e-03,6.45903e-03,7.71217e-03,8.18071e-03,7.19186e-03,5.67127e-03,4.24580e-03,3.46869e-03
97.752,3.70641e-03,4.76685e-03,6.19443e-03,7.42438e-03,7.85877e-03,6.88537e-03,5.38985e-03,3.98750e-03,3.22135e-03
73.692,3.48005e-03,4.56284e-03,6.01134e-03,7.24274e-03,7.66857e-03,6.71692e-03,5.22684e-03,3.80737e-03,3.01185e-03
53.879,3.32287e-03,4.41805e-03,5.88163e-03,7.11662e-03,7.55047e-03,6.63057e-03,5.15252e-03,3.71778e-03,2.88940e-03
42.212,3.17286e-03,4.26890e-03,5.72969e-03,6.95645e-03,7.40065e-03,6.52113e-03,5.06764e-03,3.62834e-03,2.77346e-03
35.753,3.12683e-03,4.22484e-03,5.68606e-03,6.91313e-03,7.37069e-03,6.51287e-03,5.06883e-03,3.62135e-03,2.74703e-03
29.700,3.08350e-03,4.15664e-03,5.58795e-03,6.79351e-03,7.23964e-03,6.38032e-03,4.95367e-03,3.53857e-03,2.69546e-03
24.839,2.99910e-03,4.05521e-03,5.46544e-03,6.65333e-03,7.08759e-03,6.22993e-03,4.81986e-03,3.42956e-03,2.60816e-03
21.395,2.90385e-03,3.96026e-03,5.37097e-03,6.55948e-03,6.99785e-03,6.14707e-03,4.73983e-03,3.34702e-03,2.51986e-03
19.382,2.88394e-03,3.97656e-03,5.44492e-03,6.70469e-03,7.19166e-03,6.29617e-03,4.82273e-03,3.36936e-03,2.50320e-03
18.180,2.85056e-03,3.93705e-03,5.39735e-03,6.64838e-03,7.13227e-03,6.24845e-03,4.78660e-03,3.34046e-03,2.47604e-03
16.978,2.82916e-03,3.90180e-03,5.34495e-03,6.58198e-03,7.05993e-03,6.18440e-03,4.73767e-03,3.30897e-03,2.45699e-03
15.777,2.80538e-03,3.85844e-03,5.27849e-03,6.49812e-03,6.96875e-03,6.10210e-03,4.67506e-03,3.27106e-03,2.43731e-03
14.575,2.76085e-03,3.79998e-03,5.20344e-03,6.41033e-03,6.87622e-03,6.01667e-03,4.60401e-03,3.21742e-03,2.39620e-03
13.588,2.77387e-03,3.78119e-03,5.14904e-03,6.33085e-03,6.78721e-03,5.93745e-03,4.55328e-03,3.20535e-03,2.41527e-03
12.787,2.79250e-03,3.76927e-03,5.10380e-03,6.26329e-03,6.71085e-03,5.86863e-03,4.51053e-03,3.19997e-03,2.44028e-03
11.986,2.80227e-03,3.74653e-03,5.04400e-03,6.17792e-03,6.61670e-03,5.78396e-03,4.45502e-03,3.18429e-03,2.45597e-03
11.292,2.81477e-03,3.72633e-03,4.98695e-03,6.09586e-03,6.52363e-03,5.69705e-03,4.39636e-03,3.16743e-03,2.47306e-03
10.692,2.78004e-03,3.67480e-03,4.91385e-03,6.00673e-03,6.42279e-03,5.59058e-03,4.30151e-03,3.09798e-03,2.42853e-03
10.091,2.74133e-03,3.61770e-03,4.83693e-03,5.91613e-03,6.32265e-03,5.49017e-03,4.21682e-03,3.03981e-03,2.39268e-03
 9.648,2.66723e-03,3.54648e-03,4.76954e-03,5.85026e-03,6.25559e-03,5.42557e-03,4.15350e-03,2.97547e-03,2.32465e-03
 9.348,2.54727e-03,3.45764e-03,4.71308e-03,5.81312e-03,6.22628e-03,5.39511e-03,4.10097e-03,2.88553e-03,2.20141e-03
 8.995,2.42270e-03,3.36173e-03,4.64784e-03,5.76668e-03,6.18830e-03,5.35906e-03,4.04630e-03,2.79594e-03,2.07857e-03
 8.673,2.28050e-03,3.25828e-03,4.58610e-03,5.73168e-03,6.16855e-03,5.34575e-03,4.00926e-03,2.70980e-03,1.94343e-03
 8.345,2.13340e-03,3.14441e-03,4.50634e-03,5.67081e-03,6.11091e-03,5.28515e-03,3.92710e-03,2.59103e-03,1.79185e-03
 8.074,2.06312e-03,3.08305e-03,4.45368e-03,5.62268e-03,6.06212e-03,5.23301e-03,3.86888e-03,2.52422e-03,1.71810e-03
 7.904,1.99615e-03,3.02316e-03,4.40020e-03,5.57122e-03,6.00685e-03,5.17423e-03,3.80602e-03,2.45678e-03,1.64717e-03
 7.714,1.96730e-03,2.98359e-03,4.34713e-03,5.50729e-03,5.93378e-03,5.09923e-03,3.73834e-03,2.40410e-03,1.61023e-03
 7.498,1.94569e-03,2.94063e-03,4.27928e-03,5.41846e-03,5.82956e-03,4.99292e-03,3.64606e-03,2.34043e-03,1.57712e-03
 7.284,1.89391e-03,2.88670e-03,4.22372e-03,5.36179e-03,5.77527e-03,4.94623e-03,3.60453e-03,2.29974e-03,1.53361e-03
 7.094,1.86462e-03,2.85121e-03,4.18473e-03,5.32186e-03,5.73898e-03,4.91676e-03,3.58111e-03,2.28087e-03,1.51602e-03
 6.873,1.80561e-03,2.79509e-03,4.13545e-03,5.27807e-03,5.69981e-03,4.88360e-03,3.54841e-03,2.24271e-03,1.46977e-03
 6.664,1.71428e-03,2.71222e-03,4.06362e-03,5.21214e-03,5.63182e-03,4.81491e-03,3.47609e-03,2.16334e-03,1.38300e-03
 6.515,1.74439e-03,2.70992e-03,4.01813e-03,5.12928e-03,5.51415e-03,4.68149e-03,3.36600e-03,2.10707e-03,1.38343e-03
 6.297,1.94355e-03,2.80723e-03,3.99018e-03,5.00300e-03,5.31545e-03,4.47439e-03,3.24735e-03,2.13972e-03,1.55247e-03
 6.064,1.84006e-03,2.72345e-03,3.93160e-03,4.96332e-03,5.28741e-03,4.44624e-03,3.20280e-03,2.06806e-03,1.45637e-03
 5.899,1.72010e-03,2.63594e-03,3.88372e-03,4.94503e-03,5.28757e-03,4.44596e-03,3.17510e-03,1.99546e-03,1.34414e-03
 5.759,1.69294e-03,2.60837e-03,3.85768e-03,4.92195e-03,5.27045e-03,4.43396e-03,3.16461e-03,1.98237e-03,1.32599e-03
 5.572,1.66225e-03,2.57876e-03,3.83250e-03,4.90427e-03,5.26321e-03,4.43232e-03,3.16246e-03,1.97389e-03,1.30809e-03
 5.379,1.64418e-03,2.55902e-03,3.81457e-03,4.89158e-03,5.25614e-03,4.42452e-03,3.15322e-03,1.96351e-03,1.29658e-03
 5.265,1.63625e-03,2.54318e-03,3.78983e-03,4.86120e-03,5.22237e-03,4.38921e-03,3.12426e-03,1.94561e-03,1.28859e-03
 5.149,1.60529e-03,2.51258e-03,3.75976e-03,4.83176e-03,5.19275e-03,4.35735e-03,3.09163e-03,1.91315e-03,1.25686e-03
 5.000,1.55855e-03,2.46722e-03,3.71481e-03,4.78581e-03,5.14195e-03,4.29964e-03,3.03071e-03,1.85325e-03,1.20163e-03
 4.882,1.52975e-03,2.44190e-03,3.69014e-03,4.75796e-03,5.10466e-03,4.25375e-03,2.98149e-03,1.80557e-03,1.15934e-03
 4.827,1.50965e-03,2.40310e-03,3.62310e-03,4.66254e-03,4.99236e-03,4.15828e-03,2.91606e-03,1.76954e-03,1.14110e-03
 4.796,1.51094e-03,2.42748e-03,3.67966e-03,4.74894e-03,5.09355e-03,4.24045e-03,2.96474e-03,1.78511e-03,1.13674e-03
 4.750,1.51380e-03,2.42676e-03,3.67390e-03,4.73715e-03,5.07618e-03,4.22550e-03,2.95526e-03,1.78185e-03,1.13845e-03
 4.700,1.51249e-03,2.41853e-03,3.65524e-03,4.70735e-03,5.03920e-03,4.20049e-03,2.94507e-03,1.78230e-03,1.14272e-03
 4.662,1.52031e-03,2.42841e-03,3.67322e-03,4.73767e-03,5.07935e-03,4.23241e-03,2.96649e-03,1.79696e-03,1.15453e-03
 4.605,1.45280e-03,2.38108e-03,3.64725e-03,4.72571e-03,5.07117e-03,4.21624e-03,2.93061e-03,1.73616e-03,1.07698e-03
 4.504,1.41334e-03,2.33570e-03,3.59776e-03,4.67665e-03,5.02090e-03,4.15499e-03,2.86742e-03,1.68197e-03,1.03439e-03
 4.395,1.39538e-03,2.26151e-03,3.45350e-03,4.47518e-03,4.78528e-03,3.93501e-03,2.71087e-03,1.60909e-03,1.02285e-03
 4.301,1.38928e-03,2.17395e-03,3.25466e-03,4.16948e-03,4.40904e-03,3.60322e-03,2.48802e-03,1.51330e-03,1.01762e-03
 4.202,1.53283e-03,2.23698e-03,3.22002e-03,4.05259e-03,4.24283e-03,3.47031e-03,2.44743e-03,1.58597e-03,1.17431e-03
 4.074,1.68240e-03,2.31444e-03,3.20752e-03,3.96169e-03,4.10149e-03,3.36322e-03,2.43165e-03,1.67677e-03,1.33916e-03
 3.949,1.79566e-03,2.36744e-03,3.17389e-03,3.83978e-03,3.91223e-03,3.20890e-03,2.37093e-03,1.71967e-03,1.45170e-03
 3.849,1.73710e-03,2.31058e-03,3.11770e-03,3.78419e-03,3.85920e-03,3.15811e-03,2.31938e-03,1.66475e-03,1.39279e-03
 3.749,1.60708e-03,2.20823e-03,3.05526e-03,3.76657e-03,3.88130e-03,3.16463e-03,2.27865e-03,1.57077e-03,1.26231e-03
 3.662,1.44571e-03,2.07280e-03,2.95736e-03,3.71148e-03,3.87104e-03,3.14887e-03,2.21998e-03,1.45727e-03,1.10767e-03
 3.587,1.33171e-03,1.97648e-03,2.88551e-03,3.66578e-03,3.85261e-03,3.12967e-03,2.17436e-03,1.37531e-03,9.97775e-04
 3.513,1.23540e-03,1.89478e-03,2.82734e-03,3.63396e-03,3.84845e-03,3.12664e-03,2.14825e-03,1.31650e-03,9.12617e-04
 3.438,1.16020e-03,1.82992e-03,2.78125e-03,3.61082e-03,3.85147e-03,3.13292e-03,2.13662e-03,1.27790e-03,8.51072e-04
 3.363,1.07506e-03,1.75563e-03,2.72534e-03,3.57626e-03,3.84177e-03,3.12875e-03,2.11608e-03,1.23012e-03,7.79182e-04
 3.308,1.03782e-03,1.73624e-03,2.73552e-03,3.61660e-03,3.90673e-03,3.19073e-03,2.15345e-03,1.23419e-03,7.55717e-04
 3.269,1.00701e-03,1.69205e-03,2.67427e-03,3.54240e-03,3.83422e-03,3.13797e-03,2.12104e-03,1.21514e-03,7.39425e-04
 3.231,9.39816e-04,1.63804e-03,2.63871e-03,3.52325e-03,3.82966e-03,3.13811e-03,2.10887e-03,1.17992e-03,6.82513e-04
 3.193,9.03650e-04,1.60642e-03,2.61283e-03,3.50109e-03,3.81151e-03,3.12636e-03,2.09667e-03,1.16025e-03,6.53243e-04
 3.156,8.68521e-04,1.57532e-03,2.58903e-03,3.48451e-03,3.80240e-03,3.12130e-03,2.08805e-03,1.14286e-03,6.26606e-04
 3.118,8.53576e-04,1.55979e-03,2.57448e-03,3.47128e-03,3.79227e-03,3.11702e-03,2.08653e-03,1.14015e-03,6.19953e-04
 3.085,8.18137e-04,1.52513e-03,2.54145e-03,3.43859e-03,3.76208e-03,3.09637e-03,2.07087e-03,1.12238e-03,5.95453e-04
 3.055,8.07284e-04,1.51421e-03,2.53200e-03,3.43042e-03,3.75387e-03,3.08731e-03,2.06143e-03,1.11320e-03,5.86889e-04
 3.014,7.67258e-04,1.47102e-03,2.48625e-03,3.38279e-03,3.70815e-03,3.04996e-03,2.03067e-03,1.08487e-03,5.56627e-04
 2.965,7.22876e-04,1.42766e-03,2.44354e-03,3.33872e-03,3.66413e-03,3.01306e-03,1.99845e-03,1.05179e-03,5.18985e-04
 2.909,6.94676e-04,1.38931e-03,2.39222e-03,3.27532e-03,3.59204e-03,2.94491e-03,1.94293e-03,1.01220e-03,4.91456e-04
 2.847,6.67292e-04,1.35606e-03,2.35179e-03,3.22892e-03,3.54376e-03,2.90217e-03,1.90808e-03,9.84428e-04,4.67473e-04
 2.787,6.42626e-04,1.31679e-03,2.29234e-03,3.15004e-03,3.45028e-03,2.81337e-03,1.83838e-03,9.39302e-04,4.41263e-04
 2.730,6.25229e-04,1.28590e-03,2.24077e-03,3.07568e-03,3.35561e-03,2.72164e-03,1.76734e-03,8.95266e-04,4.18666e-04
 2.676,6.30418e-04,1.26954e-03,2.19631e-03,3.00756e-03,3.26848e-03,2.62967e-03,1.69468e-03,8.57615e-04,4.13225e-04
 2.623,6.28281e-04,1.26652e-03,2.19715e-03,3.01840e-03,3.29291e-03,2.65655e-03,1.71667e-03,8.72232e-04,4.20621e-04
 2.574,5.84125e-04,1.22376e-03,2.15551e-03,2.97936e-03,3.26357e-03,2.63894e-03,1.70172e-03,8.49867e-04,3.86721e-04
 2.527,5.80047e-04,1.20889e-03,2.12581e-03,2.93701e-03,3.21475e-03,2.59659e-03,1.67374e-03,8.37426e-04,3.84501e-04
 2.482,6.23837e-04,1.22233e-03,2.09539e-03,2.86403e-03,3.10755e-03,2.49309e-03,1.60790e-03,8.24565e-04,4.15192e-04
 2.437,6.78533e-04,1.24587e-03,2.06978e-03,2.78802e-03,2.98831e-03,2.37525e-03,1.53382e-03,8.11821e-04,4.51534e-04
 2.394,7.37548e-04,1.26704e-03,2.02630e-03,2.67038e-03,2.80667e-03,2.20924e-03,1.43333e-03,7.90415e-04,4.88686e-04
 2.354,7.61176e-04,1.25781e-03,1.96000e-03,2.53533e-03,2.61620e-03,2.04316e-03,1.33036e-03,7.55475e-04,5.00335e-04
 2.314,7.83992e-04,1.25649e-03,1.91819e-03,2.44720e-03,2.49360e-03,1.93969e-03,1.27104e-03,7.42136e-04,5.17440e-04
 2.276,8.30144e-04,1.25836e-03,1.85586e-03,2.31855e-03,2.31849e-03,1.79097e-03,1.19002e-03,7.36251e-04,5.62827e-04
 2.240,8.09842e-04,1.22391e-03,1.81257e-03,2.27892e-03,2.29011e-03,1.76840e-03,1.17258e-03,7.25625e-04,5.56644e-04
 2.209,7.70827e-04,1.18421e-03,1.78529e-03,2.27978e-03,2.32193e-03,1.79671e-03,1.18165e-03,7.15507e-04,5.33740e-04
 2.183,7.46892e-04,1.15902e-03,1.76918e-03,2.28381e-03,2.35006e-03,1.82367e-03,1.19564e-03,7.16157e-04,5.25065e-04
 2.163,7.47369e-04,1.16904e-03,1.79907e-03,2.33724e-03,2.41905e-03,1.88028e-03,1.22982e-03,7.30509e-04,5.28704e-04
 2.148,6.84494e-04,1.09482e-03,1.71277e-03,2.24776e-03,2.34585e-03,1.82666e-03,1.18718e-03,6.90152e-04,4.83404e-04
 2.137,6.72956e-04,1.08622e-03,1.71157e-03,2.25689e-03,2.36508e-03,1.84398e-03,1.19606e-03,6.89737e-04,4.76462e-04
 2.129,6.43475e-04,1.05996e-03,1.69132e-03,2.24437e-03,2.36248e-03,1.84318e-03,1.18917e-03,6.73355e-04,4.51958e-04
 2.114,6.18543e-04,1.03496e-03,1.66604e-03,2.21834e-03,2.33824e-03,1.82308e-03,1.17114e-03,6.54583e-04,4.30751e-04
 2.091,5.68542e-04,9.92501e-04,1.63686e-03,2.20415e-03,2.34019e-03,1.82697e-03,1.16321e-03,6.28822e-04,3.89786e-04
 2.070,5.29389e-04,9.57618e-04,1.60790e-03,2.18008e-03,2.32227e-03,1.81324e-03,1.14645e-03,6.03791e-04,3.56164e-04
 2.050,4.93424e-04,9.20859e-04,1.56821e-03,2.13554e-03,2.27746e-03,1.77696e-03,1.11660e-03,5.75178e-04,3.24826e-04
 2.030,4.70506e-04,9.06070e-04,1.56435e-03,2.13969e-03,2.28468e-03,1.78170e-03,1.11321e-03,5.61221e-04,3.02809e-04
 2.010,4.33749e-04,8.64499e-04,1.51431e-03,2.08066e-03,2.22360e-03,1.73124e-03,1.07374e-03,5.28216e-04,2.70795e-04
 1.982,4.24762e-04,8.50920e-04,1.49087e-03,2.04327e-03,2.17293e-03,1.68440e-03,1.03910e-03,5.06667e-04,2.58216e-04
 1.947,4.19906e-04,8.43710e-04,1.48232e-03,2.03449e-03,2.16252e-03,1.67118e-03,1.02576e-03,4.96435e-04,2.52174e-04
 1.916,4.02228e-04,8.06464e-04,1.42179e-03,1.95970e-03,2.09137e-03,1.61835e-03,9.94162e-04,4.82919e-04,2.46949e-04
 1.889,3.86559e-04,7.96304e-04,1.42088e-03,1.96750e-03,2.10475e-03,1.63048e-03,9.98906e-04,4.78141e-04,2.34737e-04
 1.863,3.50980e-04,7.61152e-04,1.38893e-03,1.94219e-03,2.09148e-03,1.62531e-03,9.92028e-04,4.62885e-04,2.09616e-04
 1.837,3.55434e-04,7.42657e-04,1.33397e-03,1.84983e-03,1.97498e-03,1.52500e-03,9.28723e-04,4.38996e-04,2.11760e-04
 1.812,3.64711e-04,7.50213e-04,1.33716e-03,1.84520e-03,1.95941e-03,1.50706e-03,9.15954e-04,4.34848e-04,2.15462e-04
 1.788,3.73728e-04,7.33474e-04,1.27927e-03,1.74617e-03,1.83760e-03,1.40770e-03,8.58924e-04,4.19454e-04,2.25130e-04
 1.766,3.99103e-04,7.42102e-04,1.25860e-03,1.69153e-03,1.75709e-03,1.33893e-03,8.21967e-04,4.16780e-04,2.45253e-04
 1.740,4.50153e-04,7.80015e-04,1.27044e-03,1.66722e-03,1.69809e-03,1.28621e-03,8.00497e-04,4.31941e-04,2.86371e-04
 1.713,4.75825e-04,7.71604e-04,1.20776e-03,1.54895e-03,1.54975e-03,1.17213e-03,7.45660e-04,4.32394e-04,3.17603e-04
 1.692,5.07401e-04,7.85887e-04,1.19248e-03,1.49976e-03,1.47797e-03,1.11878e-03,7.26356e-04,4.45383e-04,3.49171e-04
 1.675,5.15563e-04,7.96579e-04,1.20647e-03,1.51440e-03,1.48854e-03,1.12546e-03,7.31104e-04,4.50028e-04,3.54956e-04
 1.660,4.76700e-04,7.47055e-04,1.14565e-03,1.45088e-03,1.43445e-03,1.08310e-03,6.97964e-04,4.22088e-04,3.26972e-04
 1.646,4.63998e-04,7.45352e-04,1.16525e-03,1.49509e-03,1.49119e-03,1.12379e-03,7.14581e-04,4.18833e-04,3.13948e-04
 1.627,4.25650e-04,7.05148e-04,1.12862e-03,1.47046e-03,1.48259e-03,1.11636e-03,6.99995e-04,3.95576e-04,2.84074e-04
 1.604,3.93077e-04,6.77677e-04,1.11554e-03,1.47790e-03,1.50734e-03,1.13415e-03,7.00374e-04,3.79328e-04,2.57878e-04
 1.584,3.71714e-04,6.66034e-04,1.12251e-03,1.50550e-03,1.54809e-03,1.16447e-03,7.10706e-04,3.70984e-04,2.38781e-04
 1.567,3.34905e-04,6.23394e-04,1.07398e-03,1.45607e-03,1.50753e-03,1.13354e-03,6.84371e-04,3.44890e-04,2.10027e-04
 1.552,3.08859e-04,5.99948e-04,1.05721e-03,1.44846e-03,1.50943e-03,1.13515e-03,6.78511e-04,3.29972e-04,1.88548e-04
 1.538,2.84097e-04,5.76500e-04,1.03800e-03,1.43547e-03,1.50418e-03,1.13175e-03,6.70681e-04,3.15458e-04,1.68561e-04
 1.523,2.67480e-04,5.62241e-04,1.02941e-03,1.43375e-03,1.50826e-03,1.13536e-03,6.68585e-04,3.06661e-04,1.55063e-04
 1.506,2.54232e-04,5.56594e-04,1.03798e-03,1.45708e-03,1.53983e-03,1.16010e-03,6.79204e-04,3.03601e-04,1.43798e-04
 1.488,2.29753e-04,5.29075e-04,1.00918e-03,1.43168e-03,1.52399e-03,1.15117e-03,6.70785e-04,2.91837e-04,1.27243e-04
 1.471,2.17883e-04,5.15169e-04,9.93960e-04,1.41695e-03,1.51191e-03,1.14237e-03,6.63263e-04,2.84337e-04,1.18831e-04
 1.452,2.11697e-04,5.05875e-04,9.79385e-04,1.39543e-03,1.48490e-03,1.11960e-03,6.47624e-04,2.75166e-04,1.13205e-04
 1.434,1.93205e-04,4.86803e-04,9.61545e-04,1.37997e-03,1.47355e-03,1.11186e-03,6.39846e-04,2.65105e-04,1.00083e-04
 1.416,1.89735e-04,4.77773e-04,9.44623e-04,1.35620e-03,1.44679e-03,1.09045e-03,6.26185e-04,2.58689e-04,9.77874e-05
 1.400,1.98953e-04,4.79061e-04,9.31507e-04,1.32596e-03,1.40184e-03,1.05074e-03,6.01887e-04,2.51641e-04,1.02651e-04
 1.386,2.01196e-04,4.77126e-04,9.22111e-04,1.30680e-03,1.37361e-03,1.02536e-03,5.85390e-04,2.45162e-04,1.03032e-04
 1.374,1.93342e-04,4.68239e-04,9.12860e-04,1.29685e-03,1.36259e-03,1.01522e-03,5.76686e-04,2.38142e-04,9.70389e-05
 1.358,1.95410e-04,4.66743e-04,9.05099e-04,1.28324e-03,1.34666e-03,1.00486e-03,5.72236e-04,2.38013e-04,9.86676e-05
 1.339,2.21331e-04,4.82676e-04,9.03330e-04,1.26117e-03,1.30768e-03,9.73347e-04,5.59158e-04,2.44961e-04,1.18963e-04
 1.318,3.37322e-04,5.59987e-04,9.18178e-04,1.20225e-03,1.18678e-03,8.83610e-04,5.41762e-04,3.03500e-04,2.25819e-04
 1.296,3.41884e-04,5.57111e-04,9.08886e-04,1.19152e-03,1.17843e-03,8.81244e-04,5.45286e-04,3.12318e-04,2.36908e-04
 1.276,3.37983e-04,5.55140e-04,9.14390e-04,1.20828e-03,1.20306e-03,9.01419e-04,5.57114e-04,3.17116e-04,2.37590e-04
 1.259,2.97661e-04,5.15510e-04,8.75192e-04,1.17355e-03,1.17707e-03,8.75577e-04,5.26914e-04,2.81612e-04,1.98597e-04
 1.241,2.92904e-04,5.05460e-04,8.57201e-04,1.14775e-03,1.14663e-03,8.50894e-04,5.10825e-04,2.73227e-04,1.94331e-04
 1.224,2.85836e-04,4.96498e-04,8.44417e-04,1.12945e-03,1.12271e-03,8.29293e-04,4.94585e-04,2.62109e-04,1.86083e-04
 1.206,2.45946e-04,4.65002e-04,8.26507e-04,1.12817e-03,1.13394e-03,8.31458e-04,4.80026e-04,2.32113e-04,1.47334e-04
 1.189,2.11165e-04,4.33222e-04,7.98973e-04,1.10587e-03,1.11780e-03,8.14657e-04,4.58865e-04,2.05379e-04,1.16014e-04
 1.169,2.07257e-04,4.24886e-04,7.86309e-04,1.09157e-03,1.10626e-03,8.08093e-04,4.55095e-04,2.03065e-04,1.14334e-04
 1.148,2.02318e-04,4.10321e-04,7.60246e-04,1.06073e-03,1.08173e-03,7.93621e-04,4.49313e-04,2.02984e-04,1.15772e-04
 1.126,1.93498e-04,3.98923e-04,7.47291e-04,1.04949e-03,1.07614e-03,7.91718e-04,4.48795e-04,2.01951e-04,1.12415e-04
 1.102,1.92178e-04,3.90444e-04,7.29243e-04,1.02364e-03,1.04788e-03,7.71105e-04,4.37981e-04,1.99653e-04,1.14278e-04
 1.080,2.06838e-04,3.94762e-04,7.17447e-04,9.93570e-04,1.00260e-03,7.35591e-04,4.21096e-04,2.01535e-04,1.27765e-04
 1.061,1.53562e-04,3.46454e-04,6.77364e-04,9.65495e-04,9.90047e-04,7.21693e-04,3.97838e-04,1.66366e-04,8.30097e-05
 1.040,1.54208e-04,3.34590e-04,6.48606e-04,9.28426e-04,9.62310e-04,7.07998e-04,3.96182e-04,1.71847e-04,8.99453e-05
 1.016,1.37958e-04,3.16467e-04,6.29890e-04,9.13881e-04,9.58343e-04,7.07394e-04,3.93762e-04,1.65088e-04,7.88656e-05
 0.996,1.19896e-04,2.93780e-04,6.00244e-04,8.79746e-04,9.27741e-04,6.84218e-04,3.76763e-04,1.51124e-04,6.47893e-05
 0.980,1.07438e-04,2.73011e-04,5.66769e-04,8.32821e-04,8.75253e-04,6.42842e-04,3.51181e-04,1.38449e-04,5.75417e-05
 0.963,9.49210e-05,2.57981e-04,5.47056e-04,8.07005e-04,8.45227e-04,6.16910e-04,3.31491e-04,1.24235e-04,4.62061e-05
 0.944,8.33554e-05,2.40141e-04,5.24872e-04,7.89675e-04,8.46168e-04,6.26377e-04,3.41574e-04,1.29817e-04,4.55085e-05
 0.931,7.30503e-05,2.25471e-04,5.05049e-04,7.67851e-04,8.30468e-04,6.18189e-04,3.38097e-04,1.27238e-04,4.09791e-05
 0.919,9.19324e-05,2.37483e-04,5.01733e-04,7.43816e-04,7.85854e-04,5.79135e-04,3.16211e-04,1.24470e-04,5.16140e-05
 0.904,8.23607e-05,2.30281e-04,5.00284e-04,7.53188e-04,8.08794e-04,6.00356e-04,3.28481e-04,1.26287e-04,4.58984e-05
 0.891,6.68929e-05,2.11528e-04,4.76121e-04,7.28030e-04,7.95096e-04,5.96757e-04,3.29370e-04,1.24656e-04,3.79839e-05
 0.877,6.07004e-05,1.95441e-04,4.43480e-04,6.74502e-04,7.22724e-04,5.32398e-04,2.84546e-04,1.01292e-04,2.94185e-05
 0.865,5.43902e-05,1.91228e-04,4.46863e-04,6.91781e-04,7.57708e-04,5.66300e-04,3.07925e-04,1.11581e-04,2.97412e-05
 0.852,5.22904e-05,1.88224e-04,4.41905e-04,6.90413e-04,7.70976e-04,5.86644e-04,3.27649e-04,1.24083e-04,3.32514e-05
 0.834,5.19575e-05,1.73864e-04,4.02280e-04,6.19785e-04,6.75771e-04,5.04657e-04,2.74311e-04,1.00287e-04,2.87336e-05
 0.822,4.92541e-05,1.66126e-04,3.85474e-04,5.92342e-04,6.41073e-04,4.75948e-04,2.55559e-04,9.09100e-05,2.51675e-05
 0.810,4.29952e-05,1.52468e-04,3.58824e-04,5.54007e-04,6.00365e-04,4.44976e-04,2.37414e-04,8.25620e-05,2.08853e-05
 0.792,3.80379e-05,1.50429e-04,3.61967e-04,5.70240e-04,6.38661e-04,4.85353e-04,2.68531e-04,9.82801e-05,2.26756e-05
 0.777,3.80140e-05,1.49830e-04,3.56522e-04,5.61451e-04,6.35294e-04,4.89342e-04,2.76718e-04,1.04787e-04,2.43933e-05
 0.765,3.30053e-05,1.36290e-04,3.29564e-04,5.18516e-04,5.80953e-04,4.44187e-04,2.47461e-04,9.08669e-05,1.98963e-05
 0.752,2.88804e-05,1.17466e-04,2.87551e-04,4.47451e-04,4.83664e-04,3.57379e-04,1.87770e-04,6.19794e-05,1.27175e-05
 0.739,2.91079e-05,1.16882e-04,2.85958e-04,4.49691e-04,4.95376e-04,3.70665e-04,1.98795e-04,6.85944e-05,1.50445e-05
 0.729,3.14941e-05,1.24814e-04,2.99575e-04,4.73737e-04,5.36618e-04,4.13010e-04,2.32691e-04,8.77397e-05,2.06841e-05
 0.714,3.42255e-05,1.33550e-04,3.11917e-04,4.89024e-04,5.59418e-04,4.40099e-04,2.57583e-04,1.02930e-04,2.50855e-05
 0.697,2.66911e-05,1.09426e-04,2.65098e-04,4.21392e-04,4.79365e-04,3.69274e-04,2.07766e-04,7.76684e-05,1.75207e-05
 0.677,2.92261e-05,1.15846e-04,2.72111e-04,4.29267e-04,4.94358e-04,3.89308e-04,2.27686e-04,9.05782e-05,2.16009e-05
 0.657,2.24672e-05,9.36844e-05,2.28605e-04,3.64898e-04,4.16695e-04,3.21875e-04,1.81400e-04,6.80279e-05,1.52598e-05
 0.642,2.01075e-05,8.41631e-05,2.05288e-04,3.27872e-04,3.75135e-04,2.90476e-04,1.64209e-04,6.18105e-05,1.38187e-05
 0.628,2.10263e-05,8.61400e-05,2.06227e-04,3.27671e-04,3.77094e-04,2.95331e-04,1.70436e-04,6.63135e-05,1.52635e-05
 0.617,1.79105e-05,7.55368e-05,1.84224e-04,2.93985e-04,3.36603e-04,2.61523e-04,1.48478e-04,5.61955e-05,1.25130e-05
 0.604,1.53126e-05,6.58597e-05,1.62438e-04,2.60654e-04,2.98743e-04,2.31051e-04,1.29935e-04,4.83403e-05,1.04534e-05
 0.591,1.59714e-05,6.70863e-05,1.62352e-04,2.58945e-04,2.98154e-04,2.33277e-04,1.33933e-04,5.14974e-05,1.15319e-05
 0.578,1.19997e-05,5.32785e-05,1.33754e-04,2.15591e-04,2.46324e-04,1.89502e-04,1.05171e-04,3.81623e-05,7.96125e-06
 0.565,1.25638e-05,5.43858e-05,1.34421e-04,2.15913e-04,2.47887e-04,1.92207e-04,1.08327e-04,4.03792e-05,8.71749e-06
 0.552,1.05975e-05,4.70116e-05,1.17918e-04,1.89933e-04,2.17074e-04,1.67392e-04,9.31739e-05,3.39497e-05,7.13332e-06
 0.537,8.22985e-06,3.84604e-05,9.95289e-05,1.61113e-04,1.82337e-04,1.38977e-04,7.52915e-05,2.60602e-05,5.14693e-06
 0.523,9.11445e-06,4.09940e-05,1.03433e-04,1.65871e-04,1.88333e-04,1.45177e-04,8.05518e-05,2.90918e-05,6.06264e-06
 0.506,7.66540e-06,3.46620e-05,8.75025e-05,1.40640e-04,1.60105e-04,1.23448e-04,6.85109e-05,2.47212e-05,5.11043e-06
 0.485,5.40114e-06,2.50862e-05,6.46760e-05,1.04534e-04,1.18742e-04,9.13225e-05,5.01096e-05,1.77540e-05,3.66078e-06
 0.465,3.91259e-06,1.87511e-05,4.92459e-05,7.97219e-05,9.01419e-05,6.91676e-05,3.75867e-05,1.30699e-05,2.66802e-06
 0.445,2.97139e-06,1.51203e-05,4.09176e-05,6.59542e-05,7.35281e-05,5.63335e-05,3.02467e-05,1.02952e-05,2.15519e-06
 0.426,2.29339e-06,1.20830e-05,3.31649e-05,5.22482e-05,5.71504e-05,4.48023e-05,2.48108e-05,9.10979e-06,2.34656e-06
 0.408,2.01737e-06,8.99626e-06,2.28926e-05,3.43932e-05,3.86896e-05,3.42475e-05,2.26650e-05,1.10501e-05,3.66333e-06
 0.387,3.73011e-06,1.28078e-05,2.80535e-05,4.14236e-05,5.44107e-05,5.84557e-05,4.70289e-05,2.69944e-05,8.71293e-06
 0.362,5.04774e-06,1.63696e-05,3.36115e-05,5.02500e-05,7.08089e-05,7.97630e-05,6.66714e-05,3.87889e-05,1.18595e-05
 0.337,3.64576e-06,1.22031e-05,2.54099e-05,3.78128e-05,4.96307e-05,5.20379e-05,4.16745e-05,2.39943e-05,7.56465e-06
 0.312,3.07981e-06,1.08358e-05,2.34204e-05,3.57191e-05,4.61474e-05,4.63398e-05,3.60542e-05,2.08012e-05,6.90452e-06
 0.287,2.32967e-06,9.41218e-06,2.18909e-05,3.42064e-05,4.03612e-05,3.41397e-05,2.21164e-05,1.04478e-05,3.10081e-06
 0.268,1.09005e-05,4.65034e-05,1.09549e-04,1.71270e-04,1.97063e-04,1.57459e-04,9.38353e-05,3.77411e-05,8.72253e-06
