#Lambda(microns),,Phi=0.1050,Phi=0.2000,Phi=0.3000,Phi=0.3950,Phi=0.5000,Phi=0.6050,Phi=0.7000,Phi=0.8000,Phi=0.8950
227.531,1.12556e+08,1.37217e+08,1.69783e+08,1.97166e+08,2.06540e+08,1.84270e+08,1.50618e+08,1.18744e+08,1.01060e+08
138.793,2.81932e+08,3.48480e+08,4.34881e+08,5.06463e+08,5.29033e+08,4.67731e+08,3.76938e+08,2.92336e+08,2.46859e+08
97.752,5.43343e+08,6.77924e+08,8.51466e+08,9.93868e+08,1.03620e+09,9.12417e+08,7.30191e+08,5.61078e+08,4.70722e+08
73.692,9.13071e+08,1.15628e+09,1.46755e+09,1.71996e+09,1.79319e+09,1.57691e+09,1.25402e+09,9.50665e+08,7.85210e+08
53.879,1.64547e+09,2.11008e+09,2.70352e+09,3.18166e+09,3.32252e+09,2.92538e+09,2.31941e+09,1.74064e+09,1.41579e+09
42.212,2.57181e+09,3.33403e+09,4.30520e+09,5.08411e+09,5.32213e+09,4.69901e+09,3.72168e+09,2.76952e+09,2.21883e+09
35.753,3.52976e+09,4.59533e+09,5.95209e+09,7.04028e+09,7.38441e+09,6.53625e+09,5.18112e+09,3.84476e+09,3.05785e+09
29.700,5.05236e+09,6.56360e+09,8.49345e+09,1.00471e+10,1.05322e+10,9.29643e+09,7.35237e+09,5.45795e+09,4.36005e+09
24.839,7.03583e+09,9.16619e+09,1.18900e+10,1.40840e+10,1.47580e+10,1.29910e+10,1.02386e+10,7.57344e+09,6.04254e+09
21.395,9.19417e+09,1.20661e+10,1.57379e+10,1.86955e+10,1.96140e+10,1.72525e+10,1.35516e+10,9.95341e+09,7.87475e+09
19.382,1.10835e+10,1.46548e+10,1.92426e+10,2.29782e+10,2.41707e+10,2.12042e+10,1.65765e+10,1.20854e+10,9.48471e+09
18.180,1.24339e+10,1.64731e+10,2.16623e+10,2.58825e+10,2.72366e+10,2.39084e+10,1.86865e+10,1.36019e+10,1.06454e+10
16.978,1.41282e+10,1.86939e+10,2.45693e+10,2.93542e+10,3.08912e+10,2.71100e+10,2.11887e+10,1.54375e+10,1.21030e+10
15.777,1.62314e+10,2.14113e+10,2.80979e+10,3.35583e+10,3.53119e+10,3.09771e+10,2.42206e+10,1.76887e+10,1.39230e+10
14.575,1.87336e+10,2.47028e+10,3.24266e+10,3.87481e+10,4.07821e+10,3.57475e+10,2.79287e+10,2.03964e+10,1.60698e+10
13.588,2.14539e+10,2.81327e+10,3.68150e+10,4.39530e+10,4.62465e+10,4.05096e+10,3.16825e+10,2.32458e+10,1.84469e+10
12.787,2.41721e+10,3.14928e+10,4.10629e+10,4.89735e+10,5.15071e+10,4.50807e+10,3.53030e+10,2.60472e+10,2.08423e+10
11.986,2.74725e+10,3.55303e+10,4.61256e+10,5.49385e+10,5.77609e+10,5.05182e+10,3.96320e+10,2.94319e+10,2.37649e+10
11.292,3.09063e+10,3.96573e+10,5.12374e+10,6.09325e+10,6.40096e+10,5.59100e+10,4.39334e+10,3.28616e+10,2.68090e+10
10.692,3.40330e+10,4.35801e+10,5.62325e+10,6.68568e+10,7.01515e+10,6.10615e+10,4.78646e+10,3.58330e+10,2.93784e+10
10.091,3.75751e+10,4.80406e+10,6.19690e+10,7.37054e+10,7.72699e+10,6.70652e+10,5.24760e+10,3.93354e+10,3.23893e+10
 9.648,4.00042e+10,5.14672e+10,6.67138e+10,7.95405e+10,8.34046e+10,7.22609e+10,5.63293e+10,4.19753e+10,3.43676e+10
 9.348,4.09503e+10,5.35469e+10,7.01708e+10,8.40532e+10,8.82731e+10,7.64004e+10,5.91403e+10,4.33681e+10,3.48525e+10
 8.995,4.22315e+10,5.62287e+10,7.45767e+10,8.97878e+10,9.44580e+10,8.17003e+10,6.28092e+10,4.52858e+10,3.56287e+10
 8.673,4.30552e+10,5.86779e+10,7.89941e+10,9.57039e+10,1.00949e+11,8.73738e+10,6.67160e+10,4.71341e+10,3.60181e+10
 8.345,4.39857e+10,6.13742e+10,8.38138e+10,1.02116e+11,1.07821e+11,9.31490e+10,7.05310e+10,4.88203e+10,3.62945e+10
 8.074,4.55883e+10,6.42581e+10,8.82947e+10,1.07856e+11,1.13912e+11,9.82217e+10,7.40329e+10,5.07745e+10,3.73238e+10
 7.904,4.62767e+10,6.58929e+10,9.10831e+10,1.11523e+11,1.17764e+11,1.01318e+11,7.60032e+10,5.16491e+10,3.75480e+10
 7.714,4.80426e+10,6.83758e+10,9.45241e+10,1.15769e+11,1.22163e+11,1.04893e+11,7.85368e+10,5.33314e+10,3.88400e+10
 7.498,5.04058e+10,7.14423e+10,9.85550e+10,1.20601e+11,1.27087e+11,1.08772e+11,8.12081e+10,5.51581e+10,4.04689e+10
 7.284,5.21166e+10,7.44016e+10,1.03140e+11,1.26511e+11,1.33466e+11,1.14214e+11,8.50714e+10,5.74266e+10,4.17550e+10
 7.094,5.40577e+10,7.73826e+10,1.07560e+11,1.32142e+11,1.39555e+11,1.19439e+11,8.88708e+10,5.98534e+10,4.33871e+10
 6.873,5.57858e+10,8.06726e+10,1.12918e+11,1.39169e+11,1.47164e+11,1.25942e+11,9.34431e+10,6.24374e+10,4.47155e+10
 6.664,5.67578e+10,8.34120e+10,1.17903e+11,1.45885e+11,1.54295e+11,1.31741e+11,9.71478e+10,6.40525e+10,4.50488e+10
 6.515,6.02432e+10,8.70927e+10,1.21866e+11,1.50068e+11,1.57852e+11,1.33827e+11,9.84369e+10,6.54898e+10,4.72936e+10
 6.297,7.01345e+10,9.56690e+10,1.29119e+11,1.56438e+11,1.62510e+11,1.36542e+11,1.01554e+11,7.10815e+10,5.57828e+10
 6.064,7.18280e+10,9.98010e+10,1.36383e+11,1.66194e+11,1.73043e+11,1.45190e+11,1.07168e+11,7.36845e+10,5.65645e+10
 5.899,7.14723e+10,1.01981e+11,1.41708e+11,1.73954e+11,1.81760e+11,1.52475e+11,1.11543e+11,7.48066e+10,5.54989e+10
 5.759,7.35166e+10,1.05427e+11,1.47045e+11,1.80876e+11,1.89243e+11,1.58802e+11,1.16032e+11,7.75054e+10,5.71269e+10
 5.572,7.65083e+10,1.10416e+11,1.54752e+11,1.90900e+11,2.00138e+11,1.68097e+11,1.22693e+11,8.15585e+10,5.95862e+10
 5.379,8.00968e+10,1.15992e+11,1.63074e+11,2.01583e+11,2.11553e+11,1.77569e+11,1.29393e+11,8.57475e+10,6.24112e+10
 5.265,8.27713e+10,1.19761e+11,1.68363e+11,2.08183e+11,2.18383e+11,1.82999e+11,1.33183e+11,8.82632e+10,6.44076e+10
 5.149,8.48684e+10,1.23372e+11,1.73968e+11,2.15437e+11,2.25989e+11,1.88988e+11,1.37109e+11,9.04198e+10,6.56817e+10
 5.000,8.74243e+10,1.27979e+11,1.81219e+11,2.24818e+11,2.35665e+11,1.96319e+11,1.41573e+11,9.25469e+10,6.67999e+10
 4.882,8.98426e+10,1.32038e+11,1.87286e+11,2.32376e+11,2.43135e+11,2.01835e+11,1.44907e+11,9.41978e+10,6.78113e+10
 4.827,9.18116e+10,1.34559e+11,1.90473e+11,2.35998e+11,2.46502e+11,2.04442e+11,1.46848e+11,9.57315e+10,6.92605e+10
 4.796,9.17308e+10,1.35290e+11,1.92243e+11,2.38669e+11,2.49600e+11,2.06882e+11,1.48160e+11,9.59357e+10,6.88226e+10
 4.750,9.32766e+10,1.37330e+11,1.94968e+11,2.41944e+11,2.52858e+11,2.09451e+11,1.50008e+11,9.72753e+10,7.00004e+10
 4.700,9.52085e+10,1.39941e+11,1.98446e+11,2.46032e+11,2.56938e+11,2.13053e+11,1.52903e+11,9.94560e+10,7.17304e+10
 4.662,9.60272e+10,1.41137e+11,2.00332e+11,2.48686e+11,2.59990e+11,2.15456e+11,1.54520e+11,1.00503e+11,7.25202e+10
 4.605,9.49386e+10,1.41929e+11,2.03301e+11,2.53230e+11,2.64894e+11,2.19052e+11,1.55879e+11,9.95454e+10,7.02495e+10
 4.504,9.74358e+10,1.45522e+11,2.08493e+11,2.59840e+11,2.71503e+11,2.23542e+11,1.58384e+11,1.00936e+11,7.15651e+10
 4.395,1.05155e+11,1.52229e+11,2.14375e+11,2.65058e+11,2.75068e+11,2.25803e+11,1.61248e+11,1.05938e+11,7.87621e+10
 4.301,1.14054e+11,1.59253e+11,2.19047e+11,2.67175e+11,2.74076e+11,2.24151e+11,1.61899e+11,1.10564e+11,8.67734e+10
 4.202,1.22536e+11,1.66676e+11,2.25436e+11,2.72420e+11,2.77427e+11,2.26674e+11,1.65479e+11,1.16441e+11,9.48648e+10
 4.074,1.35614e+11,1.78638e+11,2.36304e+11,2.81991e+11,2.84624e+11,2.32990e+11,1.73182e+11,1.26809e+11,1.07612e+11
 3.949,1.51265e+11,1.92529e+11,2.47807e+11,2.90418e+11,2.88975e+11,2.37164e+11,1.80380e+11,1.38271e+11,1.22448e+11
 3.849,1.53993e+11,1.97252e+11,2.55126e+11,2.99757e+11,2.98424e+11,2.44352e+11,1.84881e+11,1.40602e+11,1.23809e+11
 3.749,1.51234e+11,1.98396e+11,2.61661e+11,3.11555e+11,3.12928e+11,2.55039e+11,1.89488e+11,1.39505e+11,1.19478e+11
 3.662,1.45645e+11,1.97373e+11,2.66860e+11,3.22806e+11,3.27801e+11,2.66081e+11,1.93523e+11,1.36575e+11,1.12365e+11
 3.587,1.41535e+11,1.97120e+11,2.71729e+11,3.32388e+11,3.40016e+11,2.75334e+11,1.97171e+11,1.34534e+11,1.06872e+11
 3.513,1.37764e+11,1.97016e+11,2.76754e+11,3.42235e+11,3.52722e+11,2.85335e+11,2.01750e+11,1.33540e+11,1.02389e+11
 3.438,1.35319e+11,1.97965e+11,2.82636e+11,3.52881e+11,3.66374e+11,2.96511e+11,2.07742e+11,1.34167e+11,9.96126e+10
 3.363,1.31736e+11,1.98224e+11,2.88368e+11,3.63736e+11,3.80405e+11,3.08046e+11,2.13679e+11,1.34114e+11,9.56546e+10
 3.308,1.29567e+11,1.98846e+11,2.93187e+11,3.72484e+11,3.91810e+11,3.18053e+11,2.19773e+11,1.35718e+11,9.40409e+10
 3.269,1.30330e+11,2.00907e+11,2.97213e+11,3.78377e+11,3.98882e+11,3.24383e+11,2.24207e+11,1.38050e+11,9.49502e+10
 3.231,1.25647e+11,1.99354e+11,2.99832e+11,3.84534e+11,4.07126e+11,3.31370e+11,2.27391e+11,1.36646e+11,9.02192e+10
 3.193,1.23892e+11,1.99814e+11,3.03206e+11,3.90201e+11,4.13817e+11,3.37129e+11,2.30663e+11,1.36920e+11,8.83232e+10
 3.156,1.22067e+11,2.00021e+11,3.06288e+11,3.95777e+11,4.20708e+11,3.42864e+11,2.33738e+11,1.37056e+11,8.64792e+10
 3.118,1.22061e+11,2.01518e+11,3.10018e+11,4.01411e+11,4.27239e+11,3.48590e+11,2.37564e+11,1.38745e+11,8.66770e+10
 3.085,1.20224e+11,2.01753e+11,3.13105e+11,4.06767e+11,4.33613e+11,3.54210e+11,2.40948e+11,1.39343e+11,8.51593e+10
 3.055,1.20277e+11,2.02804e+11,3.15662e+11,4.10574e+11,4.37683e+11,3.57209e+11,2.42546e+11,1.39766e+11,8.50082e+10
 3.014,1.18435e+11,2.03002e+11,3.18814e+11,4.16237e+11,4.44421e+11,3.62614e+11,2.45351e+11,1.39825e+11,8.32199e+10
 2.965,1.15897e+11,2.03447e+11,3.23161e+11,4.23597e+11,4.52769e+11,3.69252e+11,2.48671e+11,1.39445e+11,8.02982e+10
 2.909,1.15861e+11,2.05174e+11,3.27426e+11,4.29872e+11,4.58992e+11,3.73063e+11,2.49888e+11,1.38862e+11,7.91475e+10
 2.847,1.15603e+11,2.07408e+11,3.33237e+11,4.38709e+11,4.68760e+11,3.80542e+11,2.53904e+11,1.39670e+11,7.81653e+10
 2.787,1.16654e+11,2.10055e+11,3.38090e+11,4.45095e+11,4.74312e+11,3.83283e+11,2.54314e+11,1.38949e+11,7.75851e+10
 2.730,1.18180e+11,2.13129e+11,3.42992e+11,4.50775e+11,4.78132e+11,3.84275e+11,2.53568e+11,1.37756e+11,7.70628e+10
 2.676,1.23430e+11,2.17877e+11,3.47366e+11,4.54774e+11,4.79772e+11,3.82322e+11,2.50918e+11,1.37234e+11,7.97024e+10
 2.623,1.24538e+11,2.21054e+11,3.54254e+11,4.65764e+11,4.93499e+11,3.94141e+11,2.58821e+11,1.41303e+11,8.13545e+10
 2.574,1.21111e+11,2.21920e+11,3.60980e+11,4.77700e+11,5.08410e+11,4.06950e+11,2.66240e+11,1.42342e+11,7.78590e+10
 2.527,1.23363e+11,2.25715e+11,3.67071e+11,4.85737e+11,5.16518e+11,4.12899e+11,2.69894e+11,1.44360e+11,7.93063e+10
 2.482,1.33863e+11,2.34046e+11,3.72400e+11,4.87739e+11,5.13748e+11,4.07809e+11,2.67076e+11,1.46798e+11,8.70085e+10
 2.437,1.46971e+11,2.44322e+11,3.78059e+11,4.87872e+11,5.06782e+11,3.98437e+11,2.61675e+11,1.48916e+11,9.61117e+10
 2.394,1.60994e+11,2.54789e+11,3.81721e+11,4.82365e+11,4.91419e+11,3.82934e+11,2.53179e+11,1.50217e+11,1.05507e+11
 2.354,1.69694e+11,2.61242e+11,3.83067e+11,4.75849e+11,4.76707e+11,3.69079e+11,2.45297e+11,1.49744e+11,1.10818e+11
 2.314,1.77756e+11,2.67891e+11,3.86504e+11,4.74226e+11,4.69692e+11,3.62607e+11,2.42642e+11,1.51831e+11,1.16647e+11
 2.276,1.89603e+11,2.74928e+11,3.85983e+11,4.64691e+11,4.52300e+11,3.47396e+11,2.35601e+11,1.54610e+11,1.26725e+11
 2.240,1.91452e+11,2.76923e+11,3.90072e+11,4.72083e+11,4.61018e+11,3.53801e+11,2.39691e+11,1.57555e+11,1.29528e+11
 2.209,1.88830e+11,2.76105e+11,3.94459e+11,4.84051e+11,4.78042e+11,3.67132e+11,2.47014e+11,1.59756e+11,1.28822e+11
 2.183,1.86939e+11,2.75294e+11,3.97244e+11,4.92274e+11,4.90530e+11,3.77321e+11,2.53082e+11,1.62211e+11,1.29066e+11
 2.163,1.85400e+11,2.74660e+11,3.99055e+11,4.97522e+11,4.98471e+11,3.83832e+11,2.56819e+11,1.63415e+11,1.28706e+11
 2.148,1.80327e+11,2.71373e+11,3.99434e+11,5.02615e+11,5.07594e+11,3.91301e+11,2.60202e+11,1.62600e+11,1.25050e+11
 2.137,1.78388e+11,2.70271e+11,4.00161e+11,5.05739e+11,5.12760e+11,3.95649e+11,2.62525e+11,1.62856e+11,1.23918e+11
 2.129,1.73914e+11,2.67326e+11,3.99773e+11,5.08186e+11,5.17571e+11,3.99521e+11,2.63682e+11,1.61028e+11,1.20026e+11
 2.114,1.70919e+11,2.65516e+11,3.99604e+11,5.09281e+11,5.19302e+11,4.00614e+11,2.63377e+11,1.59186e+11,1.17121e+11
 2.091,1.62438e+11,2.60132e+11,3.99187e+11,5.13951e+11,5.27876e+11,4.07545e+11,2.65396e+11,1.55662e+11,1.09693e+11
 2.070,1.55741e+11,2.56040e+11,3.98705e+11,5.16476e+11,5.32248e+11,4.10841e+11,2.65453e+11,1.51905e+11,1.03227e+11
 2.050,1.50347e+11,2.52740e+11,3.97984e+11,5.17400e+11,5.33790e+11,4.11653e+11,2.64210e+11,1.48150e+11,9.76535e+10
 2.030,1.45178e+11,2.49738e+11,3.97718e+11,5.19039e+11,5.36132e+11,4.13171e+11,2.63465e+11,1.44681e+11,9.22577e+10
 2.010,1.40024e+11,2.46621e+11,3.97148e+11,5.20198e+11,5.37645e+11,4.13526e+11,2.61648e+11,1.40524e+11,8.65947e+10
 1.982,1.39933e+11,2.47041e+11,3.97429e+11,5.18886e+11,5.33476e+11,4.08705e+11,2.57513e+11,1.37590e+11,8.48666e+10
 1.947,1.40150e+11,2.47569e+11,3.98758e+11,5.20943e+11,5.34921e+11,4.08419e+11,2.56267e+11,1.36412e+11,8.43729e+10
 1.916,1.40353e+11,2.47899e+11,4.00885e+11,5.26104e+11,5.42330e+11,4.14323e+11,2.59982e+11,1.38637e+11,8.58999e+10
 1.889,1.35676e+11,2.45187e+11,4.01236e+11,5.29224e+11,5.47191e+11,4.18340e+11,2.61231e+11,1.36703e+11,8.17368e+10
 1.863,1.27439e+11,2.40252e+11,4.01711e+11,5.35326e+11,5.57388e+11,4.27013e+11,2.64695e+11,1.34079e+11,7.47504e+10
 1.837,1.33454e+11,2.44110e+11,4.01870e+11,5.30651e+11,5.47475e+11,4.17114e+11,2.58791e+11,1.33724e+11,7.88958e+10
 1.812,1.36260e+11,2.46134e+11,4.02238e+11,5.28404e+11,5.42158e+11,4.11746e+11,2.55405e+11,1.33061e+11,8.04684e+10
 1.788,1.44164e+11,2.51321e+11,4.02890e+11,5.23505e+11,5.32389e+11,4.03355e+11,2.52030e+11,1.35604e+11,8.72831e+10
 1.766,1.54214e+11,2.57657e+11,4.02592e+11,5.14861e+11,5.16890e+11,3.90475e+11,2.46664e+11,1.38520e+11,9.58654e+10
 1.740,1.69037e+11,2.66692e+11,4.01265e+11,5.00731e+11,4.93228e+11,3.71901e+11,2.39896e+11,1.44057e+11,1.09362e+11
 1.713,1.84286e+11,2.76185e+11,4.01275e+11,4.89519e+11,4.74231e+11,3.58461e+11,2.37489e+11,1.52659e+11,1.24714e+11
 1.692,1.95695e+11,2.83297e+11,4.01007e+11,4.80259e+11,4.59180e+11,3.48493e+11,2.36086e+11,1.59327e+11,1.36155e+11
 1.675,1.96049e+11,2.83213e+11,4.00191e+11,4.78344e+11,4.56345e+11,3.46220e+11,2.34861e+11,1.59148e+11,1.36617e+11
 1.660,1.93053e+11,2.81148e+11,4.00707e+11,4.82221e+11,4.61852e+11,3.49854e+11,2.36018e+11,1.58296e+11,1.34602e+11
 1.646,1.86899e+11,2.77292e+11,4.01593e+11,4.88934e+11,4.71324e+11,3.55514e+11,2.36497e+11,1.54549e+11,1.28681e+11
 1.627,1.79039e+11,2.71895e+11,4.01697e+11,4.96108e+11,4.82505e+11,3.62665e+11,2.37576e+11,1.50450e+11,1.21721e+11
 1.604,1.69736e+11,2.65040e+11,4.00472e+11,5.02151e+11,4.93036e+11,3.69281e+11,2.38025e+11,1.45572e+11,1.13794e+11
 1.584,1.61907e+11,2.59014e+11,3.98281e+11,5.04762e+11,4.99053e+11,3.73108e+11,2.37744e+11,1.41386e+11,1.07107e+11
 1.567,1.54209e+11,2.53115e+11,3.96026e+11,5.06961e+11,5.04277e+11,3.76171e+11,2.36817e+11,1.36699e+11,1.00123e+11
 1.552,1.45545e+11,2.46713e+11,3.93629e+11,5.09092e+11,5.09477e+11,3.79106e+11,2.35257e+11,1.30860e+11,9.17527e+10
 1.538,1.37019e+11,2.40343e+11,3.90950e+11,5.10396e+11,5.13565e+11,3.81418e+11,2.33535e+11,1.25115e+11,8.35491e+10
 1.523,1.30304e+11,2.35266e+11,3.88821e+11,5.11416e+11,5.16685e+11,3.83250e+11,2.32207e+11,1.20651e+11,7.72052e+10
 1.506,1.23573e+11,2.30140e+11,3.86643e+11,5.12501e+11,5.20026e+11,3.85336e+11,2.31225e+11,1.16533e+11,7.10498e+10
 1.488,1.15445e+11,2.23987e+11,3.84582e+11,5.15517e+11,5.27013e+11,3.90719e+11,2.32128e+11,1.12773e+11,6.42309e+10
 1.471,1.11239e+11,2.20479e+11,3.82713e+11,5.15582e+11,5.28324e+11,3.91381e+11,2.31115e+11,1.10145e+11,6.06009e+10
 1.452,1.09356e+11,2.18390e+11,3.80048e+11,5.11508e+11,5.22665e+11,3.86297e+11,2.27150e+11,1.07324e+11,5.85127e+10
 1.434,1.01862e+11,2.12242e+11,3.76413e+11,5.10467e+11,5.23511e+11,3.86572e+11,2.25128e+11,1.02706e+11,5.20440e+10
 1.416,1.01243e+11,2.11079e+11,3.74913e+11,5.08832e+11,5.21564e+11,3.84731e+11,2.23603e+11,1.01769e+11,5.16176e+10
 1.400,1.06637e+11,2.14029e+11,3.73726e+11,5.02453e+11,5.10350e+11,3.74959e+11,2.18423e+11,1.01955e+11,5.56479e+10
 1.386,1.08617e+11,2.14475e+11,3.71484e+11,4.96612e+11,5.01224e+11,3.66968e+11,2.13654e+11,1.00802e+11,5.69567e+10
 1.374,1.05537e+11,2.11286e+11,3.68246e+11,4.93014e+11,4.97046e+11,3.62825e+11,2.09867e+11,9.75603e+10,5.41029e+10
 1.358,1.05495e+11,2.10726e+11,3.67376e+11,4.92021e+11,4.96460e+11,3.63280e+11,2.10499e+11,9.80465e+10,5.44074e+10
 1.339,1.16429e+11,2.17164e+11,3.67427e+11,4.85100e+11,4.84670e+11,3.55337e+11,2.09501e+11,1.04229e+11,6.51856e+10
 1.318,1.63539e+11,2.46224e+11,3.71480e+11,4.61312e+11,4.42250e+11,3.30528e+11,2.14651e+11,1.38511e+11,1.16383e+11
 1.296,1.63808e+11,2.44719e+11,3.68931e+11,4.58716e+11,4.39904e+11,3.29336e+11,2.14741e+11,1.40016e+11,1.18631e+11
 1.276,1.59301e+11,2.39960e+11,3.65004e+11,4.56870e+11,4.39886e+11,3.29122e+11,2.13738e+11,1.38202e+11,1.16054e+11
 1.259,1.45527e+11,2.29835e+11,3.59470e+11,4.56193e+11,4.41095e+11,3.25389e+11,2.03747e+11,1.23358e+11,9.93899e+10
 1.241,1.45139e+11,2.27901e+11,3.56121e+11,4.52042e+11,4.36741e+11,3.22367e+11,2.02270e+11,1.23273e+11,9.99956e+10
 1.224,1.44914e+11,2.25705e+11,3.51569e+11,4.45348e+11,4.29052e+11,3.16945e+11,1.99843e+11,1.23238e+11,1.00905e+11
 1.206,1.30298e+11,2.14365e+11,3.44464e+11,4.43158e+11,4.29593e+11,3.13313e+11,1.90397e+11,1.08861e+11,8.42265e+10
 1.189,1.19541e+11,2.05187e+11,3.36757e+11,4.36759e+11,4.23834e+11,3.06175e+11,1.81289e+11,9.78431e+10,7.21484e+10
 1.169,1.12536e+11,1.98113e+11,3.30246e+11,4.31557e+11,4.20512e+11,3.03163e+11,1.77355e+11,9.28716e+10,6.64692e+10
 1.148,1.10135e+11,1.93733e+11,3.24835e+11,4.27345e+11,4.19129e+11,3.03364e+11,1.78232e+11,9.39306e+10,6.71750e+10
 1.126,1.04476e+11,1.86770e+11,3.16248e+11,4.17665e+11,4.10059e+11,2.96255e+11,1.73011e+11,8.98840e+10,6.31250e+10
 1.102,1.02858e+11,1.82301e+11,3.08510e+11,4.07601e+11,3.99920e+11,2.89163e+11,1.69231e+11,8.88351e+10,6.33463e+10
 1.080,1.09537e+11,1.83905e+11,3.03470e+11,3.96017e+11,3.84789e+11,2.79271e+11,1.66520e+11,9.27166e+10,7.10511e+10
 1.061,9.09358e+10,1.68720e+11,2.91742e+11,3.87835e+11,3.79077e+11,2.70570e+11,1.53118e+11,7.47278e+10,5.04645e+10
 1.040,8.58564e+10,1.61825e+11,2.83717e+11,3.81305e+11,3.76783e+11,2.70065e+11,1.53055e+11,7.43466e+10,4.91561e+10
 1.016,7.58294e+10,1.50910e+11,2.72018e+11,3.70425e+11,3.69193e+11,2.64189e+11,1.47481e+11,6.79766e+10,4.15025e+10
 0.996,6.83684e+10,1.42560e+11,2.62566e+11,3.60887e+11,3.61499e+11,2.58073e+11,1.41989e+11,6.23124e+10,3.52779e+10
 0.980,6.65955e+10,1.37112e+11,2.51410e+11,3.43436e+11,3.40726e+11,2.41994e+11,1.33128e+11,5.95843e+10,3.52513e+10
 0.963,6.26217e+10,1.31425e+11,2.42365e+11,3.30841e+11,3.26638e+11,2.30427e+11,1.24732e+11,5.37054e+10,3.07018e+10
 0.944,5.05512e+10,1.18699e+11,2.30419e+11,3.22260e+11,3.24293e+11,2.29742e+11,1.23156e+11,4.98178e+10,2.40390e+10
 0.931,4.28558e+10,1.10419e+11,2.22174e+11,3.15139e+11,3.20208e+11,2.27351e+11,1.20890e+11,4.65392e+10,1.92892e+10
 0.919,5.36112e+10,1.16340e+11,2.19924e+11,3.03994e+11,3.03040e+11,2.14870e+11,1.16491e+11,5.00202e+10,2.78532e+10
 0.904,4.69326e+10,1.08969e+11,2.12208e+11,2.97938e+11,3.01051e+11,2.14117e+11,1.15106e+11,4.69540e+10,2.31210e+10
 0.891,3.85320e+10,1.00498e+11,2.04398e+11,2.92317e+11,3.00070e+11,2.14891e+11,1.15026e+11,4.43026e+10,1.77154e+10
 0.877,4.02927e+10,9.92025e+10,1.96757e+11,2.76829e+11,2.77984e+11,1.95530e+11,1.02187e+11,3.84842e+10,1.67605e+10
 0.865,3.14153e+10,8.96219e+10,1.87631e+11,2.70129e+11,2.76452e+11,1.95960e+11,1.02370e+11,3.67662e+10,1.25064e+10
 0.852,2.55102e+10,8.24209e+10,1.80571e+11,2.66031e+11,2.79152e+11,2.01689e+11,1.07569e+11,3.90451e+10,1.13895e+10
 0.834,2.93390e+10,8.17753e+10,1.70921e+11,2.45614e+11,2.50842e+11,1.77963e+11,9.31519e+10,3.40527e+10,1.24823e+10
 0.822,2.88859e+10,7.93298e+10,1.65125e+11,2.36655e+11,2.40691e+11,1.70184e+11,8.83346e+10,3.17769e+10,1.17589e+10
 0.810,2.70708e+10,7.56084e+10,1.57967e+11,2.26292e+11,2.29402e+11,1.61435e+11,8.29433e+10,2.90040e+10,1.01580e+10
 0.792,1.91882e+10,6.65782e+10,1.49189e+11,2.21396e+11,2.32702e+11,1.67570e+11,8.80163e+10,3.03832e+10,7.44809e+09
 0.777,1.75126e+10,6.35252e+10,1.44297e+11,2.16639e+11,2.31940e+11,1.70086e+11,9.14523e+10,3.25733e+10,7.67397e+09
 0.765,1.60087e+10,5.93184e+10,1.35251e+11,2.01823e+11,2.13634e+11,1.55400e+11,8.22874e+10,2.83312e+10,6.20720e+09
 0.752,1.92463e+10,5.85514e+10,1.25268e+11,1.79122e+11,1.79639e+11,1.25125e+11,6.24051e+10,1.98769e+10,5.45251e+09
 0.739,1.67545e+10,5.41215e+10,1.19163e+11,1.73914e+11,1.78427e+11,1.26119e+11,6.42426e+10,2.12500e+10,5.68840e+09
 0.729,1.40218e+10,5.14218e+10,1.17983e+11,1.77666e+11,1.90101e+11,1.39094e+11,7.43353e+10,2.62910e+10,6.29007e+09
 0.714,1.35801e+10,5.12330e+10,1.17323e+11,1.77960e+11,1.94523e+11,1.46316e+11,8.14204e+10,3.05446e+10,7.24087e+09
 0.697,1.14182e+10,4.32336e+10,1.00557e+11,1.52070e+11,1.62604e+11,1.18437e+11,6.25823e+10,2.15918e+10,4.88862e+09
 0.677,1.07356e+10,4.17593e+10,9.71600e+10,1.48757e+11,1.63653e+11,1.23057e+11,6.80954e+10,2.52161e+10,5.76946e+09
 0.657,8.51788e+09,3.43411e+10,8.16312e+10,1.24876e+11,1.35101e+11,9.92582e+10,5.28289e+10,1.83145e+10,3.92055e+09
 0.642,7.70312e+09,3.13889e+10,7.48807e+10,1.14773e+11,1.24479e+11,9.17001e+10,4.89278e+10,1.70089e+10,3.61193e+09
 0.628,7.36755e+09,2.98999e+10,7.09949e+10,1.09374e+11,1.20247e+11,8.99170e+10,4.90420e+10,1.76617e+10,3.82877e+09
 0.617,6.38759e+09,2.65209e+10,6.36349e+10,9.78240e+10,1.06518e+11,7.88316e+10,4.22359e+10,1.47440e+10,3.08076e+09
 0.604,5.60049e+09,2.37528e+10,5.76313e+10,8.89549e+10,9.67961e+10,7.12389e+10,3.77255e+10,1.28686e+10,2.58138e+09
 0.591,5.46673e+09,2.28587e+10,5.49424e+10,8.50726e+10,9.37939e+10,7.02054e+10,3.81082e+10,1.35183e+10,2.80525e+09
 0.578,4.27967e+09,1.87467e+10,4.61249e+10,7.12523e+10,7.71118e+10,5.63745e+10,2.94010e+10,9.72396e+09,1.85613e+09
 0.565,4.05531e+09,1.74865e+10,4.27553e+10,6.62446e+10,7.23424e+10,5.33995e+10,2.82984e+10,9.64912e+09,1.92122e+09
 0.552,3.49630e+09,1.52891e+10,3.75929e+10,5.81085e+10,6.30143e+10,4.62148e+10,2.41982e+10,8.06911e+09,1.56670e+09
 0.537,2.73178e+09,1.23479e+10,3.08068e+10,4.73164e+10,5.04709e+10,3.64757e+10,1.85634e+10,5.86273e+09,1.07502e+09
 0.523,2.65316e+09,1.15937e+10,2.84189e+10,4.35542e+10,4.68758e+10,3.43654e+10,1.79741e+10,5.98391e+09,1.17483e+09
 0.506,2.33418e+09,1.01398e+10,2.48105e+10,3.81684e+10,4.12922e+10,3.03640e+10,1.59564e+10,5.35788e+09,1.06220e+09
 0.485,1.55013e+09,7.03322e+09,1.76210e+10,2.71376e+10,2.91922e+10,2.13928e+10,1.10850e+10,3.64269e+09,7.27797e+08
 0.465,1.07072e+09,5.06222e+09,1.28776e+10,1.97688e+10,2.11280e+10,1.54660e+10,7.96203e+09,2.58737e+09,5.21020e+08
 0.445,7.49102e+08,3.60010e+09,9.16711e+09,1.38440e+10,1.46053e+10,1.07815e+10,5.61743e+09,1.89428e+09,4.32528e+08
 0.426,6.13959e+08,2.71158e+09,6.63137e+09,9.69614e+09,1.02599e+10,8.04315e+09,4.62883e+09,1.89402e+09,5.62124e+08
 0.408,7.22961e+08,2.59415e+09,5.69750e+09,8.15715e+09,9.52465e+09,8.91530e+09,6.42605e+09,3.40028e+09,1.11845e+09
 0.387,7.82259e+08,2.42506e+09,4.82032e+09,7.18040e+09,1.03045e+10,1.16347e+10,9.74990e+09,5.64475e+09,1.72508e+09
 0.362,5.58828e+08,1.71769e+09,3.31138e+09,5.07971e+09,7.87562e+09,9.30734e+09,8.02517e+09,4.67873e+09,1.36140e+09
 0.337,3.40794e+08,1.07797e+09,2.07876e+09,3.10897e+09,4.55992e+09,5.22887e+09,4.46746e+09,2.62791e+09,7.85067e+08
 0.312,1.45085e+08,4.78417e+08,9.61381e+08,1.43773e+09,2.07382e+09,2.37609e+09,2.05030e+09,1.26465e+09,4.16146e+08
 0.287,4.53549e+07,1.70967e+08,3.80450e+08,5.75355e+08,7.00509e+08,6.53039e+08,4.79606e+08,2.68102e+08,9.15128e+07
 0.268,1.93547e+07,7.88574e+07,1.81770e+08,2.77390e+08,3.11829e+08,2.47677e+08,1.49460e+08,6.41527e+07,1.77093e+07
