#Lambda(microns),,Phi=0.1050,Phi=0.2000,Phi=0.3000,Phi=0.3950,Phi=0.5000,Phi=0.6050,Phi=0.7000,Phi=0.8000,Phi=0.8950
227.531,4.73641e-03,5.77414e-03,7.14457e-03,8.29682e-03,8.69132e-03,7.75415e-03,6.33807e-03,4.99680e-03,4.25266e-03
138.793,4.34615e-03,5.37201e-03,6.70394e-03,7.80742e-03,8.15534e-03,7.21033e-03,5.81071e-03,4.50653e-03,3.80547e-03
97.752,4.11579e-03,5.13523e-03,6.44980e-03,7.52849e-03,7.84913e-03,6.91151e-03,5.53115e-03,4.25013e-03,3.56569e-03
73.692,3.90408e-03,4.94399e-03,6.27490e-03,7.35414e-03,7.66727e-03,6.74251e-03,5.36189e-03,4.06482e-03,3.35737e-03
53.879,3.74027e-03,4.79635e-03,6.14528e-03,7.23212e-03,7.55232e-03,6.64959e-03,5.27219e-03,3.95661e-03,3.21820e-03
42.212,3.57495e-03,4.63446e-03,5.98443e-03,7.06716e-03,7.39801e-03,6.53185e-03,5.17332e-03,3.84977e-03,3.08428e-03
35.753,3.51545e-03,4.57669e-03,5.92795e-03,7.01173e-03,7.35447e-03,6.50975e-03,5.16011e-03,3.82917e-03,3.04545e-03
29.700,3.46714e-03,4.50422e-03,5.82856e-03,6.89473e-03,7.22766e-03,6.37960e-03,5.04550e-03,3.74548e-03,2.99205e-03
24.839,3.37673e-03,4.39915e-03,5.70640e-03,6.75937e-03,7.08286e-03,6.23478e-03,4.91382e-03,3.63474e-03,2.90001e-03
21.395,3.27611e-03,4.29947e-03,5.60782e-03,6.66167e-03,6.98894e-03,6.14750e-03,4.82878e-03,3.54665e-03,2.80597e-03
19.382,3.24360e-03,4.28874e-03,5.63136e-03,6.72459e-03,7.07358e-03,6.20544e-03,4.85114e-03,3.53681e-03,2.77571e-03
18.180,3.20502e-03,4.24620e-03,5.58377e-03,6.67159e-03,7.02063e-03,6.16274e-03,4.81673e-03,3.50609e-03,2.74401e-03
16.978,3.18064e-03,4.20848e-03,5.53120e-03,6.60842e-03,6.95443e-03,6.10319e-03,4.77015e-03,3.47539e-03,2.72471e-03
15.777,3.15751e-03,4.16518e-03,5.46593e-03,6.52815e-03,6.86928e-03,6.02602e-03,4.71166e-03,3.44100e-03,2.70846e-03
14.575,3.11584e-03,4.10867e-03,5.39332e-03,6.44473e-03,6.78304e-03,5.94566e-03,4.64521e-03,3.39241e-03,2.67280e-03
13.588,3.10780e-03,4.07529e-03,5.33300e-03,6.36700e-03,6.69923e-03,5.86819e-03,4.58951e-03,3.36737e-03,2.67221e-03
12.787,3.11012e-03,4.05205e-03,5.28338e-03,6.30120e-03,6.62720e-03,5.80033e-03,4.54229e-03,3.35138e-03,2.68168e-03
11.986,3.10873e-03,4.02054e-03,5.21949e-03,6.21673e-03,6.53611e-03,5.71654e-03,4.48467e-03,3.33046e-03,2.68918e-03
11.292,3.11235e-03,3.99360e-03,5.15974e-03,6.13607e-03,6.44594e-03,5.63029e-03,4.42421e-03,3.30926e-03,2.69974e-03
10.692,3.07950e-03,3.94338e-03,5.08824e-03,6.04958e-03,6.34771e-03,5.52520e-03,4.33106e-03,3.24237e-03,2.65832e-03
10.091,3.03757e-03,3.88360e-03,5.00958e-03,5.95834e-03,6.24650e-03,5.42155e-03,4.24216e-03,3.17988e-03,2.61835e-03
 9.648,2.96231e-03,3.81114e-03,4.94016e-03,5.88997e-03,6.17611e-03,5.35091e-03,4.17118e-03,3.10827e-03,2.54492e-03
 9.348,2.85101e-03,3.72801e-03,4.88539e-03,5.85190e-03,6.14569e-03,5.31910e-03,4.11742e-03,3.01935e-03,2.42648e-03
 8.995,2.72938e-03,3.63400e-03,4.81982e-03,5.80290e-03,6.10473e-03,5.28021e-03,4.05929e-03,2.92678e-03,2.30264e-03
 8.673,2.59313e-03,3.53406e-03,4.75766e-03,5.76405e-03,6.07993e-03,5.26235e-03,4.01817e-03,2.83879e-03,2.16930e-03
 8.345,2.45784e-03,3.42947e-03,4.68336e-03,5.70605e-03,6.02485e-03,5.20499e-03,3.94114e-03,2.72799e-03,2.02807e-03
 8.074,2.39062e-03,3.36965e-03,4.63012e-03,5.65592e-03,5.97347e-03,5.15068e-03,3.88223e-03,2.66258e-03,1.95724e-03
 7.904,2.32759e-03,3.31423e-03,4.58123e-03,5.60928e-03,5.92319e-03,5.09602e-03,3.82275e-03,2.59781e-03,1.88856e-03
 7.714,2.30630e-03,3.28241e-03,4.53767e-03,5.55751e-03,5.86448e-03,5.03542e-03,3.77019e-03,2.56020e-03,1.86453e-03
 7.498,2.29642e-03,3.25482e-03,4.49004e-03,5.49441e-03,5.78993e-03,4.95553e-03,3.69974e-03,2.51293e-03,1.84371e-03
 7.284,2.24083e-03,3.19901e-03,4.43464e-03,5.43952e-03,5.73858e-03,4.91081e-03,3.65777e-03,2.46914e-03,1.79532e-03
 7.094,2.20843e-03,3.16132e-03,4.39415e-03,5.39841e-03,5.70124e-03,4.87945e-03,3.63065e-03,2.44519e-03,1.77250e-03
 6.873,2.14601e-03,3.10338e-03,4.34380e-03,5.35366e-03,5.66124e-03,4.84485e-03,3.59464e-03,2.40189e-03,1.72015e-03
 6.664,2.05823e-03,3.02480e-03,4.27557e-03,5.29029e-03,5.59525e-03,4.77737e-03,3.52291e-03,2.32276e-03,1.63362e-03
 6.515,2.09419e-03,3.02754e-03,4.23634e-03,5.21670e-03,5.48731e-03,4.65215e-03,3.42189e-03,2.27658e-03,1.64403e-03
 6.297,2.28501e-03,3.11694e-03,4.20676e-03,5.09682e-03,5.29464e-03,4.44859e-03,3.30866e-03,2.31587e-03,1.81743e-03
 6.064,2.18417e-03,3.03478e-03,4.14718e-03,5.05367e-03,5.26194e-03,4.41497e-03,3.25881e-03,2.24062e-03,1.72003e-03
 5.899,2.06660e-03,2.94874e-03,4.09744e-03,5.02982e-03,5.25554e-03,4.40876e-03,3.22523e-03,2.16301e-03,1.60473e-03
 5.759,2.03264e-03,2.91490e-03,4.06560e-03,5.00098e-03,5.23233e-03,4.39066e-03,3.20813e-03,2.14292e-03,1.57948e-03
 5.572,1.99216e-03,2.87505e-03,4.02951e-03,4.97074e-03,5.21128e-03,4.37698e-03,3.19473e-03,2.12365e-03,1.55153e-03
 5.379,1.96747e-03,2.84919e-03,4.00570e-03,4.95162e-03,5.19652e-03,4.36175e-03,3.17837e-03,2.10628e-03,1.53305e-03
 5.265,1.95345e-03,2.82642e-03,3.97346e-03,4.91323e-03,5.15395e-03,4.31886e-03,3.14318e-03,2.08306e-03,1.52005e-03
 5.149,1.92085e-03,2.79232e-03,3.93746e-03,4.87606e-03,5.11487e-03,4.27743e-03,3.10322e-03,2.04650e-03,1.48659e-03
 5.000,1.87670e-03,2.74726e-03,3.89014e-03,4.82608e-03,5.05892e-03,4.21428e-03,3.03908e-03,1.98666e-03,1.43396e-03
 4.882,1.85440e-03,2.72534e-03,3.86568e-03,4.79638e-03,5.01844e-03,4.16598e-03,2.99095e-03,1.94429e-03,1.39966e-03
 4.827,1.83046e-03,2.68272e-03,3.79748e-03,4.70512e-03,4.91454e-03,4.07599e-03,2.92772e-03,1.90861e-03,1.38085e-03
 4.796,1.83910e-03,2.71242e-03,3.85426e-03,4.78504e-03,5.00420e-03,4.14776e-03,2.97044e-03,1.92340e-03,1.37982e-03
 4.750,1.84155e-03,2.71129e-03,3.84923e-03,4.77667e-03,4.99215e-03,4.13518e-03,2.96160e-03,1.92050e-03,1.38201e-03
 4.700,1.83616e-03,2.69886e-03,3.82716e-03,4.74489e-03,4.95522e-03,4.10887e-03,2.94883e-03,1.91807e-03,1.38337e-03
 4.662,1.84260e-03,2.70819e-03,3.84404e-03,4.77187e-03,4.98879e-03,4.13424e-03,2.96498e-03,1.92849e-03,1.39154e-03
 4.605,1.78369e-03,2.66654e-03,3.81960e-03,4.75765e-03,4.97679e-03,4.11551e-03,2.92862e-03,1.87024e-03,1.31984e-03
 4.504,1.76568e-03,2.63708e-03,3.77821e-03,4.70869e-03,4.92004e-03,4.05092e-03,2.87015e-03,1.82911e-03,1.29687e-03
 4.395,1.79534e-03,2.59904e-03,3.66007e-03,4.52540e-03,4.69630e-03,3.85519e-03,2.75303e-03,1.80870e-03,1.34473e-03
 4.301,1.82057e-03,2.54204e-03,3.49648e-03,4.26473e-03,4.37488e-03,3.57796e-03,2.58428e-03,1.76486e-03,1.38510e-03
 4.202,1.86903e-03,2.54229e-03,3.43856e-03,4.15519e-03,4.23156e-03,3.45743e-03,2.52403e-03,1.77607e-03,1.44696e-03
 4.074,1.95396e-03,2.57386e-03,3.40473e-03,4.06300e-03,4.10093e-03,3.35698e-03,2.49525e-03,1.82710e-03,1.55050e-03
 3.949,2.05520e-03,2.61584e-03,3.36690e-03,3.94584e-03,3.92623e-03,3.22228e-03,2.45077e-03,1.87865e-03,1.66368e-03
 3.849,1.99855e-03,2.55998e-03,3.31107e-03,3.89030e-03,3.87301e-03,3.17124e-03,2.39942e-03,1.82476e-03,1.60681e-03
 3.749,1.88276e-03,2.46989e-03,3.25750e-03,3.87864e-03,3.89574e-03,3.17507e-03,2.35900e-03,1.73674e-03,1.48742e-03
 3.662,1.72683e-03,2.34013e-03,3.16401e-03,3.82732e-03,3.88655e-03,3.15477e-03,2.29449e-03,1.61930e-03,1.33224e-03
 3.587,1.61036e-03,2.24280e-03,3.09168e-03,3.78185e-03,3.86864e-03,3.13270e-03,2.24338e-03,1.53071e-03,1.21597e-03
 3.513,1.50931e-03,2.15847e-03,3.03205e-03,3.74946e-03,3.86434e-03,3.12607e-03,2.21033e-03,1.46303e-03,1.12175e-03
 3.438,1.42794e-03,2.08901e-03,2.98248e-03,3.72374e-03,3.86611e-03,3.12890e-03,2.19217e-03,1.41578e-03,1.05115e-03
 3.363,1.33449e-03,2.00801e-03,2.92118e-03,3.68466e-03,3.85351e-03,3.12052e-03,2.16457e-03,1.35857e-03,9.68984e-04
 3.308,1.29452e-03,1.98670e-03,2.92928e-03,3.72154e-03,3.91463e-03,3.17771e-03,2.19578e-03,1.35598e-03,9.39577e-04
 3.269,1.25464e-03,1.93405e-03,2.86116e-03,3.64249e-03,3.83989e-03,3.12271e-03,2.15836e-03,1.32895e-03,9.14050e-04
 3.231,1.18264e-03,1.87641e-03,2.82216e-03,3.61941e-03,3.83206e-03,3.11900e-03,2.14031e-03,1.28617e-03,8.49184e-04
 3.193,1.14103e-03,1.84026e-03,2.79247e-03,3.59369e-03,3.81118e-03,3.10490e-03,2.12437e-03,1.26101e-03,8.13442e-04
 3.156,1.10278e-03,1.80704e-03,2.76707e-03,3.57553e-03,3.80077e-03,3.09751e-03,2.11164e-03,1.23819e-03,7.81272e-04
 3.118,1.08250e-03,1.78718e-03,2.74941e-03,3.55994e-03,3.78900e-03,3.09149e-03,2.10685e-03,1.23047e-03,7.68700e-04
 3.085,1.04157e-03,1.74791e-03,2.71262e-03,3.52408e-03,3.75666e-03,3.06874e-03,2.08748e-03,1.20721e-03,7.37788e-04
 3.055,1.03020e-03,1.73706e-03,2.70372e-03,3.51666e-03,3.74885e-03,3.05958e-03,2.07746e-03,1.19713e-03,7.28115e-04
 3.014,9.86595e-04,1.69106e-03,2.65580e-03,3.46736e-03,3.70214e-03,3.02067e-03,2.04383e-03,1.16478e-03,6.93243e-04
 2.965,9.36077e-04,1.64319e-03,2.61009e-03,3.42130e-03,3.65691e-03,2.98236e-03,2.00846e-03,1.12626e-03,6.48550e-04
 2.909,9.05469e-04,1.60347e-03,2.55889e-03,3.35952e-03,3.58710e-03,2.91555e-03,1.95292e-03,1.08523e-03,6.18550e-04
 2.847,8.72468e-04,1.56533e-03,2.51497e-03,3.31098e-03,3.53778e-03,2.87198e-03,1.91624e-03,1.05411e-03,5.89921e-04
 2.787,8.47029e-04,1.52521e-03,2.45488e-03,3.23184e-03,3.44398e-03,2.78302e-03,1.84658e-03,1.00891e-03,5.63346e-04
 2.730,8.28044e-04,1.49332e-03,2.40322e-03,3.15842e-03,3.35010e-03,2.69248e-03,1.77666e-03,9.65204e-04,5.39951e-04
 2.676,8.38554e-04,1.48020e-03,2.35992e-03,3.08962e-03,3.25945e-03,2.59740e-03,1.70467e-03,9.32336e-04,5.41478e-04
 2.623,8.26846e-04,1.46764e-03,2.35199e-03,3.09234e-03,3.27648e-03,2.61681e-03,1.71839e-03,9.38153e-04,5.40136e-04
 2.574,7.71180e-04,1.41309e-03,2.29856e-03,3.04179e-03,3.23734e-03,2.59129e-03,1.69530e-03,9.06372e-04,4.95773e-04
 2.527,7.59927e-04,1.39042e-03,2.26118e-03,2.99217e-03,3.18178e-03,2.54349e-03,1.66257e-03,8.89268e-04,4.88532e-04
 2.482,8.01624e-04,1.40157e-03,2.23009e-03,2.92078e-03,3.07653e-03,2.44213e-03,1.59936e-03,8.79085e-04,5.21043e-04
 2.437,8.53912e-04,1.41953e-03,2.19655e-03,2.83457e-03,2.94444e-03,2.31495e-03,1.52035e-03,8.65215e-04,5.58416e-04
 2.394,9.06727e-04,1.43499e-03,2.14988e-03,2.71671e-03,2.76771e-03,2.15671e-03,1.42592e-03,8.46031e-04,5.94220e-04
 2.354,9.24087e-04,1.42262e-03,2.08603e-03,2.59128e-03,2.59595e-03,2.00986e-03,1.33579e-03,8.15444e-04,6.03469e-04
 2.314,9.38418e-04,1.41426e-03,2.04045e-03,2.50356e-03,2.47962e-03,1.91430e-03,1.28097e-03,8.01554e-04,6.15811e-04
 2.276,9.75647e-04,1.41471e-03,1.98617e-03,2.39117e-03,2.32741e-03,1.78761e-03,1.21234e-03,7.95580e-04,6.52095e-04
 2.240,9.55369e-04,1.38188e-03,1.94651e-03,2.35576e-03,2.30054e-03,1.76552e-03,1.19609e-03,7.86220e-04,6.46362e-04
 2.209,9.21131e-04,1.34686e-03,1.92421e-03,2.36125e-03,2.33194e-03,1.79090e-03,1.20496e-03,7.79306e-04,6.28405e-04
 2.183,8.99688e-04,1.32491e-03,1.91183e-03,2.36918e-03,2.36079e-03,1.81594e-03,1.21801e-03,7.80677e-04,6.21160e-04
 2.163,9.04214e-04,1.33954e-03,1.94623e-03,2.42646e-03,2.43109e-03,1.87198e-03,1.25253e-03,7.96989e-04,6.27712e-04
 2.148,8.38094e-04,1.26124e-03,1.85643e-03,2.33598e-03,2.35911e-03,1.81863e-03,1.20933e-03,7.55706e-04,5.81185e-04
 2.137,8.27417e-04,1.25360e-03,1.85607e-03,2.34577e-03,2.37833e-03,1.83514e-03,1.21767e-03,7.55377e-04,5.74769e-04
 2.129,7.98661e-04,1.22764e-03,1.83587e-03,2.33373e-03,2.37683e-03,1.83471e-03,1.21090e-03,7.39488e-04,5.51193e-04
 2.114,7.74171e-04,1.20265e-03,1.80999e-03,2.30677e-03,2.35216e-03,1.81457e-03,1.19296e-03,7.21028e-04,5.30498e-04
 2.091,7.24570e-04,1.16034e-03,1.78061e-03,2.29253e-03,2.35464e-03,1.81789e-03,1.18382e-03,6.94347e-04,4.89298e-04
 2.070,6.83580e-04,1.12381e-03,1.75000e-03,2.26692e-03,2.33614e-03,1.80326e-03,1.16513e-03,6.66742e-04,4.53084e-04
 2.050,6.45201e-04,1.08461e-03,1.70791e-03,2.22038e-03,2.29071e-03,1.76657e-03,1.13383e-03,6.35773e-04,4.19072e-04
 2.030,6.22111e-04,1.07017e-03,1.70429e-03,2.22417e-03,2.29741e-03,1.77050e-03,1.12899e-03,6.19983e-04,3.95339e-04
 2.010,5.82375e-04,1.02572e-03,1.65178e-03,2.16356e-03,2.23612e-03,1.71990e-03,1.08822e-03,5.84453e-04,3.60156e-04
 1.982,5.73032e-04,1.01164e-03,1.62749e-03,2.12486e-03,2.18461e-03,1.67366e-03,1.05453e-03,5.63439e-04,3.47533e-04
 1.947,5.69509e-04,1.00602e-03,1.62039e-03,2.11690e-03,2.17370e-03,1.65965e-03,1.04136e-03,5.54323e-04,3.42856e-04
 1.916,5.44231e-04,9.61254e-04,1.55447e-03,2.04002e-03,2.10294e-03,1.60658e-03,1.00811e-03,5.37579e-04,3.33086e-04
 1.889,5.24760e-04,9.48323e-04,1.55188e-03,2.04691e-03,2.11640e-03,1.61804e-03,1.01038e-03,5.28735e-04,3.16138e-04
 1.863,4.80657e-04,9.06147e-04,1.51512e-03,2.01906e-03,2.10228e-03,1.61055e-03,9.98339e-04,5.05700e-04,2.81933e-04
 1.837,4.83728e-04,8.84823e-04,1.45666e-03,1.92345e-03,1.98443e-03,1.51191e-03,9.38039e-04,4.84709e-04,2.85973e-04
 1.812,4.94593e-04,8.93415e-04,1.46004e-03,1.91800e-03,1.96792e-03,1.49455e-03,9.27066e-04,4.82982e-04,2.92083e-04
 1.788,4.99254e-04,8.70349e-04,1.39525e-03,1.81295e-03,1.84372e-03,1.39686e-03,8.72804e-04,4.69609e-04,3.02270e-04
 1.766,5.25226e-04,8.77536e-04,1.37116e-03,1.75353e-03,1.76044e-03,1.32989e-03,8.40093e-04,4.71776e-04,3.26501e-04
 1.740,5.81500e-04,9.17439e-04,1.38038e-03,1.72255e-03,1.69674e-03,1.27937e-03,8.25260e-04,4.95568e-04,3.76215e-04
 1.713,5.99796e-04,8.98901e-04,1.30603e-03,1.59324e-03,1.54348e-03,1.16669e-03,7.72955e-04,4.96860e-04,4.05909e-04
 1.692,6.25213e-04,9.05087e-04,1.28115e-03,1.53435e-03,1.46700e-03,1.11338e-03,7.54254e-04,5.09024e-04,4.34992e-04
 1.675,6.34978e-04,9.17290e-04,1.29617e-03,1.54930e-03,1.47804e-03,1.12136e-03,7.60685e-04,5.15459e-04,4.42484e-04
 1.660,5.94245e-04,8.65412e-04,1.23343e-03,1.48434e-03,1.42164e-03,1.07690e-03,7.26497e-04,4.87257e-04,4.14325e-04
 1.646,5.85507e-04,8.68686e-04,1.25809e-03,1.53171e-03,1.47654e-03,1.11373e-03,7.40885e-04,4.84164e-04,4.03126e-04
 1.627,5.45856e-04,8.28955e-04,1.22470e-03,1.51254e-03,1.47107e-03,1.10569e-03,7.24322e-04,4.58691e-04,3.71104e-04
 1.604,5.15589e-04,8.05087e-04,1.21647e-03,1.52533e-03,1.49765e-03,1.12173e-03,7.23027e-04,4.42189e-04,3.45662e-04
 1.584,4.99183e-04,7.98577e-04,1.22796e-03,1.55626e-03,1.53865e-03,1.15035e-03,7.33001e-04,4.35913e-04,3.30227e-04
 1.567,4.59352e-04,7.53968e-04,1.17966e-03,1.51012e-03,1.50212e-03,1.12052e-03,7.05421e-04,4.07193e-04,2.98241e-04
 1.552,4.29872e-04,7.28677e-04,1.16260e-03,1.50362e-03,1.50476e-03,1.11971e-03,6.94840e-04,3.86499e-04,2.70995e-04
 1.538,4.00332e-04,7.02214e-04,1.14225e-03,1.49123e-03,1.50049e-03,1.11440e-03,6.82323e-04,3.65550e-04,2.44107e-04
 1.523,3.79333e-04,6.84893e-04,1.13191e-03,1.48880e-03,1.50414e-03,1.11569e-03,6.75989e-04,3.51233e-04,2.24755e-04
 1.506,3.64619e-04,6.79061e-04,1.14085e-03,1.51221e-03,1.53441e-03,1.13699e-03,6.82262e-04,3.43847e-04,2.09643e-04
 1.488,3.32575e-04,6.45266e-04,1.10791e-03,1.48511e-03,1.51823e-03,1.12559e-03,6.68717e-04,3.24879e-04,1.85038e-04
 1.471,3.16833e-04,6.27977e-04,1.09006e-03,1.46850e-03,1.50479e-03,1.11474e-03,6.58270e-04,3.13719e-04,1.72606e-04
 1.452,3.08768e-04,6.16629e-04,1.07307e-03,1.44425e-03,1.47575e-03,1.09072e-03,6.41363e-04,3.03031e-04,1.65212e-04
 1.434,2.84899e-04,5.93618e-04,1.05279e-03,1.42772e-03,1.46421e-03,1.08120e-03,6.29659e-04,2.87257e-04,1.45562e-04
 1.416,2.79122e-04,5.81932e-04,1.03361e-03,1.40282e-03,1.43792e-03,1.06068e-03,6.16461e-04,2.80572e-04,1.42307e-04
 1.400,2.90760e-04,5.83582e-04,1.01902e-03,1.37001e-03,1.39154e-03,1.02238e-03,5.95563e-04,2.77995e-04,1.51732e-04
 1.386,2.94981e-04,5.82469e-04,1.00887e-03,1.34869e-03,1.36122e-03,9.96608e-04,5.80241e-04,2.73758e-04,1.54683e-04
 1.374,2.86324e-04,5.73223e-04,9.99058e-04,1.33756e-03,1.34850e-03,9.84352e-04,5.69374e-04,2.64683e-04,1.46782e-04
 1.358,2.83270e-04,5.65829e-04,9.86458e-04,1.32115e-03,1.33307e-03,9.75459e-04,5.65219e-04,2.63269e-04,1.46092e-04
 1.339,3.10647e-04,5.79420e-04,9.80343e-04,1.29431e-03,1.29316e-03,9.48085e-04,5.58976e-04,2.78097e-04,1.73924e-04
 1.318,4.34061e-04,6.53521e-04,9.85973e-04,1.22440e-03,1.17381e-03,8.77279e-04,5.69722e-04,3.67632e-04,3.08900e-04
 1.296,4.31106e-04,6.44047e-04,9.70944e-04,1.20724e-03,1.15773e-03,8.66738e-04,5.65151e-04,3.68491e-04,3.12210e-04
 1.276,4.25508e-04,6.40956e-04,9.74961e-04,1.22034e-03,1.17498e-03,8.79116e-04,5.70914e-04,3.69150e-04,3.09991e-04
 1.259,3.78112e-04,5.97164e-04,9.33983e-04,1.18529e-03,1.14606e-03,8.45435e-04,5.29380e-04,3.20512e-04,2.58237e-04
 1.241,3.73659e-04,5.86727e-04,9.16830e-04,1.16378e-03,1.12438e-03,8.29929e-04,5.20741e-04,3.17364e-04,2.57437e-04
 1.224,3.73831e-04,5.82246e-04,9.06934e-04,1.14885e-03,1.10682e-03,8.17617e-04,5.15530e-04,3.17914e-04,2.60303e-04
 1.206,3.37367e-04,5.55033e-04,8.91884e-04,1.14742e-03,1.11230e-03,8.11226e-04,4.92975e-04,2.81861e-04,2.18079e-04
 1.189,3.07596e-04,5.27974e-04,8.66523e-04,1.12384e-03,1.09058e-03,7.87831e-04,4.66482e-04,2.51764e-04,1.85648e-04
 1.169,2.88721e-04,5.08276e-04,8.47274e-04,1.10720e-03,1.07886e-03,7.77790e-04,4.55018e-04,2.38270e-04,1.70532e-04
 1.148,2.76504e-04,4.86385e-04,8.15531e-04,1.07289e-03,1.05227e-03,7.61626e-04,4.47468e-04,2.35822e-04,1.68649e-04
 1.126,2.63337e-04,4.70763e-04,7.97116e-04,1.05274e-03,1.03357e-03,7.46722e-04,4.36083e-04,2.26556e-04,1.59109e-04
 1.102,2.58799e-04,4.58683e-04,7.76236e-04,1.02556e-03,1.00623e-03,7.27556e-04,4.25799e-04,2.23516e-04,1.59384e-04
 1.080,2.76297e-04,4.63885e-04,7.65478e-04,9.98921e-04,9.70599e-04,7.04437e-04,4.20033e-04,2.33870e-04,1.79220e-04
 1.061,2.26773e-04,4.20750e-04,7.27538e-04,9.67171e-04,9.45332e-04,6.74741e-04,3.81840e-04,1.86354e-04,1.25847e-04
 1.040,2.07645e-04,3.91375e-04,6.86173e-04,9.22190e-04,9.11253e-04,6.53156e-04,3.70166e-04,1.79808e-04,1.18884e-04
 1.016,1.84550e-04,3.67277e-04,6.62024e-04,9.01522e-04,8.98524e-04,6.42970e-04,3.58931e-04,1.65438e-04,1.01007e-04
 0.996,1.64254e-04,3.42499e-04,6.30812e-04,8.67026e-04,8.68496e-04,6.20018e-04,3.41128e-04,1.49705e-04,8.47546e-05
 0.980,1.58909e-04,3.27175e-04,5.99911e-04,8.19501e-04,8.13035e-04,5.77443e-04,3.17669e-04,1.42179e-04,8.41161e-05
 0.963,1.50612e-04,3.16090e-04,5.82913e-04,7.95708e-04,7.85598e-04,5.54201e-04,2.99994e-04,1.29167e-04,7.38410e-05
 0.944,1.20468e-04,2.82872e-04,5.49110e-04,7.67975e-04,7.72821e-04,5.47496e-04,2.93492e-04,1.18720e-04,5.72873e-05
 0.931,1.01061e-04,2.60385e-04,5.23921e-04,7.43146e-04,7.55101e-04,5.36128e-04,2.85078e-04,1.09747e-04,4.54870e-05
 0.919,1.27862e-04,2.77470e-04,5.24515e-04,7.25020e-04,7.22746e-04,5.12462e-04,2.77828e-04,1.19297e-04,6.64294e-05
 0.904,1.14315e-04,2.65419e-04,5.16881e-04,7.25697e-04,7.33277e-04,5.21530e-04,2.80368e-04,1.14367e-04,5.63163e-05
 0.891,9.11253e-05,2.37671e-04,4.83386e-04,6.91308e-04,7.09642e-04,5.08201e-04,2.72028e-04,1.04772e-04,4.18956e-05
 0.877,9.50093e-05,2.33917e-04,4.63948e-04,6.52757e-04,6.55478e-04,4.61055e-04,2.40955e-04,9.07447e-05,3.95208e-05
 0.865,7.63648e-05,2.17854e-04,4.56096e-04,6.56631e-04,6.72002e-04,4.76342e-04,2.48842e-04,8.93716e-05,3.04006e-05
 0.852,6.15288e-05,1.98794e-04,4.35524e-04,6.41649e-04,6.73296e-04,4.86460e-04,2.59450e-04,9.41742e-05,2.74706e-05
 0.834,7.00415e-05,1.95223e-04,4.08043e-04,5.86358e-04,5.98838e-04,4.24855e-04,2.22383e-04,8.12947e-05,2.97993e-05
 0.822,6.90802e-05,1.89716e-04,3.94895e-04,5.65957e-04,5.75608e-04,4.06991e-04,2.11251e-04,7.59940e-05,2.81212e-05
 0.810,6.29689e-05,1.75871e-04,3.67443e-04,5.26374e-04,5.33606e-04,3.75510e-04,1.92933e-04,6.74655e-05,2.36283e-05
 0.792,4.52305e-05,1.56939e-04,3.51669e-04,5.21876e-04,5.48526e-04,3.94997e-04,2.07473e-04,7.16196e-05,1.75567e-05
 0.777,4.07803e-05,1.47926e-04,3.36014e-04,5.04470e-04,5.40099e-04,3.96065e-04,2.12958e-04,7.58510e-05,1.78698e-05
 0.765,3.74365e-05,1.38717e-04,3.16286e-04,4.71965e-04,4.99586e-04,3.63403e-04,1.92430e-04,6.62529e-05,1.45156e-05
 0.752,4.49391e-05,1.36714e-04,2.92493e-04,4.18240e-04,4.19448e-04,2.92161e-04,1.45713e-04,4.64114e-05,1.27313e-05
 0.739,3.97341e-05,1.28351e-04,2.82599e-04,4.12445e-04,4.23147e-04,2.99097e-04,1.52354e-04,5.03952e-05,1.34903e-05
 0.729,3.30917e-05,1.21356e-04,2.78441e-04,4.19295e-04,4.48643e-04,3.28265e-04,1.75433e-04,6.20472e-05,1.48447e-05
 0.714,3.21774e-05,1.21394e-04,2.77991e-04,4.21669e-04,4.60914e-04,3.46689e-04,1.92922e-04,7.23740e-05,1.71569e-05
 0.697,2.69295e-05,1.01965e-04,2.37160e-04,3.58653e-04,3.83496e-04,2.79331e-04,1.47598e-04,5.09237e-05,1.15296e-05
 0.677,2.56737e-05,9.98657e-05,2.32354e-04,3.55747e-04,3.91369e-04,2.94286e-04,1.62847e-04,6.03034e-05,1.37974e-05
 0.657,2.14031e-05,8.62898e-05,2.05117e-04,3.13778e-04,3.39471e-04,2.49409e-04,1.32745e-04,4.60194e-05,9.85127e-06
 0.642,1.86818e-05,7.61251e-05,1.81603e-04,2.78350e-04,3.01889e-04,2.22394e-04,1.18661e-04,4.12506e-05,8.75975e-06
 0.628,1.84144e-05,7.47317e-05,1.77444e-04,2.73368e-04,3.00546e-04,2.24738e-04,1.22575e-04,4.41436e-05,9.56961e-06
 0.617,1.62091e-05,6.72992e-05,1.61479e-04,2.48237e-04,2.70300e-04,2.00042e-04,1.07177e-04,3.74143e-05,7.81771e-06
 0.604,1.38154e-05,5.85939e-05,1.42166e-04,2.19436e-04,2.38779e-04,1.75734e-04,9.30621e-05,3.17445e-05,6.36780e-06
 0.591,1.38594e-05,5.79518e-05,1.39291e-04,2.15678e-04,2.37788e-04,1.77986e-04,9.66129e-05,3.42719e-05,7.11193e-06
 0.578,1.09052e-05,4.77691e-05,1.17533e-04,1.81560e-04,1.96491e-04,1.43650e-04,7.49178e-05,2.47780e-05,4.72967e-06
 0.565,1.09129e-05,4.70566e-05,1.15056e-04,1.78266e-04,1.94675e-04,1.43699e-04,7.61516e-05,2.59660e-05,5.17006e-06
 0.552,9.54376e-06,4.17342e-05,1.02616e-04,1.58617e-04,1.72008e-04,1.26151e-04,6.60531e-05,2.20260e-05,4.27658e-06
 0.537,7.86917e-06,3.55694e-05,8.87419e-05,1.36299e-04,1.45386e-04,1.05072e-04,5.34738e-05,1.68882e-05,3.09671e-06
 0.523,8.43275e-06,3.68493e-05,9.03261e-05,1.38432e-04,1.48989e-04,1.09226e-04,5.71284e-05,1.90191e-05,3.73404e-06
 0.506,7.17198e-06,3.11556e-05,7.62326e-05,1.17276e-04,1.26874e-04,9.32963e-05,4.90276e-05,1.64626e-05,3.26370e-06
 0.485,4.89927e-06,2.22289e-05,5.56923e-05,8.57701e-05,9.22637e-05,6.76134e-05,3.50348e-05,1.15129e-05,2.30025e-06
 0.465,3.55254e-06,1.67959e-05,4.27264e-05,6.55906e-05,7.01004e-05,5.13146e-05,2.64172e-05,8.58463e-06,1.72869e-06
 0.445,3.03379e-06,1.45801e-05,3.71259e-05,5.60669e-05,5.91502e-05,4.36643e-05,2.27501e-05,7.67167e-06,1.75170e-06
 0.426,3.03551e-06,1.34064e-05,3.27865e-05,4.79392e-05,5.07265e-05,3.97665e-05,2.28856e-05,9.36432e-06,2.77922e-06
 0.408,3.37050e-06,1.20941e-05,2.65622e-05,3.80293e-05,4.44047e-05,4.15639e-05,2.99588e-05,1.58524e-05,5.21429e-06
 0.387,5.60289e-06,1.73694e-05,3.45253e-05,5.14293e-05,7.38055e-05,8.33329e-05,6.98332e-05,4.04302e-05,1.23558e-05
 0.362,6.70278e-06,2.06026e-05,3.97179e-05,6.09279e-05,9.44630e-05,1.11636e-04,9.62567e-05,5.61183e-05,1.63291e-05
 0.337,4.90911e-06,1.55280e-05,2.99443e-05,4.47844e-05,6.56852e-05,7.53213e-05,6.43533e-05,3.78548e-05,1.13088e-05
 0.312,3.32884e-06,1.09768e-05,2.20580e-05,3.29875e-05,4.75820e-05,5.45173e-05,4.70423e-05,2.90162e-05,9.54809e-06
 0.287,1.90004e-06,7.16228e-06,1.59381e-05,2.41032e-05,2.93462e-05,2.73576e-05,2.00920e-05,1.12315e-05,3.83372e-06
 0.268,7.82963e-06,3.19005e-05,7.35321e-05,1.12214e-04,1.26145e-04,1.00194e-04,6.04618e-05,2.59520e-05,7.16402e-06
