#Lambda(microns),,Phi=0.1050,Phi=0.2000,Phi=0.3000,Phi=0.3950,Phi=0.5000,Phi=0.6050,Phi=0.7000,Phi=0.8000,Phi=0.8950
227.531,1.09160e+08,1.32044e+08,1.65056e+08,1.95180e+08,2.08629e+08,1.88200e+08,1.54739e+08,1.22229e+08,1.03157e+08
138.793,2.67602e+08,3.30541e+08,4.19788e+08,5.00250e+08,5.34225e+08,4.78213e+08,3.87232e+08,2.99419e+08,2.48460e+08
97.752,5.09631e+08,6.38123e+08,8.18917e+08,9.80199e+08,1.04557e+09,9.33224e+08,7.49930e+08,5.72617e+08,4.69593e+08
73.692,8.46487e+08,1.08083e+09,1.40726e+09,1.69435e+09,1.80816e+09,1.61219e+09,1.28618e+09,9.65980e+08,7.76344e+08
53.879,1.51764e+09,1.96667e+09,2.58956e+09,3.13241e+09,3.34795e+09,2.98822e+09,2.37597e+09,1.76466e+09,1.39451e+09
42.212,2.36634e+09,3.10525e+09,4.12484e+09,5.00727e+09,5.36218e+09,4.79492e+09,3.80657e+09,2.80251e+09,2.18075e+09
35.753,3.25088e+09,4.28722e+09,5.71292e+09,6.94460e+09,7.44828e+09,6.67192e+09,5.29958e+09,3.89093e+09,3.00615e+09
29.700,4.66012e+09,6.12534e+09,8.14928e+09,9.90525e+09,1.06221e+10,9.49831e+09,7.53546e+09,5.53962e+09,4.29943e+09
24.839,6.45622e+09,8.52604e+09,1.13868e+10,1.38691e+10,1.48759e+10,1.32719e+10,1.04900e+10,7.67349e+09,5.93263e+09
21.395,8.18456e+09,1.10534e+10,1.49913e+10,1.83943e+10,1.97770e+10,1.76021e+10,1.37931e+10,9.90523e+09,7.47388e+09
19.382,1.00800e+10,1.36404e+10,1.85642e+10,2.28947e+10,2.47201e+10,2.19356e+10,1.71288e+10,1.22640e+10,9.23069e+09
18.180,1.13084e+10,1.53306e+10,2.08920e+10,2.57756e+10,2.78330e+10,2.47094e+10,1.92920e+10,1.37957e+10,1.03601e+10
16.978,1.27867e+10,1.73509e+10,2.36633e+10,2.92093e+10,3.15448e+10,2.79896e+10,2.18334e+10,1.55966e+10,1.17005e+10
15.777,1.40984e+10,1.94694e+10,2.68521e+10,3.33188e+10,3.60304e+10,3.18815e+10,2.46839e+10,1.73762e+10,1.27888e+10
14.575,1.46735e+10,2.13590e+10,3.04385e+10,3.83036e+10,4.15716e+10,3.66050e+10,2.78521e+10,1.88427e+10,1.30986e+10
13.588,1.75691e+10,2.48519e+10,3.48114e+10,4.35048e+10,4.71296e+10,4.15430e+10,3.18300e+10,2.19554e+10,1.57470e+10
12.787,2.13346e+10,2.88425e+10,3.93092e+10,4.85872e+10,5.24933e+10,4.64242e+10,3.60919e+10,2.57914e+10,1.94535e+10
11.986,2.51135e+10,3.31044e+10,4.44184e+10,5.45636e+10,5.88736e+10,5.21704e+10,4.09156e+10,2.98464e+10,2.31454e+10
11.292,2.86372e+10,3.71925e+10,4.94428e+10,6.05287e+10,6.52535e+10,5.78391e+10,4.55612e+10,3.36376e+10,2.65228e+10
10.692,3.16998e+10,4.09504e+10,5.42739e+10,6.63972e+10,7.15456e+10,6.33089e+10,4.98589e+10,3.69439e+10,2.93389e+10
10.091,3.49084e+10,4.50704e+10,5.97697e+10,7.31953e+10,7.88718e+10,6.96432e+10,5.47339e+10,4.05399e+10,3.22581e+10
 9.648,3.69455e+10,4.81344e+10,6.42873e+10,7.90050e+10,8.52013e+10,7.51117e+10,5.87767e+10,4.31923e+10,3.40624e+10
 9.348,3.75841e+10,4.99190e+10,6.75603e+10,8.34930e+10,9.01782e+10,7.94038e+10,6.17176e+10,4.46316e+10,3.44717e+10
 8.995,3.85107e+10,5.22446e+10,7.17409e+10,8.92145e+10,9.65296e+10,8.49017e+10,6.55442e+10,4.66132e+10,3.51851e+10
 8.673,3.89165e+10,5.43094e+10,7.59432e+10,9.51456e+10,1.03198e+11,9.07484e+10,6.95676e+10,4.84740e+10,3.54543e+10
 8.345,3.92732e+10,5.64734e+10,8.04156e+10,1.01462e+11,1.10203e+11,9.67301e+10,7.35228e+10,5.01310e+10,3.54990e+10
 8.074,4.04000e+10,5.89332e+10,8.46461e+10,1.07185e+11,1.16508e+11,1.02086e+11,7.72167e+10,5.20823e+10,3.63133e+10
 7.904,4.07266e+10,6.02168e+10,8.71728e+10,1.10729e+11,1.20400e+11,1.05315e+11,7.93010e+10,5.29651e+10,3.64072e+10
 7.714,4.20160e+10,6.22163e+10,9.01957e+10,1.14676e+11,1.24667e+11,1.08855e+11,8.17605e+10,5.44552e+10,3.73849e+10
 7.498,4.35997e+10,6.44594e+10,9.34687e+10,1.18890e+11,1.29153e+11,1.12459e+11,8.41333e+10,5.58704e+10,3.84614e+10
 7.284,4.47886e+10,6.69244e+10,9.76971e+10,1.24642e+11,1.35551e+11,1.17961e+11,8.79757e+10,5.79666e+10,3.94217e+10
 7.094,4.61576e+10,6.94206e+10,1.01817e+11,1.30198e+11,1.41739e+11,1.23284e+11,9.16971e+10,6.00675e+10,4.05331e+10
 6.873,4.72691e+10,7.21662e+10,1.06826e+11,1.37133e+11,1.49474e+11,1.29934e+11,9.62514e+10,6.23790e+10,4.13788e+10
 6.664,4.76572e+10,7.43127e+10,1.11379e+11,1.43684e+11,1.56731e+11,1.35986e+11,1.00114e+11,6.39350e+10,4.14496e+10
 6.515,5.01368e+10,7.70690e+10,1.14649e+11,1.47476e+11,1.60375e+11,1.38439e+11,1.01604e+11,6.51666e+10,4.30641e+10
 6.297,5.65059e+10,8.30475e+10,1.20389e+11,1.53263e+11,1.65487e+11,1.41637e+11,1.03962e+11,6.82650e+10,4.77632e+10
 6.064,5.71973e+10,8.63090e+10,1.27148e+11,1.62946e+11,1.76341e+11,1.50783e+11,1.09888e+11,7.07538e+10,4.80125e+10
 5.899,5.67235e+10,8.82543e+10,1.32330e+11,1.70793e+11,1.85339e+11,1.58496e+11,1.14794e+11,7.24160e+10,4.73894e+10
 5.759,5.76274e+10,9.08568e+10,1.37260e+11,1.77719e+11,1.93119e+11,1.65073e+11,1.19173e+11,7.44846e+10,4.79668e+10
 5.572,5.87020e+10,9.44993e+10,1.44402e+11,1.87898e+11,2.04631e+11,1.74774e+11,1.25560e+11,7.73703e+10,4.85633e+10
 5.379,5.97212e+10,9.82019e+10,1.51791e+11,1.98490e+11,2.16541e+11,1.84576e+11,1.31768e+11,7.99448e+10,4.88909e+10
 5.265,6.05399e+10,1.00664e+11,1.56499e+11,2.05160e+11,2.23938e+11,1.90434e+11,1.35320e+11,8.13337e+10,4.90674e+10
 5.149,6.12417e+10,1.03246e+11,1.61666e+11,2.12555e+11,2.32186e+11,1.97102e+11,1.39460e+11,8.29892e+10,4.92370e+10
 5.000,6.22296e+10,1.06566e+11,1.68225e+11,2.21908e+11,2.42501e+11,2.05277e+11,1.44381e+11,8.48560e+10,4.94073e+10
 4.882,6.32089e+10,1.09413e+11,1.73600e+11,2.29384e+11,2.50536e+11,2.11528e+11,1.48081e+11,8.62344e+10,4.95638e+10
 4.827,6.38680e+10,1.10929e+11,1.76172e+11,2.32660e+11,2.53791e+11,2.14132e+11,1.49730e+11,8.69487e+10,4.97668e+10
 4.796,6.41042e+10,1.11860e+11,1.78151e+11,2.35688e+11,2.57410e+11,2.17173e+11,1.51703e+11,8.78586e+10,4.99995e+10
 4.750,6.46207e+10,1.13118e+11,1.80401e+11,2.38692e+11,2.60551e+11,2.19735e+11,1.53327e+11,8.85587e+10,5.01920e+10
 4.700,6.53330e+10,1.14892e+11,1.83492e+11,2.42736e+11,2.64775e+11,2.23431e+11,1.55915e+11,8.98561e+10,5.06124e+10
 4.662,6.56257e+10,1.15728e+11,1.85257e+11,2.45526e+11,2.68181e+11,2.26123e+11,1.57545e+11,9.05865e+10,5.08530e+10
 4.605,6.58479e+10,1.17213e+11,1.88488e+11,2.50243e+11,2.73462e+11,2.30547e+11,1.60389e+11,9.17392e+10,5.09228e+10
 4.504,6.67740e+10,1.19489e+11,1.92945e+11,2.56865e+11,2.80913e+11,2.36039e+11,1.63394e+11,9.28749e+10,5.12993e+10
 4.395,6.79085e+10,1.21268e+11,1.95909e+11,2.60942e+11,2.84801e+11,2.37812e+11,1.63473e+11,9.24106e+10,5.13226e+10
 4.301,6.92541e+10,1.22205e+11,1.96275e+11,2.60135e+11,2.81864e+11,2.33880e+11,1.59772e+11,9.01398e+10,5.10150e+10
 4.202,7.21137e+10,1.25475e+11,1.99994e+11,2.63887e+11,2.84399e+11,2.34397e+11,1.59062e+11,8.94267e+10,5.14492e+10
 4.074,7.60982e+10,1.31118e+11,2.07476e+11,2.72327e+11,2.91613e+11,2.38741e+11,1.60961e+11,9.00179e+10,5.23986e+10
 3.949,8.05977e+10,1.37082e+11,2.14650e+11,2.79354e+11,2.96065e+11,2.40397e+11,1.60988e+11,8.96805e+10,5.32307e+10
 3.849,8.25160e+10,1.40872e+11,2.21239e+11,2.88407e+11,3.05860e+11,2.48203e+11,1.65933e+11,9.21334e+10,5.44564e+10
 3.749,8.30390e+10,1.43624e+11,2.28028e+11,2.99616e+11,3.20042e+11,2.60394e+11,1.73931e+11,9.60234e+10,5.57277e+10
 3.662,8.26682e+10,1.45563e+11,2.34195e+11,3.10487e+11,3.34367e+11,2.73089e+11,1.82417e+11,1.00069e+11,5.66606e+10
 3.587,8.25972e+10,1.47626e+11,2.39857e+11,3.19923e+11,3.46269e+11,2.83499e+11,1.89322e+11,1.03260e+11,5.72880e+10
 3.513,8.21258e+10,1.49473e+11,2.45584e+11,3.29677e+11,3.58659e+11,2.94367e+11,1.96476e+11,1.06401e+11,5.76096e+10
 3.438,8.21744e+10,1.51948e+11,2.52068e+11,3.40337e+11,3.72056e+11,3.06115e+11,2.04310e+11,1.10025e+11,5.83122e+10
 3.363,8.20571e+10,1.54466e+11,2.58858e+11,3.51491e+11,3.86032e+11,3.18501e+11,2.12686e+11,1.13925e+11,5.89810e+10
 3.308,8.21522e+10,1.56694e+11,2.64537e+11,3.60655e+11,3.97498e+11,3.28903e+11,2.19982e+11,1.17589e+11,5.99114e+10
 3.269,8.28595e+10,1.58705e+11,2.68599e+11,3.66700e+11,4.04670e+11,3.35300e+11,2.24486e+11,1.19996e+11,6.08463e+10
 3.231,8.18246e+10,1.59583e+11,2.72440e+11,3.73363e+11,4.13062e+11,3.43057e+11,2.29873e+11,1.22348e+11,6.07416e+10
 3.193,8.12782e+10,1.60797e+11,2.76193e+11,3.79314e+11,4.20036e+11,3.49238e+11,2.33998e+11,1.23975e+11,6.04884e+10
 3.156,8.08223e+10,1.61843e+11,2.79647e+11,3.85044e+11,4.27006e+11,3.55402e+11,2.38085e+11,1.25693e+11,6.05043e+10
 3.118,8.17688e+10,1.64006e+11,2.83734e+11,3.90910e+11,4.33741e+11,3.61418e+11,2.42426e+11,1.28168e+11,6.16720e+10
 3.085,8.18387e+10,1.65554e+11,2.87507e+11,3.96624e+11,4.40367e+11,3.67499e+11,2.46817e+11,1.30418e+11,6.22398e+10
 3.055,8.20196e+10,1.66591e+11,2.89936e+11,4.00320e+11,4.44531e+11,3.70802e+11,2.48786e+11,1.31173e+11,6.23381e+10
 3.014,8.14463e+10,1.67564e+11,2.93406e+11,4.06116e+11,4.51444e+11,3.76722e+11,2.52548e+11,1.32601e+11,6.21554e+10
 2.965,8.13319e+10,1.69429e+11,2.98294e+11,4.13666e+11,4.60102e+11,3.84117e+11,2.57403e+11,1.34675e+11,6.23166e+10
 2.909,8.12432e+10,1.70716e+11,3.01961e+11,4.19534e+11,4.66504e+11,3.88598e+11,2.59412e+11,1.34815e+11,6.17590e+10
 2.847,8.13255e+10,1.72944e+11,3.07607e+11,4.28371e+11,4.76650e+11,3.96702e+11,2.64165e+11,1.36421e+11,6.15784e+10
 2.787,8.18775e+10,1.74834e+11,3.11791e+11,4.34583e+11,4.82982e+11,4.00716e+11,2.65676e+11,1.36369e+11,6.12732e+10
 2.730,8.19913e+10,1.76416e+11,3.15572e+11,4.39893e+11,4.87699e+11,4.03023e+11,2.65770e+11,1.35213e+11,6.01460e+10
 2.676,8.44494e+10,1.78846e+11,3.18590e+11,4.43757e+11,4.90936e+11,4.03205e+11,2.64120e+11,1.33937e+11,6.06956e+10
 2.623,8.57348e+10,1.82443e+11,3.26096e+11,4.55544e+11,5.05452e+11,4.15680e+11,2.72494e+11,1.38208e+11,6.22918e+10
 2.574,8.37476e+10,1.84435e+11,3.33867e+11,4.68694e+11,5.21613e+11,4.29657e+11,2.81298e+11,1.41005e+11,6.07664e+10
 2.527,8.72418e+10,1.89232e+11,3.40813e+11,4.77767e+11,5.31341e+11,4.37423e+11,2.86659e+11,1.44561e+11,6.36173e+10
 2.482,9.24422e+10,1.93594e+11,3.43912e+11,4.79231e+11,5.30004e+11,4.33776e+11,2.83247e+11,1.43635e+11,6.59718e+10
 2.437,9.86272e+10,1.99264e+11,3.48068e+11,4.80963e+11,5.27718e+11,4.28384e+11,2.78348e+11,1.41900e+11,6.81876e+10
 2.394,1.08840e+11,2.06992e+11,3.50567e+11,4.76373e+11,5.15267e+11,4.15174e+11,2.69968e+11,1.40775e+11,7.35595e+10
 2.354,1.11875e+11,2.08983e+11,3.49175e+11,4.68890e+11,5.00559e+11,4.00504e+11,2.59384e+11,1.35429e+11,7.27656e+10
 2.314,1.18758e+11,2.14870e+11,3.52434e+11,4.67928e+11,4.94786e+11,3.94757e+11,2.56533e+11,1.36328e+11,7.69028e+10
 2.276,1.24842e+11,2.17061e+11,3.48193e+11,4.55956e+11,4.75837e+11,3.76679e+11,2.44614e+11,1.32417e+11,7.97239e+10
 2.240,1.21286e+11,2.14605e+11,3.48950e+11,4.60951e+11,4.83408e+11,3.81767e+11,2.45614e+11,1.30301e+11,7.64679e+10
 2.209,1.18799e+11,2.13241e+11,3.51882e+11,4.70505e+11,4.98537e+11,3.94551e+11,2.52813e+11,1.32624e+11,7.61292e+10
 2.183,1.18080e+11,2.13004e+11,3.54320e+11,4.77328e+11,5.09499e+11,4.04277e+11,2.59035e+11,1.35699e+11,7.73387e+10
 2.163,1.18317e+11,2.13494e+11,3.56368e+11,4.81941e+11,5.16492e+11,4.10545e+11,2.63272e+11,1.38129e+11,7.87078e+10
 2.148,1.14862e+11,2.11141e+11,3.56850e+11,4.86209e+11,5.24197e+11,4.17466e+11,2.67167e+11,1.38776e+11,7.70381e+10
 2.137,1.12541e+11,2.09710e+11,3.57293e+11,4.88946e+11,5.28805e+11,4.21404e+11,2.69116e+11,1.38628e+11,7.54732e+10
 2.129,1.08911e+11,2.07241e+11,3.56999e+11,4.91053e+11,5.32831e+11,4.24927e+11,2.70633e+11,1.37774e+11,7.28341e+10
 2.114,1.05396e+11,2.04974e+11,3.56641e+11,4.92240e+11,5.34684e+11,4.26125e+11,2.70353e+11,1.35810e+11,6.97030e+10
 2.091,1.02324e+11,2.03188e+11,3.57872e+11,4.97056e+11,5.42440e+11,4.33387e+11,2.74964e+11,1.37269e+11,6.87055e+10
 2.070,1.02164e+11,2.03477e+11,3.59540e+11,5.00313e+11,5.46858e+11,4.37749e+11,2.78408e+11,1.39527e+11,6.99151e+10
 2.050,1.00276e+11,2.02448e+11,3.59971e+11,5.01828e+11,5.48733e+11,4.39419e+11,2.79286e+11,1.39308e+11,6.87604e+10
 2.030,9.67003e+10,2.00371e+11,3.60145e+11,5.03778e+11,5.51320e+11,4.41422e+11,2.79695e+11,1.37731e+11,6.56812e+10
 2.010,8.95812e+10,1.95544e+11,3.58552e+11,5.04620e+11,5.52907e+11,4.41856e+11,2.77667e+11,1.32855e+11,5.88293e+10
 1.982,9.08857e+10,1.96726e+11,3.59310e+11,5.04084e+11,5.50182e+11,4.38658e+11,2.75269e+11,1.31861e+11,5.92515e+10
 1.947,9.35394e+10,1.98685e+11,3.61156e+11,5.06280e+11,5.52236e+11,4.39743e+11,2.75898e+11,1.33099e+11,6.16811e+10
 1.916,9.03202e+10,1.96606e+11,3.61831e+11,5.10460e+11,5.58853e+11,4.44723e+11,2.77617e+11,1.31945e+11,5.89973e+10
 1.889,8.83631e+10,1.95810e+11,3.63202e+11,5.14005e+11,5.63615e+11,4.48879e+11,2.79967e+11,1.32239e+11,5.78057e+10
 1.863,8.55965e+10,1.94579e+11,3.65355e+11,5.20269e+11,5.73083e+11,4.57677e+11,2.85622e+11,1.34167e+11,5.68914e+10
 1.837,8.80620e+10,1.95922e+11,3.64548e+11,5.16291e+11,5.65279e+11,4.49263e+11,2.79300e+11,1.31311e+11,5.73383e+10
 1.812,8.50191e+10,1.93816e+11,3.63108e+11,5.14297e+11,5.61355e+11,4.44265e+11,2.74088e+11,1.26349e+11,5.29690e+10
 1.788,9.13683e+10,1.98386e+11,3.64292e+11,5.11156e+11,5.54054e+11,4.37284e+11,2.70414e+11,1.27045e+11,5.72842e+10
 1.766,9.57120e+10,2.01310e+11,3.63443e+11,5.04598e+11,5.41804e+11,4.25551e+11,2.62868e+11,1.24555e+11,5.87854e+10
 1.740,1.03939e+11,2.06980e+11,3.62699e+11,4.94572e+11,5.23150e+11,4.08484e+11,2.52965e+11,1.22814e+11,6.31439e+10
 1.713,1.11504e+11,2.12604e+11,3.63066e+11,4.87248e+11,5.08626e+11,3.95479e+11,2.45858e+11,1.22185e+11,6.72473e+10
 1.692,1.19725e+11,2.19108e+11,3.64853e+11,4.82262e+11,4.97533e+11,3.86243e+11,2.41933e+11,1.23734e+11,7.25721e+10
 1.675,1.15376e+11,2.15745e+11,3.62478e+11,4.80139e+11,4.94775e+11,3.82820e+11,2.37884e+11,1.19084e+11,6.76337e+10
 1.660,1.17112e+11,2.16673e+11,3.64061e+11,4.83913e+11,5.00665e+11,3.88162e+11,2.42045e+11,1.22670e+11,7.10722e+10
 1.646,1.10745e+11,2.11710e+11,3.63112e+11,4.88517e+11,5.09233e+11,3.94297e+11,2.43518e+11,1.20115e+11,6.62446e+10
 1.627,1.05821e+11,2.07170e+11,3.61800e+11,4.92576e+11,5.17890e+11,4.01293e+11,2.46468e+11,1.19584e+11,6.37465e+10
 1.604,9.78801e+10,2.00302e+11,3.59092e+11,4.95906e+11,5.26182e+11,4.07720e+11,2.48145e+11,1.16885e+11,5.83979e+10
 1.584,9.15203e+10,1.94798e+11,3.56500e+11,4.97336e+11,5.31007e+11,4.11518e+11,2.48847e+11,1.14520e+11,5.40049e+10
 1.567,8.92232e+10,1.91969e+11,3.54700e+11,4.97883e+11,5.34107e+11,4.14532e+11,2.50496e+11,1.14938e+11,5.36755e+10
 1.552,8.42369e+10,1.87651e+11,3.52798e+11,4.99297e+11,5.38236e+11,4.17973e+11,2.51457e+11,1.13383e+11,5.04253e+10
 1.538,7.96261e+10,1.83606e+11,3.50810e+11,5.00085e+11,5.41300e+11,4.20603e+11,2.52066e+11,1.11835e+11,4.73605e+10
 1.523,7.68433e+10,1.81146e+11,3.49855e+11,5.01280e+11,5.44114e+11,4.23034e+11,2.52928e+11,1.11155e+11,4.56761e+10
 1.506,7.27200e+10,1.77681e+11,3.48386e+11,5.02449e+11,5.47281e+11,4.25657e+11,2.53581e+11,1.09751e+11,4.28267e+10
 1.488,6.98610e+10,1.75129e+11,3.47875e+11,5.05367e+11,5.53343e+11,4.31297e+11,2.56791e+11,1.10445e+11,4.17617e+10
 1.471,6.81969e+10,1.73437e+11,3.46980e+11,5.05873e+11,5.54883e+11,4.32595e+11,2.57144e+11,1.10008e+11,4.08679e+10
 1.452,6.70483e+10,1.72009e+11,3.45118e+11,5.03082e+11,5.50678e+11,4.28596e+11,2.54041e+11,1.07988e+11,3.96283e+10
 1.434,6.22139e+10,1.67602e+11,3.42306e+11,5.02239e+11,5.51231e+11,4.29071e+11,2.53281e+11,1.05777e+11,3.62638e+10
 1.416,6.19991e+10,1.66903e+11,3.41202e+11,5.00909e+11,5.49426e+11,4.27274e+11,2.51745e+11,1.04864e+11,3.59796e+10
 1.400,6.45321e+10,1.68272e+11,3.39988e+11,4.96046e+11,5.40506e+11,4.18674e+11,2.45939e+11,1.02702e+11,3.67371e+10
 1.386,6.56210e+10,1.68334e+11,3.38147e+11,4.91623e+11,5.33323e+11,4.11878e+11,2.41311e+11,1.00818e+11,3.69607e+10
 1.374,6.34806e+10,1.65738e+11,3.35369e+11,4.88698e+11,5.30004e+11,4.08658e+11,2.38483e+11,9.86396e+10,3.53040e+10
 1.358,6.30174e+10,1.65705e+11,3.35469e+11,4.88716e+11,5.29558e+11,4.08539e+11,2.38350e+11,9.81888e+10,3.44173e+10
 1.339,6.99466e+10,1.71121e+11,3.36838e+11,4.84809e+11,5.20348e+11,4.00458e+11,2.34252e+11,9.86635e+10,3.82512e+10
 1.318,9.97596e+10,1.94262e+11,3.43648e+11,4.70096e+11,4.85218e+11,3.71304e+11,2.22161e+11,1.04753e+11,5.71045e+10
 1.296,9.96360e+10,1.93186e+11,3.42012e+11,4.69123e+11,4.85062e+11,3.71531e+11,2.22350e+11,1.05083e+11,5.74719e+10
 1.276,9.60485e+10,1.89003e+11,3.38432e+11,4.67672e+11,4.86244e+11,3.72634e+11,2.22343e+11,1.04148e+11,5.58800e+10
 1.259,8.92897e+10,1.82224e+11,3.33450e+11,4.65993e+11,4.87665e+11,3.72962e+11,2.20452e+11,1.00704e+11,5.16031e+10
 1.241,8.89310e+10,1.80746e+11,3.30111e+11,4.60699e+11,4.80635e+11,3.66973e+11,2.16392e+11,9.86235e+10,5.08099e+10
 1.224,8.31641e+10,1.75146e+11,3.23979e+11,4.53140e+11,4.71249e+11,3.58226e+11,2.08887e+11,9.20726e+10,4.47061e+10
 1.206,7.52616e+10,1.66858e+11,3.17413e+11,4.50229e+11,4.72208e+11,3.58108e+11,2.06482e+11,8.81565e+10,4.00856e+10
 1.189,6.79285e+10,1.58956e+11,3.09965e+11,4.44074e+11,4.67733e+11,3.53661e+11,2.01858e+11,8.35929e+10,3.54090e+10
 1.169,6.60104e+10,1.55672e+11,3.05436e+11,4.39176e+11,4.63732e+11,3.51236e+11,2.00336e+11,8.25119e+10,3.43154e+10
 1.148,6.59547e+10,1.53661e+11,3.01597e+11,4.35326e+11,4.62012e+11,3.51078e+11,2.00924e+11,8.35705e+10,3.54717e+10
 1.126,6.26609e+10,1.48965e+11,2.95444e+11,4.28895e+11,4.57046e+11,3.47685e+11,1.98921e+11,8.23810e+10,3.40021e+10
 1.102,6.20848e+10,1.46063e+11,2.89081e+11,4.19551e+11,4.46400e+11,3.39429e+11,1.94064e+11,8.06406e+10,3.39234e+10
 1.080,6.68667e+10,1.47747e+11,2.84614e+11,4.08023e+11,4.29000e+11,3.25288e+11,1.86376e+11,7.93511e+10,3.66754e+10
 1.061,5.19308e+10,1.32744e+11,2.72064e+11,3.99804e+11,4.25892e+11,3.21464e+11,1.80334e+11,7.12615e+10,2.69378e+10
 1.040,5.16127e+10,1.30263e+11,2.67227e+11,3.94842e+11,4.24646e+11,3.22840e+11,1.82776e+11,7.36214e+10,2.83184e+10
 1.016,4.55793e+10,1.22314e+11,2.57577e+11,3.85293e+11,4.18405e+11,3.18977e+11,1.80197e+11,7.12486e+10,2.51325e+10
 0.996,4.23990e+10,1.16899e+11,2.49530e+11,3.75716e+11,4.09606e+11,3.12193e+11,1.75732e+11,6.87334e+10,2.35232e+10
 0.980,3.82580e+10,1.09555e+11,2.37591e+11,3.58898e+11,3.90191e+11,2.96151e+11,1.65223e+11,6.33371e+10,2.09010e+10
 0.963,3.37847e+10,1.03048e+11,2.27815e+11,3.45567e+11,3.74776e+11,2.83079e+11,1.56085e+11,5.78122e+10,1.73296e+10
 0.944,3.03168e+10,9.70504e+10,2.20262e+11,3.39687e+11,3.75049e+11,2.85994e+11,1.59304e+11,5.99036e+10,1.75631e+10
 0.931,2.72422e+10,9.24857e+10,2.14283e+11,3.33414e+11,3.70713e+11,2.83625e+11,1.58266e+11,5.92458e+10,1.64160e+10
 0.919,3.23465e+10,9.52659e+10,2.10557e+11,3.20927e+11,3.50513e+11,2.66688e+11,1.48590e+11,5.67342e+10,1.83777e+10
 0.904,2.89434e+10,9.09176e+10,2.05481e+11,3.17078e+11,3.50696e+11,2.68138e+11,1.49853e+11,5.68596e+10,1.70028e+10
 0.891,2.52974e+10,8.69594e+10,2.01607e+11,3.14754e+11,3.52438e+11,2.71290e+11,1.52676e+11,5.78542e+10,1.57118e+10
 0.877,2.32049e+10,8.07224e+10,1.88730e+11,2.93890e+11,3.24518e+11,2.46512e+11,1.35418e+11,4.90136e+10,1.28508e+10
 0.865,2.05838e+10,7.69232e+10,1.84291e+11,2.91129e+11,3.26918e+11,2.50630e+11,1.39223e+11,5.10592e+10,1.27025e+10
 0.852,2.01757e+10,7.65489e+10,1.83559e+11,2.91680e+11,3.32195e+11,2.57857e+11,1.46183e+11,5.55654e+10,1.40023e+10
 0.834,1.96411e+10,7.10066e+10,1.69079e+11,2.66210e+11,2.97867e+11,2.28407e+11,1.26958e+11,4.68914e+10,1.22369e+10
 0.822,1.86854e+10,6.78318e+10,1.61928e+11,2.54517e+11,2.83203e+11,2.16410e+11,1.19350e+11,4.33471e+10,1.11217e+10
 0.810,1.70922e+10,6.42485e+10,1.55073e+11,2.44745e+11,2.72663e+11,2.08046e+11,1.14189e+11,4.09093e+10,1.00022e+10
 0.792,1.55335e+10,6.30123e+10,1.54105e+11,2.46685e+11,2.81654e+11,2.18353e+11,1.22918e+11,4.57470e+10,1.05988e+10
 0.777,1.58962e+10,6.36783e+10,1.53559e+11,2.45149e+11,2.81888e+11,2.20790e+11,1.26652e+11,4.86768e+10,1.15203e+10
 0.765,1.38099e+10,5.77488e+10,1.41600e+11,2.26290e+11,2.58204e+11,2.01028e+11,1.13771e+11,4.24934e+10,9.53910e+09
 0.752,1.18589e+10,4.97031e+10,1.24206e+11,1.97659e+11,2.19671e+11,1.66912e+11,9.02750e+10,3.10405e+10,6.67791e+09
 0.739,1.16544e+10,4.86016e+10,1.21330e+11,1.94566e+11,2.19513e+11,1.68418e+11,9.25886e+10,3.29500e+10,7.35692e+09
 0.729,1.28412e+10,5.22728e+10,1.27367e+11,2.04272e+11,2.35145e+11,1.84001e+11,1.05082e+11,4.00776e+10,9.41764e+09
 0.714,1.41228e+10,5.58850e+10,1.31931e+11,2.09102e+11,2.42101e+11,1.92744e+11,1.13809e+11,4.57901e+10,1.12000e+10
 0.697,1.09690e+10,4.59271e+10,1.12784e+11,1.81673e+11,2.09858e+11,1.64244e+11,9.36467e+10,3.54556e+10,8.05361e+09
 0.677,1.19697e+10,4.80553e+10,1.13991e+11,1.81600e+11,2.11429e+11,1.68345e+11,9.92817e+10,3.97735e+10,9.53527e+09
 0.657,8.71730e+09,3.69612e+10,9.13611e+10,1.47735e+11,1.71137e+11,1.34102e+11,7.64370e+10,2.89417e+10,6.53224e+09
 0.642,8.11400e+09,3.44277e+10,8.50009e+10,1.37469e+11,1.59461e+11,1.25177e+11,7.15330e+10,2.71856e+10,6.14007e+09
 0.628,8.25402e+09,3.42111e+10,8.27767e+10,1.32957e+11,1.54789e+11,1.22613e+11,7.13603e+10,2.79589e+10,6.48671e+09
 0.617,6.92941e+09,2.95545e+10,7.29325e+10,1.17839e+11,1.36714e+11,1.07587e+11,6.16808e+10,2.35413e+10,5.30402e+09
 0.604,6.09995e+09,2.65110e+10,6.61730e+10,1.07533e+11,1.24924e+11,9.79072e+10,5.56316e+10,2.08909e+10,4.58305e+09
 0.591,6.19434e+09,2.62852e+10,6.42874e+10,1.03678e+11,1.20761e+11,9.55316e+10,5.52930e+10,2.13982e+10,4.83344e+09
 0.578,4.62526e+09,2.07676e+10,5.28179e+10,8.63172e+10,1.00067e+11,7.80732e+10,4.38138e+10,1.60580e+10,3.40184e+09
 0.565,4.58615e+09,2.00747e+10,5.02116e+10,8.16636e+10,9.49786e+10,7.45670e+10,4.24242e+10,1.59401e+10,3.48078e+09
 0.552,3.80958e+09,1.71096e+10,4.34733e+10,7.09902e+10,8.23027e+10,6.43457e+10,3.62143e+10,1.33341e+10,2.84798e+09
 0.537,2.79700e+09,1.32692e+10,3.48724e+10,5.73901e+10,6.60776e+10,5.12254e+10,2.81814e+10,9.93438e+09,2.03005e+09
 0.523,2.81373e+09,1.28264e+10,3.28187e+10,5.34295e+10,6.16030e+10,4.82123e+10,2.71120e+10,9.94812e+09,2.13760e+09
 0.506,2.45207e+09,1.12307e+10,2.87155e+10,4.68139e+10,5.41113e+10,4.24108e+10,2.39239e+10,8.83619e+09,1.91666e+09
 0.485,1.67772e+09,7.90495e+09,2.06805e+10,3.39569e+10,3.91873e+10,3.06243e+10,1.70571e+10,6.16016e+09,1.31771e+09
 0.465,1.15719e+09,5.63229e+09,1.50386e+10,2.47747e+10,2.84820e+10,2.22078e+10,1.22440e+10,4.32997e+09,9.11785e+08
 0.445,7.25136e+08,3.74147e+09,1.03117e+10,1.69695e+10,1.92895e+10,1.50732e+10,8.26612e+09,2.90422e+09,6.47245e+08
 0.426,4.79556e+08,2.51099e+09,6.97899e+09,1.12464e+10,1.25690e+10,1.01211e+10,5.81333e+09,2.27753e+09,6.52053e+08
 0.408,5.21079e+08,2.16895e+09,5.37739e+09,8.11154e+09,9.15944e+09,8.37895e+09,5.84351e+09,3.10674e+09,1.17379e+09
 0.387,6.38305e+08,2.09299e+09,4.40743e+09,6.23344e+09,7.59559e+09,8.03987e+09,6.56111e+09,3.99022e+09,1.48186e+09
 0.362,4.85424e+08,1.53399e+09,3.06432e+09,4.31222e+09,5.54584e+09,6.10783e+09,5.15209e+09,3.16724e+09,1.10763e+09
 0.337,2.96777e+08,9.56476e+08,1.92351e+09,2.74822e+09,3.44914e+09,3.65280e+09,3.01529e+09,1.85639e+09,6.72981e+08
 0.312,1.48341e+08,5.08245e+08,1.07447e+09,1.60279e+09,1.97706e+09,1.92956e+09,1.48181e+09,8.62979e+08,3.06591e+08
 0.287,5.71609e+07,2.28914e+08,5.30208e+08,8.30663e+08,9.76123e+08,8.17682e+08,5.22753e+08,2.41446e+08,7.08575e+07
 0.268,2.68180e+07,1.14985e+08,2.71576e+08,4.27416e+08,4.95459e+08,3.98044e+08,2.38337e+08,9.58388e+07,2.18298e+07
