#Lambda(microns),,Phi=0.1050,Phi=0.2000,Phi=0.3000,Phi=0.3950,Phi=0.5000,Phi=0.6050,Phi=0.7000,Phi=0.8000,Phi=0.8950
227.531,1.04836e+08,1.30002e+08,1.64610e+08,1.95171e+08,2.07602e+08,1.84392e+08,1.48037e+08,1.13538e+08,9.43534e+07
138.793,2.56702e+08,3.25667e+08,4.18994e+08,5.00284e+08,5.30678e+08,4.66532e+08,3.67893e+08,2.75423e+08,2.25012e+08
97.752,4.89299e+08,6.29292e+08,8.17753e+08,9.80124e+08,1.03747e+09,9.08967e+08,7.11537e+08,5.26407e+08,4.25264e+08
73.692,8.13902e+08,1.06714e+09,1.40591e+09,1.69391e+09,1.79350e+09,1.57093e+09,1.22243e+09,8.90454e+08,7.04400e+08
53.879,1.46184e+09,1.94365e+09,2.58753e+09,3.13084e+09,3.32170e+09,2.91701e+09,2.26677e+09,1.63558e+09,1.27114e+09
42.212,2.28255e+09,3.07104e+09,4.12193e+09,5.00447e+09,5.32403e+09,4.69130e+09,3.64565e+09,2.61022e+09,1.99523e+09
35.753,3.13956e+09,4.24204e+09,5.70921e+09,6.94127e+09,7.40070e+09,6.53939e+09,5.08946e+09,3.63609e+09,2.75821e+09
29.700,4.49331e+09,6.05711e+09,8.14284e+09,9.89959e+09,1.05497e+10,9.29749e+09,7.21854e+09,5.15644e+09,3.92785e+09
24.839,6.24901e+09,8.44954e+09,1.13879e+10,1.38630e+10,1.47679e+10,1.29809e+10,1.00428e+10,7.14593e+09,5.43443e+09
21.395,8.14943e+09,1.11142e+10,1.50732e+10,1.84087e+10,1.96389e+10,1.72513e+10,1.33020e+10,9.39315e+09,7.07179e+09
19.382,9.85455e+09,1.35881e+10,1.86055e+10,2.29102e+10,2.45742e+10,2.15143e+10,1.64794e+10,1.15132e+10,8.55353e+09
18.180,1.10587e+10,1.52738e+10,2.09390e+10,2.57924e+10,2.76697e+10,2.42409e+10,1.85696e+10,1.29593e+10,9.60582e+09
16.978,1.25670e+10,1.73316e+10,2.37420e+10,2.92368e+10,3.13598e+10,2.74707e+10,2.10445e+10,1.46983e+10,1.09138e+10
15.777,1.44212e+10,1.98345e+10,2.71344e+10,3.34039e+10,3.58232e+10,3.13682e+10,2.40324e+10,1.68151e+10,1.25291e+10
14.575,1.65992e+10,2.28469e+10,3.12850e+10,3.85412e+10,4.13424e+10,3.61744e+10,2.76810e+10,1.93443e+10,1.44068e+10
13.588,1.91487e+10,2.61025e+10,3.55451e+10,4.37035e+10,4.68538e+10,4.09877e+10,3.14324e+10,2.21273e+10,1.66732e+10
12.787,2.17035e+10,2.92951e+10,3.96672e+10,4.86788e+10,5.21573e+10,4.56115e+10,3.50562e+10,2.48704e+10,1.89661e+10
11.986,2.47642e+10,3.31089e+10,4.45748e+10,5.45956e+10,5.84731e+10,5.11140e+10,3.93699e+10,2.81402e+10,2.17039e+10
11.292,2.79513e+10,3.70033e+10,4.95215e+10,6.05333e+10,6.47811e+10,5.65730e+10,4.36569e+10,3.14533e+10,2.45581e+10
10.692,3.07235e+10,4.06119e+10,5.43052e+10,6.63832e+10,7.09812e+10,6.17841e+10,4.75380e+10,3.42372e+10,2.68388e+10
10.091,3.39106e+10,4.47514e+10,5.98333e+10,7.31832e+10,7.82119e+10,6.79140e+10,5.21625e+10,3.76028e+10,2.95977e+10
 9.648,3.60194e+10,4.78931e+10,6.44098e+10,7.90043e+10,8.44780e+10,7.32690e+10,5.60906e+10,4.01820e+10,3.13930e+10
 9.348,3.65875e+10,4.96635e+10,6.76960e+10,8.34963e+10,8.94307e+10,7.74922e+10,5.89040e+10,4.14461e+10,3.16198e+10
 8.995,3.74863e+10,5.20158e+10,7.19157e+10,8.92273e+10,9.57511e+10,8.29203e+10,6.26081e+10,4.32614e+10,3.21616e+10
 8.673,3.78645e+10,5.40992e+10,7.61456e+10,9.51663e+10,1.02420e+11,8.87586e+10,6.65681e+10,4.49924e+10,3.22678e+10
 8.345,3.81795e+10,5.62726e+10,8.06459e+10,1.01485e+11,1.09361e+11,9.45835e+10,7.02798e+10,4.63692e+10,3.20672e+10
 8.074,3.93429e+10,5.87928e+10,8.49302e+10,1.07223e+11,1.15602e+11,9.97917e+10,7.37781e+10,4.81361e+10,3.27636e+10
 7.904,3.96870e+10,6.01059e+10,8.74838e+10,1.10766e+11,1.19427e+11,1.02873e+11,7.56705e+10,4.88452e+10,3.27488e+10
 7.714,4.09807e+10,6.21511e+10,9.05551e+10,1.14722e+11,1.23607e+11,1.06222e+11,7.78734e+10,5.00798e+10,3.35426e+10
 7.498,4.27072e+10,6.45460e+10,9.39288e+10,1.18934e+11,1.27957e+11,1.09593e+11,8.00299e+10,5.13717e+10,3.46172e+10
 7.284,4.40482e+10,6.71382e+10,9.82342e+10,1.24703e+11,1.34320e+11,1.15038e+11,8.38332e+10,5.34867e+10,3.56683e+10
 7.094,4.56422e+10,6.97918e+10,1.02434e+11,1.30268e+11,1.40478e+11,1.20352e+11,8.76583e+10,5.58309e+10,3.71092e+10
 6.873,4.69370e+10,7.26586e+10,1.07501e+11,1.37204e+11,1.48167e+11,1.26950e+11,9.22414e+10,5.82995e+10,3.82068e+10
 6.664,4.72730e+10,7.47923e+10,1.12058e+11,1.43730e+11,1.55303e+11,1.32776e+11,9.58565e+10,5.96563e+10,3.81377e+10
 6.515,5.01803e+10,7.79556e+10,1.15589e+11,1.47553e+11,1.58624e+11,1.34671e+11,9.68289e+10,6.06136e+10,3.97969e+10
 6.297,5.96540e+10,8.61631e+10,1.22472e+11,1.53559e+11,1.63149e+11,1.37334e+11,9.96718e+10,6.56749e+10,4.76505e+10
 6.064,6.05117e+10,8.95627e+10,1.29294e+11,1.63222e+11,1.73880e+11,1.46218e+11,1.05326e+11,6.80098e+10,4.78939e+10
 5.899,5.94889e+10,9.11627e+10,1.34317e+11,1.71022e+11,1.82868e+11,1.53761e+11,1.09809e+11,6.90121e+10,4.64864e+10
 5.759,6.12303e+10,9.43399e+10,1.39525e+11,1.78018e+11,1.90622e+11,1.60368e+11,1.14458e+11,7.16987e+10,4.79587e+10
 5.572,6.38382e+10,9.90367e+10,1.47186e+11,1.88347e+11,2.02133e+11,1.70222e+11,1.21454e+11,7.58066e+10,5.02370e+10
 5.379,6.69354e+10,1.04179e+11,1.55293e+11,1.99139e+11,2.13980e+11,1.80124e+11,1.28369e+11,7.99354e+10,5.27844e+10
 5.265,6.93312e+10,1.07760e+11,1.60583e+11,2.05979e+11,2.21282e+11,1.85980e+11,1.32381e+11,8.24394e+10,5.46002e+10
 5.149,7.09262e+10,1.11012e+11,1.66116e+11,2.13480e+11,2.29430e+11,1.92520e+11,1.36597e+11,8.45280e+10,5.55316e+10
 5.000,7.26037e+10,1.14933e+11,1.73051e+11,2.22943e+11,2.39533e+11,2.00295e+11,1.41183e+11,8.63321e+10,5.59768e+10
 4.882,7.41140e+10,1.18306e+11,1.78781e+11,2.30515e+11,2.47312e+11,2.06087e+11,1.44448e+11,8.74767e+10,5.61682e+10
 4.827,7.57208e+10,1.20534e+11,1.81727e+11,2.33862e+11,2.50405e+11,2.08570e+11,1.46263e+11,8.87562e+10,5.72352e+10
 4.796,7.53627e+10,1.21078e+11,1.83535e+11,2.36868e+11,2.54057e+11,2.11506e+11,1.47876e+11,8.90377e+10,5.66984e+10
 4.750,7.66757e+10,1.22918e+11,1.86087e+11,2.39942e+11,2.57114e+11,2.14026e+11,1.49687e+11,9.02526e+10,5.76637e+10
 4.700,7.84254e+10,1.25406e+11,1.89532e+11,2.44086e+11,2.61293e+11,2.17804e+11,1.52708e+11,9.24158e+10,5.92523e+10
 4.662,7.92308e+10,1.26556e+11,1.91430e+11,2.46903e+11,2.64710e+11,2.20572e+11,1.54599e+11,9.36483e+10,6.01683e+10
 4.605,7.73268e+10,1.26735e+11,1.94128e+11,2.51530e+11,2.69917e+11,2.24413e+11,1.55984e+11,9.24089e+10,5.73234e+10
 4.504,7.79923e+10,1.28891e+11,1.98536e+11,2.58072e+11,2.77069e+11,2.29285e+11,1.58233e+11,9.28165e+10,5.70807e+10
 4.395,8.17289e+10,1.32459e+11,2.02275e+11,2.62116e+11,2.80279e+11,2.30478e+11,1.58778e+11,9.42462e+10,5.99094e+10
 4.301,8.70351e+10,1.36193e+11,2.03897e+11,2.61208e+11,2.76216e+11,2.25734e+11,1.55869e+11,9.48047e+10,6.37516e+10
 4.202,1.00494e+11,1.46660e+11,2.11109e+11,2.65693e+11,2.78166e+11,2.27518e+11,1.60457e+11,1.03978e+11,7.69894e+10
 4.074,1.16766e+11,1.60633e+11,2.22617e+11,2.74960e+11,2.84662e+11,2.33423e+11,1.68768e+11,1.16376e+11,9.29442e+10
 3.949,1.32163e+11,1.74246e+11,2.33602e+11,2.82612e+11,2.87944e+11,2.36179e+11,1.74503e+11,1.26569e+11,1.06847e+11
 3.849,1.33848e+11,1.78036e+11,2.40226e+11,2.91580e+11,2.97361e+11,2.43340e+11,1.78714e+11,1.28273e+11,1.07317e+11
 3.749,1.29090e+11,1.77378e+11,2.45416e+11,3.02553e+11,3.11769e+11,2.54201e+11,1.83034e+11,1.26174e+11,1.01396e+11
 3.662,1.21935e+11,1.74825e+11,2.49431e+11,3.13035e+11,3.26493e+11,2.65583e+11,1.87239e+11,1.22909e+11,9.34241e+10
 3.587,1.17044e+11,1.73713e+11,2.53608e+11,3.22186e+11,3.38607e+11,2.75067e+11,1.91105e+11,1.20876e+11,8.76946e+10
 3.513,1.12763e+11,1.72948e+11,2.58068e+11,3.31693e+11,3.51271e+11,2.85387e+11,1.96083e+11,1.20165e+11,8.33000e+10
 3.438,1.09947e+11,1.73413e+11,2.63566e+11,3.42181e+11,3.64986e+11,2.96892e+11,2.02477e+11,1.21100e+11,8.06521e+10
 3.363,1.06126e+11,1.73309e+11,2.69035e+11,3.53036e+11,3.79246e+11,3.08859e+11,2.08892e+11,1.21433e+11,7.69180e+10
 3.308,1.03873e+11,1.73778e+11,2.73794e+11,3.61980e+11,3.91019e+11,3.19356e+11,2.15535e+11,1.23528e+11,7.56387e+10
 3.269,1.04607e+11,1.75768e+11,2.77800e+11,3.67979e+11,3.98293e+11,3.25968e+11,2.20331e+11,1.26227e+11,7.68104e+10
 3.231,9.98481e+10,1.74029e+11,2.80343e+11,3.74318e+11,4.06872e+11,3.33399e+11,2.24051e+11,1.25358e+11,7.25117e+10
 3.193,9.81179e+10,1.74425e+11,2.83700e+11,3.80147e+11,4.13852e+11,3.39459e+11,2.27656e+11,1.25979e+11,7.09289e+10
 3.156,9.61369e+10,1.74373e+11,2.86581e+11,3.85702e+11,4.20888e+11,3.45498e+11,2.31127e+11,1.26503e+11,6.93592e+10
 3.118,9.62474e+10,1.75878e+11,2.90293e+11,3.91415e+11,4.27608e+11,3.51468e+11,2.35272e+11,1.28561e+11,6.99046e+10
 3.085,9.44336e+10,1.76039e+11,2.93347e+11,3.96900e+11,4.34239e+11,3.57399e+11,2.39031e+11,1.29551e+11,6.87302e+10
 3.055,9.42513e+10,1.76785e+11,2.95613e+11,4.00505e+11,4.38269e+11,3.60447e+11,2.40674e+11,1.29967e+11,6.85200e+10
 3.014,9.21049e+10,1.76587e+11,2.98460e+11,4.06085e+11,4.45142e+11,3.66130e+11,2.43770e+11,1.30233e+11,6.68199e+10
 2.965,8.95006e+10,1.76762e+11,3.02539e+11,4.13373e+11,4.53663e+11,3.73052e+11,2.47432e+11,1.30225e+11,6.42566e+10
 2.909,8.88882e+10,1.77772e+11,3.06100e+11,4.19098e+11,4.59625e+11,3.76820e+11,2.48610e+11,1.29517e+11,6.28849e+10
 2.847,8.84170e+10,1.79680e+11,3.11615e+11,4.27836e+11,4.69553e+11,3.84542e+11,2.52823e+11,1.30438e+11,6.19408e+10
 2.787,8.85038e+10,1.81351e+11,3.15705e+11,4.33829e+11,4.75179e+11,3.87462e+11,2.53185e+11,1.29362e+11,6.07716e+10
 2.730,8.92338e+10,1.83526e+11,3.19807e+11,4.38966e+11,4.78919e+11,3.88437e+11,2.52238e+11,1.27774e+11,5.97527e+10
 2.676,9.27938e+10,1.86869e+11,3.23285e+11,4.42695e+11,4.81101e+11,3.87072e+11,2.49447e+11,1.26236e+11,6.08243e+10
 2.623,9.46308e+10,1.90761e+11,3.30931e+11,4.54627e+11,4.95974e+11,4.00125e+11,2.58562e+11,1.31374e+11,6.33533e+10
 2.574,9.17344e+10,1.92187e+11,3.38513e+11,4.67896e+11,5.12529e+11,4.14435e+11,2.67248e+11,1.33468e+11,6.07329e+10
 2.527,9.41625e+10,1.96246e+11,3.45095e+11,4.76782e+11,5.21870e+11,4.21521e+11,2.71707e+11,1.35944e+11,6.24184e+10
 2.482,1.04174e+11,2.04116e+11,3.49908e+11,4.78262e+11,5.18928e+11,4.16319e+11,2.68502e+11,1.37693e+11,6.93326e+10
 2.437,1.16786e+11,2.14432e+11,3.56241e+11,4.79860e+11,5.14332e+11,4.08815e+11,2.63993e+11,1.39727e+11,7.77156e+10
 2.394,1.30955e+11,2.24968e+11,3.59780e+11,4.74138e+11,4.98337e+11,3.92261e+11,2.54494e+11,1.40342e+11,8.67686e+10
 2.354,1.39778e+11,2.30977e+11,3.59924e+11,4.65575e+11,4.80426e+11,3.75195e+11,2.44300e+11,1.38731e+11,9.18789e+10
 2.314,1.48504e+11,2.38005e+11,3.63346e+11,4.63551e+11,4.72339e+11,3.67418e+11,2.40761e+11,1.40576e+11,9.80139e+10
 2.276,1.61327e+11,2.44544e+11,3.60661e+11,4.50577e+11,4.50565e+11,3.48050e+11,2.31264e+11,1.43080e+11,1.09377e+11
 2.240,1.62289e+11,2.45267e+11,3.63232e+11,4.56686e+11,4.58927e+11,3.54380e+11,2.34981e+11,1.45412e+11,1.11549e+11
 2.209,1.58018e+11,2.42761e+11,3.65982e+11,4.67351e+11,4.75991e+11,3.68322e+11,2.42236e+11,1.46677e+11,1.09416e+11
 2.183,1.55191e+11,2.40825e+11,3.67605e+11,4.74535e+11,4.88301e+11,3.78926e+11,2.48433e+11,1.48805e+11,1.09099e+11
 2.163,1.53241e+11,2.39701e+11,3.68881e+11,4.79229e+11,4.96002e+11,3.85533e+11,2.52162e+11,1.49784e+11,1.08406e+11
 2.148,1.47278e+11,2.35564e+11,3.68524e+11,4.83634e+11,5.04740e+11,3.93030e+11,2.55437e+11,1.48495e+11,1.04011e+11
 2.137,1.45087e+11,2.34184e+11,3.69008e+11,4.86578e+11,5.09903e+11,3.97555e+11,2.57865e+11,1.48705e+11,1.02723e+11
 2.129,1.40121e+11,2.30813e+11,3.68297e+11,4.88726e+11,5.14447e+11,4.01365e+11,2.58949e+11,1.46627e+11,9.84170e+10
 2.114,1.36560e+11,2.28495e+11,3.67823e+11,4.89757e+11,5.16228e+11,4.02494e+11,2.58560e+11,1.44516e+11,9.50996e+10
 2.091,1.27459e+11,2.22504e+11,3.66960e+11,4.94137e+11,5.24636e+11,4.09580e+11,2.60775e+11,1.40972e+11,8.73842e+10
 2.070,1.20612e+11,2.18176e+11,3.66332e+11,4.96692e+11,5.29086e+11,4.13114e+11,2.61197e+11,1.37563e+11,8.11454e+10
 2.050,1.14979e+11,2.14582e+11,3.65429e+11,4.97630e+11,5.30701e+11,4.14073e+11,2.60194e+11,1.34030e+11,7.56921e+10
 2.030,1.09799e+11,2.11444e+11,3.65063e+11,4.99326e+11,5.33161e+11,4.15783e+11,2.59782e+11,1.30968e+11,7.06646e+10
 2.010,1.04289e+11,2.07857e+11,3.64095e+11,5.00267e+11,5.34635e+11,4.16254e+11,2.58166e+11,1.27002e+11,6.51090e+10
 1.982,1.03726e+11,2.07792e+11,3.64067e+11,4.98962e+11,5.30624e+11,4.11327e+11,2.53747e+11,1.23727e+11,6.30558e+10
 1.947,1.03334e+11,2.07627e+11,3.64781e+11,5.00664e+11,5.32169e+11,4.11257e+11,2.52428e+11,1.22167e+11,6.20569e+10
 1.916,1.03731e+11,2.07980e+11,3.66667e+11,5.05390e+11,5.39345e+11,4.17359e+11,2.56386e+11,1.24541e+11,6.36861e+10
 1.889,9.99440e+10,2.05883e+11,3.67366e+11,5.08692e+11,5.44178e+11,4.21558e+11,2.58265e+11,1.23622e+11,6.06907e+10
 1.863,9.30574e+10,2.01809e+11,3.68254e+11,5.14944e+11,5.54527e+11,4.30928e+11,2.63022e+11,1.22727e+11,5.55766e+10
 1.837,9.80589e+10,2.04888e+11,3.68022e+11,5.10340e+11,5.44869e+11,4.20726e+11,2.56221e+11,1.21113e+11,5.84214e+10
 1.812,1.00477e+11,2.06682e+11,3.68385e+11,5.08348e+11,5.39813e+11,4.15192e+11,2.52344e+11,1.19800e+11,5.93595e+10
 1.788,1.07917e+11,2.11797e+11,3.69400e+11,5.04222e+11,5.30622e+11,4.06487e+11,2.48022e+11,1.21121e+11,6.50082e+10
 1.766,1.17182e+11,2.17892e+11,3.69542e+11,4.96658e+11,5.15907e+11,3.93130e+11,2.41342e+11,1.22373e+11,7.20098e+10
 1.740,1.30855e+11,2.26744e+11,3.69306e+11,4.84646e+11,4.93620e+11,3.73892e+11,2.32698e+11,1.25561e+11,8.32456e+10
 1.713,1.46196e+11,2.37073e+11,3.71081e+11,4.75912e+11,4.76156e+11,3.60134e+11,2.29102e+11,1.32852e+11,9.75826e+10
 1.692,1.58819e+11,2.45987e+11,3.73252e+11,4.69433e+11,4.62614e+11,3.50183e+11,2.27353e+11,1.39407e+11,1.09292e+11
 1.675,1.59180e+11,2.45943e+11,3.72496e+11,4.67571e+11,4.59585e+11,3.47486e+11,2.25728e+11,1.38946e+11,1.09593e+11
 1.660,1.54866e+11,2.42697e+11,3.72188e+11,4.71350e+11,4.66012e+11,3.51867e+11,2.26748e+11,1.37124e+11,1.06224e+11
 1.646,1.48112e+11,2.37923e+11,3.71957e+11,4.77246e+11,4.76001e+11,3.58723e+11,2.28101e+11,1.33695e+11,1.00215e+11
 1.627,1.39612e+11,2.31287e+11,3.70183e+11,4.82308e+11,4.86287e+11,3.66162e+11,2.29596e+11,1.29748e+11,9.31756e+10
 1.604,1.29404e+11,2.23096e+11,3.67243e+11,4.86535e+11,4.96225e+11,3.73369e+11,2.30568e+11,1.24878e+11,8.48954e+10
 1.584,1.20563e+11,2.16024e+11,3.64080e+11,4.88299e+11,5.02112e+11,3.77690e+11,2.30513e+11,1.20326e+11,7.74471e+10
 1.567,1.12431e+11,2.09280e+11,3.60545e+11,4.88817e+11,5.06094e+11,3.80542e+11,2.29750e+11,1.15783e+11,7.05081e+10
 1.552,1.04572e+11,2.03129e+11,3.57946e+11,4.90415e+11,5.11057e+11,3.84336e+11,2.29728e+11,1.11721e+11,6.38378e+10
 1.538,9.72361e+10,1.97315e+11,3.55271e+11,4.91309e+11,5.14828e+11,3.87358e+11,2.29550e+11,1.07970e+11,5.76923e+10
 1.523,9.18813e+10,1.93134e+11,3.53612e+11,4.92504e+11,5.18098e+11,3.90004e+11,2.29664e+11,1.05340e+11,5.32654e+10
 1.506,8.61613e+10,1.88634e+11,3.51782e+11,4.93817e+11,5.21861e+11,3.93167e+11,2.30188e+11,1.02893e+11,4.87343e+10
 1.488,7.97527e+10,1.83655e+11,3.50309e+11,4.96971e+11,5.29014e+11,3.99599e+11,2.32845e+11,1.01304e+11,4.41690e+10
 1.471,7.64976e+10,1.80873e+11,3.48974e+11,4.97482e+11,5.30823e+11,4.01080e+11,2.32868e+11,9.98292e+10,4.17208e+10
 1.452,7.49765e+10,1.79165e+11,3.46867e+11,4.94216e+11,5.25903e+11,3.96528e+11,2.29368e+11,9.74552e+10,4.00935e+10
 1.434,6.90784e+10,1.74051e+11,3.43790e+11,4.93393e+11,5.26851e+11,3.97534e+11,2.28770e+11,9.47853e+10,3.57835e+10
 1.416,6.88209e+10,1.73298e+11,3.42634e+11,4.91923e+11,5.24779e+11,3.95530e+11,2.27130e+11,9.38319e+10,3.54695e+10
 1.400,7.29663e+10,1.75696e+11,3.41631e+11,4.86296e+11,5.14125e+11,3.85360e+11,2.20743e+11,9.22897e+10,3.76474e+10
 1.386,7.40838e+10,1.75686e+11,3.39537e+11,4.81186e+11,5.05786e+11,3.77555e+11,2.15550e+11,9.02728e+10,3.79380e+10
 1.374,7.12646e+10,1.72590e+11,3.36474e+11,4.78011e+11,5.02241e+11,3.74204e+11,2.12563e+11,8.77775e+10,3.57678e+10
 1.358,7.27744e+10,1.73824e+11,3.37076e+11,4.77902e+11,5.01522e+11,3.74230e+11,2.13112e+11,8.86407e+10,3.67457e+10
 1.339,8.29535e+10,1.80904e+11,3.38563e+11,4.72679e+11,4.90110e+11,3.64805e+11,2.09569e+11,9.18101e+10,4.45866e+10
 1.318,1.27091e+11,2.10984e+11,3.45938e+11,4.52966e+11,4.47138e+11,3.32913e+11,2.04117e+11,1.14348e+11,8.50809e+10
 1.296,1.29906e+11,2.11686e+11,3.45351e+11,4.52743e+11,4.47771e+11,3.34847e+11,2.07193e+11,1.18672e+11,9.00183e+10
 1.276,1.26533e+11,2.07832e+11,3.42328e+11,4.52354e+11,4.50398e+11,3.37472e+11,2.08571e+11,1.18721e+11,8.89487e+10
 1.259,1.14563e+11,1.98408e+11,3.36842e+11,4.51675e+11,4.53029e+11,3.36990e+11,2.02798e+11,1.08386e+11,7.64356e+10
 1.241,1.13772e+11,1.96334e+11,3.32960e+11,4.45816e+11,4.45381e+11,3.30510e+11,1.98418e+11,1.06129e+11,7.54835e+10
 1.224,1.10803e+11,1.92465e+11,3.27334e+11,4.37826e+11,4.35212e+11,3.21471e+11,1.91724e+11,1.01605e+11,7.21343e+10
 1.206,9.49894e+10,1.79593e+11,3.19214e+11,4.35723e+11,4.37951e+11,3.21127e+11,1.85396e+11,8.96469e+10,5.69035e+10
 1.189,8.20651e+10,1.68363e+11,3.10505e+11,4.29774e+11,4.34409e+11,3.16600e+11,1.78329e+11,7.98164e+10,4.50865e+10
 1.169,8.07836e+10,1.65610e+11,3.06484e+11,4.25467e+11,4.31191e+11,3.14974e+11,1.77385e+11,7.91499e+10,4.45645e+10
 1.148,8.05857e+10,1.63436e+11,3.02815e+11,4.22502e+11,4.30865e+11,3.16108e+11,1.78966e+11,8.08509e+10,4.61135e+10
 1.126,7.67682e+10,1.58269e+11,2.96480e+11,4.16374e+11,4.26947e+11,3.14106e+11,1.78055e+11,8.01221e+10,4.45994e+10
 1.102,7.63798e+10,1.55180e+11,2.89833e+11,4.06840e+11,4.16475e+11,3.06471e+11,1.74073e+11,7.93509e+10,4.54192e+10
 1.080,8.20000e+10,1.56502e+11,2.84429e+11,3.93896e+11,3.97475e+11,2.91622e+11,1.66941e+11,7.98976e+10,5.06520e+10
 1.061,6.15781e+10,1.38928e+11,2.71622e+11,3.87162e+11,3.97008e+11,2.89398e+11,1.59533e+11,6.67124e+10,3.32868e+10
 1.040,6.37616e+10,1.38346e+11,2.68184e+11,3.83884e+11,3.97894e+11,2.92741e+11,1.63812e+11,7.10550e+10,3.71904e+10
 1.016,5.66852e+10,1.30033e+11,2.58815e+11,3.75503e+11,3.93772e+11,2.90660e+11,1.61792e+11,6.78327e+10,3.24050e+10
 0.996,4.99049e+10,1.22281e+11,2.49843e+11,3.66182e+11,3.86159e+11,2.84796e+11,1.56822e+11,6.29030e+10,2.69676e+10
 0.980,4.50249e+10,1.14413e+11,2.37521e+11,3.49018e+11,3.66800e+11,2.69401e+11,1.47173e+11,5.80209e+10,2.41145e+10
 0.963,3.94665e+10,1.07264e+11,2.27456e+11,3.35539e+11,3.51431e+11,2.56500e+11,1.37828e+11,5.16545e+10,1.92117e+10
 0.944,3.49778e+10,1.00769e+11,2.20248e+11,3.31365e+11,3.55071e+11,2.62842e+11,1.43332e+11,5.44740e+10,1.90964e+10
 0.931,3.09777e+10,9.56133e+10,2.14171e+11,3.25615e+11,3.52169e+11,2.62149e+11,1.43373e+11,5.39564e+10,1.73776e+10
 0.919,3.85464e+10,9.95743e+10,2.10372e+11,3.11875e+11,3.29501e+11,2.42826e+11,1.32584e+11,5.21891e+10,2.16412e+10
 0.904,3.38136e+10,9.45432e+10,2.05394e+11,3.09225e+11,3.32054e+11,2.46479e+11,1.34860e+11,5.18479e+10,1.88438e+10
 0.891,2.82855e+10,8.94440e+10,2.01326e+11,3.07845e+11,3.36204e+11,2.52337e+11,1.39273e+11,5.27105e+10,1.60614e+10
 0.877,2.57426e+10,8.28851e+10,1.88077e+11,2.86051e+11,3.06502e+11,2.25786e+11,1.20674e+11,4.29573e+10,1.24762e+10
 0.865,2.23753e+10,7.86685e+10,1.83833e+11,2.84589e+11,3.11710e+11,2.32967e+11,1.26676e+11,4.59027e+10,1.22351e+10
 0.852,2.16799e+10,7.80385e+10,1.83216e+11,2.86249e+11,3.19651e+11,2.43226e+11,1.35845e+11,5.14455e+10,1.37862e+10
 0.834,2.17640e+10,7.28282e+10,1.68507e+11,2.59616e+11,2.83067e+11,2.11391e+11,1.14903e+11,4.20085e+10,1.20359e+10
 0.822,2.05956e+10,6.94658e+10,1.61186e+11,2.47688e+11,2.68065e+11,1.99018e+11,1.06862e+11,3.80140e+10,1.05238e+10
 0.810,1.84840e+10,6.55472e+10,1.54261e+11,2.38172e+11,2.58102e+11,1.91299e+11,1.02066e+11,3.54941e+10,8.97875e+09
 0.792,1.61368e+10,6.38165e+10,1.53557e+11,2.41913e+11,2.70939e+11,2.05902e+11,1.13919e+11,4.16934e+10,9.61966e+09
 0.777,1.63247e+10,6.43429e+10,1.53104e+11,2.41109e+11,2.72820e+11,2.10142e+11,1.18833e+11,4.49997e+10,1.04754e+10
 0.765,1.41138e+10,5.82807e+10,1.40929e+11,2.21729e+11,2.48428e+11,1.89944e+11,1.05820e+11,3.88567e+10,8.50812e+09
 0.752,1.23688e+10,5.03076e+10,1.23151e+11,1.91632e+11,2.07141e+11,1.53057e+11,8.04175e+10,2.65443e+10,5.44657e+09
 0.739,1.22738e+10,4.92854e+10,1.20579e+11,1.89620e+11,2.08884e+11,1.56297e+11,8.38251e+10,2.89240e+10,6.34375e+09
 0.729,1.33449e+10,5.28870e+10,1.26938e+11,2.00734e+11,2.27379e+11,1.75003e+11,9.85970e+10,3.71775e+10,8.76439e+09
 0.714,1.44445e+10,5.63632e+10,1.31641e+11,2.06387e+11,2.36096e+11,1.85739e+11,1.08710e+11,4.34406e+10,1.05871e+10
 0.697,1.13171e+10,4.63969e+10,1.12403e+11,1.78672e+11,2.03253e+11,1.56574e+11,8.80936e+10,3.29317e+10,7.42883e+09
 0.677,1.22210e+10,4.84417e+10,1.13784e+11,1.79500e+11,2.06718e+11,1.62791e+11,9.52078e+10,3.78757e+10,9.03251e+09
 0.657,8.94137e+09,3.72840e+10,9.09790e+10,1.45220e+11,1.65834e+11,1.28098e+11,7.21925e+10,2.70733e+10,6.07300e+09
 0.642,8.29098e+09,3.47032e+10,8.46468e+10,1.35192e+11,1.54680e+11,1.19773e+11,6.77085e+10,2.54865e+10,5.69790e+09
 0.628,8.41256e+09,3.44643e+10,8.25108e+10,1.31100e+11,1.50874e+11,1.18161e+11,6.81910e+10,2.65318e+10,6.10687e+09
 0.617,7.05806e+09,2.97671e+10,7.25980e+10,1.15852e+11,1.32647e+11,1.03060e+11,5.85114e+10,2.21452e+10,4.93106e+09
 0.604,6.20741e+09,2.66982e+10,6.58491e+10,1.05664e+11,1.21104e+11,9.36636e+10,5.26730e+10,1.95962e+10,4.23760e+09
 0.591,6.29981e+09,2.64617e+10,6.40387e+10,1.02139e+11,1.17605e+11,9.20144e+10,5.28289e+10,2.03128e+10,4.54866e+09
 0.578,4.70920e+09,2.09088e+10,5.24911e+10,8.46074e+10,9.66684e+10,7.43690e+10,4.12737e+10,1.49765e+10,3.12435e+09
 0.565,4.66879e+09,2.02100e+10,4.99517e+10,8.02346e+10,9.21161e+10,7.14250e+10,4.02548e+10,1.50051e+10,3.23947e+09
 0.552,3.88233e+09,1.72225e+10,4.31986e+10,6.95809e+10,7.95237e+10,6.13233e+10,3.41337e+10,1.24373e+10,2.61325e+09
 0.537,2.85700e+09,1.33516e+10,3.45515e+10,5.59304e+10,6.32982e+10,4.82458e+10,2.61375e+10,9.04682e+09,1.78676e+09
 0.523,2.86764e+09,1.28978e+10,3.25429e+10,5.21872e+10,5.92543e+10,4.56764e+10,2.53437e+10,9.15303e+09,1.90746e+09
 0.506,2.49476e+09,1.12810e+10,2.84784e+10,4.57723e+10,5.21075e+10,4.01772e+10,2.22974e+10,8.04570e+09,1.66323e+09
 0.485,1.70892e+09,7.93726e+09,2.04634e+10,3.30744e+10,3.75699e+10,2.88944e+10,1.58547e+10,5.61735e+09,1.15827e+09
 0.465,1.17924e+09,5.65151e+09,1.48425e+10,2.40279e+10,2.71684e+10,2.08468e+10,1.13285e+10,3.93922e+09,8.04130e+08
 0.445,7.33692e+08,3.73349e+09,1.01033e+10,1.62854e+10,1.81555e+10,1.39098e+10,7.46850e+09,2.54208e+09,5.32159e+08
 0.426,4.63860e+08,2.44391e+09,6.70790e+09,1.05677e+10,1.15592e+10,9.06169e+09,5.01821e+09,1.84254e+09,4.74614e+08
 0.408,4.32720e+08,1.92967e+09,4.91037e+09,7.37721e+09,8.29879e+09,7.34596e+09,4.86156e+09,2.37020e+09,7.85772e+08
 0.387,5.20787e+08,1.78819e+09,3.91675e+09,5.78344e+09,7.59666e+09,8.16141e+09,6.56604e+09,3.76887e+09,1.21647e+09
 0.362,4.20842e+08,1.36477e+09,2.80227e+09,4.18947e+09,5.90352e+09,6.65004e+09,5.55856e+09,3.23393e+09,9.88760e+08
 0.337,2.53091e+08,8.47150e+08,1.76397e+09,2.62500e+09,3.44541e+09,3.61251e+09,2.89308e+09,1.66571e+09,5.25144e+08
 0.312,1.34231e+08,4.72269e+08,1.02076e+09,1.55679e+09,2.01130e+09,2.01968e+09,1.57139e+09,9.06603e+08,3.00928e+08
 0.287,5.56104e+07,2.24673e+08,5.22546e+08,8.16524e+08,9.63441e+08,8.14931e+08,5.27928e+08,2.49394e+08,7.40178e+07
 0.268,2.69459e+07,1.14955e+08,2.70803e+08,4.23376e+08,4.87135e+08,3.89236e+08,2.31959e+08,9.32952e+07,2.15619e+07
