#Lambda(microns),,Phi=0.1050,Phi=0.2000,Phi=0.3000,Phi=0.3950,Phi=0.5000,Phi=0.6050,Phi=0.7000,Phi=0.8000,Phi=0.8950
227.531,4.59351e-03,5.55649e-03,6.94564e-03,8.21328e-03,8.77921e-03,7.91955e-03,6.51149e-03,5.14344e-03,4.34089e-03
138.793,4.12524e-03,5.09548e-03,6.47127e-03,7.71165e-03,8.23538e-03,7.37192e-03,5.96940e-03,4.61571e-03,3.83016e-03
97.752,3.86042e-03,4.83374e-03,6.20325e-03,7.42495e-03,7.92015e-03,7.06911e-03,5.68067e-03,4.33754e-03,3.55714e-03
73.692,3.61938e-03,4.62139e-03,6.01713e-03,7.24464e-03,7.73127e-03,6.89334e-03,5.49939e-03,4.13031e-03,3.31947e-03
53.879,3.44970e-03,4.47037e-03,5.88624e-03,7.12018e-03,7.61013e-03,6.79244e-03,5.40075e-03,4.01120e-03,3.16982e-03
42.212,3.28932e-03,4.31644e-03,5.73372e-03,6.96034e-03,7.45369e-03,6.66517e-03,5.29131e-03,3.89562e-03,3.03135e-03
35.753,3.23770e-03,4.26984e-03,5.68975e-03,6.91644e-03,7.41808e-03,6.64487e-03,5.27809e-03,3.87515e-03,2.99397e-03
29.700,3.19797e-03,4.20347e-03,5.59238e-03,6.79739e-03,7.28935e-03,6.51814e-03,5.17115e-03,3.80152e-03,2.95045e-03
24.839,3.09855e-03,4.09192e-03,5.46491e-03,6.65623e-03,7.13941e-03,6.36960e-03,5.03449e-03,3.68276e-03,2.84726e-03
21.395,2.91637e-03,3.93860e-03,5.34177e-03,6.55434e-03,7.04703e-03,6.27205e-03,4.91483e-03,3.52948e-03,2.66313e-03
19.382,2.94993e-03,3.99188e-03,5.43283e-03,6.70016e-03,7.23436e-03,6.41949e-03,5.01277e-03,3.58906e-03,2.70137e-03
18.180,2.91490e-03,3.95170e-03,5.38522e-03,6.64406e-03,7.17437e-03,6.36921e-03,4.97281e-03,3.55604e-03,2.67046e-03
16.978,2.87863e-03,3.90615e-03,5.32724e-03,6.57579e-03,7.10158e-03,6.30120e-03,4.91529e-03,3.51121e-03,2.63409e-03
15.777,2.74259e-03,3.78742e-03,5.22359e-03,6.48155e-03,7.00906e-03,6.20196e-03,4.80180e-03,3.38023e-03,2.48782e-03
14.575,2.44055e-03,3.55252e-03,5.06265e-03,6.37080e-03,6.91435e-03,6.08829e-03,4.63247e-03,3.13399e-03,2.17861e-03
13.588,2.54504e-03,3.60003e-03,5.04275e-03,6.30207e-03,6.82717e-03,6.01789e-03,4.61088e-03,3.18044e-03,2.28110e-03
12.787,2.74503e-03,3.71104e-03,5.05774e-03,6.25151e-03,6.75408e-03,5.97320e-03,4.64379e-03,3.31847e-03,2.50299e-03
11.986,2.84179e-03,3.74603e-03,5.02629e-03,6.17430e-03,6.66202e-03,5.90350e-03,4.62993e-03,3.37736e-03,2.61909e-03
11.292,2.88384e-03,3.74539e-03,4.97902e-03,6.09540e-03,6.57120e-03,5.82455e-03,4.58813e-03,3.38740e-03,2.67092e-03
10.692,2.86838e-03,3.70543e-03,4.91101e-03,6.00800e-03,6.47385e-03,5.72855e-03,4.51152e-03,3.34290e-03,2.65475e-03
10.091,2.82199e-03,3.64350e-03,4.83178e-03,5.91711e-03,6.37600e-03,5.62996e-03,4.42469e-03,3.27725e-03,2.60774e-03
 9.648,2.73581e-03,3.56435e-03,4.76047e-03,5.85031e-03,6.30915e-03,5.56202e-03,4.35241e-03,3.19838e-03,2.52232e-03
 9.348,2.61666e-03,3.47543e-03,4.70363e-03,5.81289e-03,6.27832e-03,5.52819e-03,4.29686e-03,3.10731e-03,2.39997e-03
 8.995,2.48891e-03,3.37652e-03,4.63655e-03,5.76585e-03,6.23862e-03,5.48711e-03,4.23605e-03,3.01257e-03,2.27398e-03
 8.673,2.34386e-03,3.27095e-03,4.57391e-03,5.73043e-03,6.21541e-03,5.46560e-03,4.18992e-03,2.91949e-03,2.13534e-03
 8.345,2.19451e-03,3.15563e-03,4.49347e-03,5.66950e-03,6.15796e-03,5.40510e-03,4.10832e-03,2.80122e-03,1.98362e-03
 8.074,2.11855e-03,3.09042e-03,4.43879e-03,5.62072e-03,6.10960e-03,5.35335e-03,4.04920e-03,2.73116e-03,1.90425e-03
 7.904,2.04844e-03,3.02874e-03,4.38456e-03,5.56937e-03,6.05581e-03,5.29706e-03,3.98862e-03,2.66400e-03,1.83118e-03
 7.714,2.01699e-03,2.98672e-03,4.32988e-03,5.50505e-03,5.98467e-03,5.22564e-03,3.92494e-03,2.61414e-03,1.79468e-03
 7.498,1.98635e-03,2.93669e-03,4.25831e-03,5.41646e-03,5.88404e-03,5.12349e-03,3.83300e-03,2.54538e-03,1.75225e-03
 7.284,1.92575e-03,2.87751e-03,4.20063e-03,5.35916e-03,5.82820e-03,5.07191e-03,3.78264e-03,2.49236e-03,1.69499e-03
 7.094,1.88568e-03,2.83604e-03,4.15952e-03,5.31899e-03,5.79048e-03,5.03654e-03,3.74611e-03,2.45394e-03,1.65590e-03
 6.873,1.81839e-03,2.77615e-03,4.10947e-03,5.27535e-03,5.75007e-03,4.99840e-03,3.70267e-03,2.39964e-03,1.59179e-03
 6.664,1.72821e-03,2.69483e-03,4.03899e-03,5.21049e-03,5.68360e-03,4.93131e-03,3.63049e-03,2.31850e-03,1.50310e-03
 6.515,1.74287e-03,2.67910e-03,3.98548e-03,5.12662e-03,5.57499e-03,4.81246e-03,3.53197e-03,2.26534e-03,1.49701e-03
 6.297,1.84099e-03,2.70572e-03,3.92232e-03,4.99337e-03,5.39162e-03,4.61459e-03,3.38711e-03,2.22410e-03,1.55614e-03
 6.064,1.73927e-03,2.62451e-03,3.86635e-03,4.95492e-03,5.36224e-03,4.58507e-03,3.34151e-03,2.15150e-03,1.45998e-03
 5.899,1.64014e-03,2.55184e-03,3.82627e-03,4.93842e-03,5.35902e-03,4.58285e-03,3.31922e-03,2.09388e-03,1.37025e-03
 5.759,1.59332e-03,2.51207e-03,3.79506e-03,4.91369e-03,5.33947e-03,4.56405e-03,3.29497e-03,2.05940e-03,1.32622e-03
 5.572,1.52851e-03,2.46061e-03,3.76001e-03,4.89258e-03,5.32826e-03,4.55084e-03,3.26938e-03,2.01460e-03,1.26451e-03
 5.379,1.46697e-03,2.41220e-03,3.72854e-03,4.87564e-03,5.31906e-03,4.53387e-03,3.23670e-03,1.96374e-03,1.20094e-03
 5.265,1.42877e-03,2.37572e-03,3.69347e-03,4.84188e-03,5.28506e-03,4.49435e-03,3.19363e-03,1.91952e-03,1.15802e-03
 5.149,1.38610e-03,2.33680e-03,3.65904e-03,4.81082e-03,5.25513e-03,4.46107e-03,3.15644e-03,1.87832e-03,1.11440e-03
 5.000,1.33586e-03,2.28760e-03,3.61120e-03,4.76360e-03,5.20566e-03,4.40658e-03,3.09936e-03,1.82157e-03,1.06061e-03
 4.882,1.30467e-03,2.25834e-03,3.58320e-03,4.73462e-03,5.17120e-03,4.36604e-03,3.05646e-03,1.77992e-03,1.02302e-03
 4.827,1.27334e-03,2.21160e-03,3.51236e-03,4.63857e-03,5.05985e-03,4.26918e-03,2.98519e-03,1.73350e-03,9.92206e-04
 4.796,1.28522e-03,2.24267e-03,3.57173e-03,4.72527e-03,5.16077e-03,4.35407e-03,3.04148e-03,1.76147e-03,1.00243e-03
 4.750,1.27580e-03,2.23328e-03,3.56165e-03,4.71247e-03,5.14404e-03,4.33821e-03,3.02712e-03,1.74841e-03,9.90936e-04
 4.700,1.25999e-03,2.21577e-03,3.53876e-03,4.68133e-03,5.10635e-03,4.30901e-03,3.00693e-03,1.73293e-03,9.76094e-04
 4.662,1.25925e-03,2.22062e-03,3.55478e-03,4.71124e-03,5.14595e-03,4.33893e-03,3.02303e-03,1.73821e-03,9.75785e-04
 4.605,1.23714e-03,2.20218e-03,3.54129e-03,4.70153e-03,5.13777e-03,4.33148e-03,3.01336e-03,1.72358e-03,9.56729e-04
 4.504,1.21004e-03,2.16532e-03,3.49645e-03,4.65477e-03,5.09055e-03,4.27738e-03,2.96095e-03,1.68303e-03,9.29620e-04
 4.395,1.15942e-03,2.07045e-03,3.34481e-03,4.45512e-03,4.86248e-03,4.06023e-03,2.79102e-03,1.57775e-03,8.76245e-04
 4.301,1.10545e-03,1.95068e-03,3.13299e-03,4.15235e-03,4.49919e-03,3.73326e-03,2.55032e-03,1.43884e-03,8.14316e-04
 4.202,1.09994e-03,1.91386e-03,3.05048e-03,4.02504e-03,4.33791e-03,3.57523e-03,2.42615e-03,1.36402e-03,7.84750e-04
 4.074,1.09644e-03,1.88917e-03,2.98936e-03,3.92376e-03,4.20164e-03,3.43984e-03,2.31916e-03,1.29700e-03,7.54973e-04
 3.949,1.09506e-03,1.86249e-03,2.91640e-03,3.79551e-03,4.02256e-03,3.26622e-03,2.18731e-03,1.21847e-03,7.23232e-04
 3.849,1.07091e-03,1.82826e-03,2.87128e-03,3.74300e-03,3.96951e-03,3.22123e-03,2.15351e-03,1.19572e-03,7.06745e-04
 3.749,1.03378e-03,1.78802e-03,2.83879e-03,3.73001e-03,3.98430e-03,3.24173e-03,2.16533e-03,1.19543e-03,6.93772e-04
 3.662,9.80149e-04,1.72586e-03,2.77671e-03,3.68126e-03,3.96439e-03,3.23786e-03,2.16281e-03,1.18646e-03,6.71792e-04
 3.587,9.39777e-04,1.67967e-03,2.72905e-03,3.64003e-03,3.93979e-03,3.22561e-03,2.15407e-03,1.17488e-03,6.51813e-04
 3.513,8.99753e-04,1.63759e-03,2.69056e-03,3.61187e-03,3.92939e-03,3.22502e-03,2.15255e-03,1.16571e-03,6.31159e-04
 3.438,8.67136e-04,1.60342e-03,2.65992e-03,3.59137e-03,3.92608e-03,3.23024e-03,2.15595e-03,1.16102e-03,6.15332e-04
 3.363,8.31241e-04,1.56475e-03,2.62224e-03,3.56061e-03,3.91051e-03,3.22642e-03,2.15451e-03,1.15406e-03,5.97479e-04
 3.308,8.20795e-04,1.56555e-03,2.64303e-03,3.60335e-03,3.97146e-03,3.28612e-03,2.19787e-03,1.17485e-03,5.98584e-04
 3.269,7.97657e-04,1.52780e-03,2.58569e-03,3.53008e-03,3.89560e-03,3.22781e-03,2.16104e-03,1.15516e-03,5.85744e-04
 3.231,7.70171e-04,1.50207e-03,2.56433e-03,3.51427e-03,3.88792e-03,3.22900e-03,2.16367e-03,1.15160e-03,5.71727e-04
 3.193,7.48558e-04,1.48091e-03,2.54369e-03,3.49342e-03,3.86847e-03,3.21642e-03,2.15508e-03,1.14179e-03,5.57088e-04
 3.156,7.30166e-04,1.46213e-03,2.52639e-03,3.47857e-03,3.85766e-03,3.21078e-03,2.15091e-03,1.13554e-03,5.46609e-04
 3.118,7.25171e-04,1.45449e-03,2.51631e-03,3.46681e-03,3.84666e-03,3.20526e-03,2.14997e-03,1.13667e-03,5.46942e-04
 3.085,7.09020e-04,1.43430e-03,2.49085e-03,3.43620e-03,3.81518e-03,3.18387e-03,2.13833e-03,1.12990e-03,5.39223e-04
 3.055,7.02517e-04,1.42689e-03,2.48336e-03,3.42883e-03,3.80751e-03,3.17601e-03,2.13091e-03,1.12353e-03,5.33941e-04
 3.014,6.78469e-04,1.39585e-03,2.44414e-03,3.38305e-03,3.76065e-03,3.13819e-03,2.10379e-03,1.10460e-03,5.17771e-04
 2.965,6.56898e-04,1.36844e-03,2.40925e-03,3.34108e-03,3.71614e-03,3.10242e-03,2.07898e-03,1.08773e-03,5.03317e-04
 2.909,6.34929e-04,1.33418e-03,2.35988e-03,3.27873e-03,3.64581e-03,3.03696e-03,2.02734e-03,1.05360e-03,4.82656e-04
 2.847,6.13771e-04,1.30522e-03,2.32154e-03,3.23296e-03,3.59732e-03,2.99395e-03,1.99368e-03,1.02958e-03,4.64738e-04
 2.787,5.94513e-04,1.26947e-03,2.26391e-03,3.15551e-03,3.50693e-03,2.90960e-03,1.92908e-03,9.90175e-04,4.44905e-04
 2.730,5.74484e-04,1.23608e-03,2.21110e-03,3.08217e-03,3.41713e-03,2.82384e-03,1.86215e-03,9.47392e-04,4.21422e-04
 2.676,5.73728e-04,1.21504e-03,2.16442e-03,3.01477e-03,3.33530e-03,2.73928e-03,1.79436e-03,9.09937e-04,4.12351e-04
 2.623,5.69218e-04,1.21129e-03,2.16504e-03,3.02449e-03,3.35584e-03,2.75982e-03,1.80917e-03,9.17602e-04,4.13573e-04
 2.574,5.33269e-04,1.17441e-03,2.12592e-03,2.98444e-03,3.32141e-03,2.73587e-03,1.79119e-03,8.97858e-04,3.86935e-04
 2.527,5.37415e-04,1.16568e-03,2.09943e-03,2.94308e-03,3.27310e-03,2.69455e-03,1.76583e-03,8.90507e-04,3.91886e-04
 2.482,5.53582e-04,1.15932e-03,2.05948e-03,2.86983e-03,3.17388e-03,2.59763e-03,1.69620e-03,8.60146e-04,3.95066e-04
 2.437,5.73031e-04,1.15774e-03,2.02230e-03,2.79443e-03,3.06608e-03,2.48894e-03,1.61722e-03,8.24449e-04,3.96175e-04
 2.394,6.12994e-04,1.16579e-03,1.97442e-03,2.68297e-03,2.90202e-03,2.33829e-03,1.52048e-03,7.92854e-04,4.14292e-04
 2.354,6.09227e-04,1.13804e-03,1.90147e-03,2.55338e-03,2.72584e-03,2.18098e-03,1.41250e-03,7.37493e-04,3.96252e-04
 2.314,6.26952e-04,1.13435e-03,1.86059e-03,2.47031e-03,2.61210e-03,2.08402e-03,1.35430e-03,7.19712e-04,4.05990e-04
 2.276,6.42404e-04,1.11694e-03,1.79171e-03,2.34623e-03,2.44853e-03,1.93829e-03,1.25872e-03,6.81384e-04,4.10238e-04
 2.240,6.05231e-04,1.07091e-03,1.74131e-03,2.30021e-03,2.41227e-03,1.90507e-03,1.22565e-03,6.50221e-04,3.81585e-04
 2.209,5.79512e-04,1.04021e-03,1.71652e-03,2.29517e-03,2.43191e-03,1.92466e-03,1.23324e-03,6.46954e-04,3.71366e-04
 2.183,5.68285e-04,1.02513e-03,1.70525e-03,2.29725e-03,2.45208e-03,1.94567e-03,1.24667e-03,6.53081e-04,3.72210e-04
 2.163,5.77043e-04,1.04123e-03,1.73804e-03,2.35047e-03,2.51898e-03,2.00227e-03,1.28400e-03,6.73667e-04,3.83865e-04
 2.148,5.33839e-04,9.81308e-04,1.65851e-03,2.25972e-03,2.43628e-03,1.94023e-03,1.24170e-03,6.44981e-04,3.58046e-04
 2.137,5.21999e-04,9.72696e-04,1.65723e-03,2.26788e-03,2.45276e-03,1.95460e-03,1.24824e-03,6.43001e-04,3.50067e-04
 2.129,5.00151e-04,9.51711e-04,1.63944e-03,2.25505e-03,2.44691e-03,1.95138e-03,1.24282e-03,6.32696e-04,3.34475e-04
 2.114,4.77390e-04,9.28425e-04,1.61540e-03,2.22958e-03,2.42183e-03,1.93012e-03,1.22455e-03,6.15147e-04,3.15718e-04
 2.091,4.56425e-04,9.06338e-04,1.59632e-03,2.21717e-03,2.41961e-03,1.93317e-03,1.22650e-03,6.12303e-04,3.06468e-04
 2.070,4.48417e-04,8.93100e-04,1.57809e-03,2.19597e-03,2.40027e-03,1.92137e-03,1.22199e-03,6.12410e-04,3.06871e-04
 2.050,4.30326e-04,8.68789e-04,1.54478e-03,2.15355e-03,2.35484e-03,1.88573e-03,1.19853e-03,5.97830e-04,2.95079e-04
 2.030,4.14377e-04,8.58621e-04,1.54328e-03,2.15877e-03,2.36250e-03,1.89157e-03,1.19854e-03,5.90200e-04,2.81455e-04
 2.010,3.72578e-04,8.13290e-04,1.49125e-03,2.09877e-03,2.29960e-03,1.83773e-03,1.15485e-03,5.52558e-04,2.44677e-04
 1.982,3.72181e-04,8.05601e-04,1.47139e-03,2.06425e-03,2.25302e-03,1.79632e-03,1.12724e-03,5.39975e-04,2.42638e-04
 1.947,3.80105e-04,8.07373e-04,1.46759e-03,2.05731e-03,2.24406e-03,1.78693e-03,1.12114e-03,5.40861e-04,2.50646e-04
 1.916,3.50226e-04,7.62359e-04,1.40304e-03,1.97936e-03,2.16701e-03,1.72446e-03,1.07649e-03,5.11630e-04,2.28768e-04
 1.889,3.41767e-04,7.57347e-04,1.40478e-03,1.98805e-03,2.17992e-03,1.73616e-03,1.08285e-03,5.11468e-04,2.23578e-04
 1.863,3.22840e-04,7.33885e-04,1.37799e-03,1.96228e-03,2.16147e-03,1.72620e-03,1.07727e-03,5.06032e-04,2.14575e-04
 1.837,3.19198e-04,7.10159e-04,1.32137e-03,1.87140e-03,2.04896e-03,1.62844e-03,1.01238e-03,4.75964e-04,2.07834e-04
 1.812,3.08601e-04,7.03511e-04,1.31801e-03,1.86679e-03,2.03760e-03,1.61259e-03,9.94883e-04,4.58621e-04,1.92266e-04
 1.788,3.16417e-04,6.87029e-04,1.26158e-03,1.77018e-03,1.91874e-03,1.51436e-03,9.36468e-04,4.39969e-04,1.98381e-04
 1.766,3.25978e-04,6.85626e-04,1.23782e-03,1.71857e-03,1.84529e-03,1.44935e-03,8.95283e-04,4.24213e-04,2.00213e-04
 1.740,3.57558e-04,7.12028e-04,1.24771e-03,1.70136e-03,1.79968e-03,1.40521e-03,8.70218e-04,4.22488e-04,2.17220e-04
 1.713,3.62913e-04,6.91962e-04,1.18167e-03,1.58585e-03,1.65543e-03,1.28717e-03,8.00194e-04,3.97675e-04,2.18870e-04
 1.692,3.82501e-04,7.00012e-04,1.16564e-03,1.54075e-03,1.58953e-03,1.23398e-03,7.72935e-04,3.95310e-04,2.31856e-04
 1.675,3.73689e-04,6.98769e-04,1.17402e-03,1.55511e-03,1.60251e-03,1.23990e-03,7.70476e-04,3.85699e-04,2.19057e-04
 1.660,3.60486e-04,6.66950e-04,1.12063e-03,1.48955e-03,1.54112e-03,1.19482e-03,7.45048e-04,3.77595e-04,2.18770e-04
 1.646,3.46937e-04,6.63233e-04,1.13754e-03,1.53040e-03,1.59530e-03,1.23523e-03,7.62879e-04,3.76288e-04,2.07527e-04
 1.627,3.22628e-04,6.31620e-04,1.10306e-03,1.50177e-03,1.57895e-03,1.22347e-03,7.51434e-04,3.64587e-04,1.94351e-04
 1.604,2.97321e-04,6.08438e-04,1.09078e-03,1.50636e-03,1.59833e-03,1.23849e-03,7.53767e-04,3.55051e-04,1.77389e-04
 1.584,2.82171e-04,6.00590e-04,1.09914e-03,1.53336e-03,1.63717e-03,1.26877e-03,7.67233e-04,3.53081e-04,1.66505e-04
 1.567,2.65774e-04,5.71829e-04,1.05656e-03,1.48307e-03,1.59097e-03,1.23479e-03,7.46167e-04,3.42374e-04,1.59886e-04
 1.552,2.48797e-04,5.54235e-04,1.04200e-03,1.47469e-03,1.58970e-03,1.23450e-03,7.42687e-04,3.34881e-04,1.48933e-04
 1.538,2.32645e-04,5.36446e-04,1.02497e-03,1.46111e-03,1.58153e-03,1.22888e-03,7.36465e-04,3.26751e-04,1.38374e-04
 1.523,2.23702e-04,5.27341e-04,1.01848e-03,1.45930e-03,1.58399e-03,1.23151e-03,7.36311e-04,3.23588e-04,1.32970e-04
 1.506,2.14571e-04,5.24273e-04,1.02796e-03,1.48255e-03,1.61483e-03,1.25596e-03,7.48227e-04,3.23836e-04,1.26367e-04
 1.488,2.01257e-04,5.04515e-04,1.00216e-03,1.45587e-03,1.59408e-03,1.24249e-03,7.39768e-04,3.18172e-04,1.20308e-04
 1.471,1.94241e-04,4.93988e-04,9.88280e-04,1.44085e-03,1.58044e-03,1.23213e-03,7.32405e-04,3.13330e-04,1.16401e-04
 1.452,1.89312e-04,4.85669e-04,9.74445e-04,1.42046e-03,1.55485e-03,1.21015e-03,7.17288e-04,3.04906e-04,1.11891e-04
 1.434,1.74006e-04,4.68765e-04,9.57395e-04,1.40471e-03,1.54174e-03,1.20007e-03,7.08400e-04,2.95847e-04,1.01426e-04
 1.416,1.70928e-04,4.60143e-04,9.40675e-04,1.38098e-03,1.51474e-03,1.17797e-03,6.94048e-04,2.89105e-04,9.91936e-05
 1.400,1.75956e-04,4.58819e-04,9.27026e-04,1.35254e-03,1.47377e-03,1.14157e-03,6.70588e-04,2.80032e-04,1.00169e-04
 1.386,1.78213e-04,4.57161e-04,9.18338e-04,1.33515e-03,1.44840e-03,1.11858e-03,6.55350e-04,2.73801e-04,1.00378e-04
 1.374,1.72224e-04,4.49650e-04,9.09863e-04,1.32585e-03,1.43791e-03,1.10870e-03,6.47008e-04,2.67611e-04,9.57804e-05
 1.358,1.69211e-04,4.44941e-04,9.00781e-04,1.31227e-03,1.42194e-03,1.09699e-03,6.40004e-04,2.63651e-04,9.24155e-05
 1.339,1.86627e-04,4.56574e-04,8.98726e-04,1.29353e-03,1.38836e-03,1.06847e-03,6.25015e-04,2.63247e-04,1.02059e-04
 1.318,2.64779e-04,5.15604e-04,9.12102e-04,1.24772e-03,1.28785e-03,9.85506e-04,5.89653e-04,2.78033e-04,1.51565e-04
 1.296,2.62220e-04,5.08422e-04,9.00099e-04,1.23463e-03,1.27658e-03,9.77787e-04,5.85177e-04,2.76555e-04,1.51253e-04
 1.276,2.56555e-04,5.04845e-04,9.03984e-04,1.24920e-03,1.29880e-03,9.95341e-04,5.93900e-04,2.78189e-04,1.49261e-04
 1.259,2.31995e-04,4.73458e-04,8.66378e-04,1.21076e-03,1.26706e-03,9.69040e-04,5.72783e-04,2.61651e-04,1.34076e-04
 1.241,2.28952e-04,4.65327e-04,8.49866e-04,1.18606e-03,1.23739e-03,9.44768e-04,5.57098e-04,2.53905e-04,1.30809e-04
 1.224,2.14537e-04,4.51819e-04,8.35763e-04,1.16896e-03,1.21567e-03,9.24107e-04,5.38861e-04,2.37518e-04,1.15327e-04
 1.206,1.94867e-04,4.32028e-04,8.21842e-04,1.16573e-03,1.22264e-03,9.27210e-04,5.34621e-04,2.28254e-04,1.03789e-04
 1.189,1.74790e-04,4.09015e-04,7.97583e-04,1.14267e-03,1.20354e-03,9.10019e-04,5.19408e-04,2.15096e-04,9.11123e-05
 1.169,1.69355e-04,3.99390e-04,7.83622e-04,1.12674e-03,1.18974e-03,9.01124e-04,5.13978e-04,2.11691e-04,8.80390e-05
 1.148,1.65586e-04,3.85780e-04,7.57190e-04,1.09293e-03,1.15993e-03,8.81415e-04,5.04438e-04,2.09812e-04,8.90553e-05
 1.126,1.57939e-04,3.75472e-04,7.44680e-04,1.08105e-03,1.15200e-03,8.76354e-04,5.01390e-04,2.07645e-04,8.57038e-05
 1.102,1.56210e-04,3.67505e-04,7.27350e-04,1.05562e-03,1.12318e-03,8.54030e-04,4.88281e-04,2.02898e-04,8.53540e-05
 1.080,1.68666e-04,3.72679e-04,7.17916e-04,1.02920e-03,1.08212e-03,8.20512e-04,4.70119e-04,2.00157e-04,9.25107e-05
 1.061,1.29504e-04,3.31034e-04,6.78465e-04,9.97021e-04,1.06208e-03,8.01658e-04,4.49711e-04,1.77710e-04,6.71767e-05
 1.040,1.24826e-04,3.15043e-04,6.46292e-04,9.54930e-04,1.02701e-03,7.80793e-04,4.42046e-04,1.78054e-04,6.84883e-05
 1.016,1.10929e-04,2.97683e-04,6.26879e-04,9.37706e-04,1.01829e-03,7.76310e-04,4.38555e-04,1.73401e-04,6.11663e-05
 0.996,1.01863e-04,2.80848e-04,5.99493e-04,9.02652e-04,9.84073e-04,7.50039e-04,4.22193e-04,1.65131e-04,5.65141e-05
 0.980,9.12905e-05,2.61418e-04,5.66936e-04,8.56397e-04,9.31068e-04,7.06671e-04,3.94253e-04,1.51134e-04,4.98738e-05
 0.963,8.12557e-05,2.47842e-04,5.47919e-04,8.31125e-04,9.01374e-04,6.80835e-04,3.75401e-04,1.39044e-04,4.16796e-05
 0.944,7.22478e-05,2.31280e-04,5.24905e-04,8.09506e-04,8.93777e-04,6.81551e-04,3.79636e-04,1.42756e-04,4.18545e-05
 0.931,6.42413e-05,2.18096e-04,5.05312e-04,7.86241e-04,8.74199e-04,6.68832e-04,3.73216e-04,1.39711e-04,3.87116e-05
 0.919,7.71458e-05,2.27208e-04,5.02176e-04,7.65405e-04,8.35969e-04,6.36047e-04,3.54384e-04,1.35310e-04,4.38305e-05
 0.904,7.04982e-05,2.21450e-04,5.00497e-04,7.72314e-04,8.54201e-04,6.53110e-04,3.65002e-04,1.38494e-04,4.14141e-05
 0.891,5.98264e-05,2.05652e-04,4.76785e-04,7.44369e-04,8.33489e-04,6.41580e-04,3.61067e-04,1.36821e-04,3.71573e-05
 0.877,5.47167e-05,1.90341e-04,4.45020e-04,6.92984e-04,7.65204e-04,5.81269e-04,3.19313e-04,1.15573e-04,3.03018e-05
 0.865,5.00354e-05,1.86986e-04,4.47977e-04,7.07678e-04,7.94677e-04,6.09234e-04,3.38425e-04,1.24115e-04,3.08773e-05
 0.852,4.86624e-05,1.84631e-04,4.42731e-04,7.03512e-04,8.01231e-04,6.21935e-04,3.52584e-04,1.34020e-04,3.37727e-05
 0.834,4.68894e-05,1.69515e-04,4.03644e-04,6.35527e-04,7.11101e-04,5.45279e-04,3.03090e-04,1.11945e-04,2.92134e-05
 0.822,4.46859e-05,1.62219e-04,3.87248e-04,6.08674e-04,6.77275e-04,5.17541e-04,2.85423e-04,1.03664e-04,2.65973e-05
 0.810,3.97578e-05,1.49447e-04,3.60712e-04,5.69295e-04,6.34236e-04,4.83931e-04,2.65612e-04,9.51581e-05,2.32659e-05
 0.792,3.66158e-05,1.48533e-04,3.63257e-04,5.81489e-04,6.63918e-04,5.14705e-04,2.89743e-04,1.07835e-04,2.49835e-05
 0.777,3.70162e-05,1.48283e-04,3.57580e-04,5.70859e-04,6.56410e-04,5.14137e-04,2.94924e-04,1.13350e-04,2.68264e-05
 0.765,3.22947e-05,1.35046e-04,3.31133e-04,5.29181e-04,6.03812e-04,4.70105e-04,2.66054e-04,9.93712e-05,2.23073e-05
 0.752,2.76899e-05,1.16054e-04,2.90014e-04,4.61523e-04,5.12919e-04,3.89730e-04,2.10787e-04,7.24779e-05,1.55926e-05
 0.739,2.76389e-05,1.15261e-04,2.87738e-04,4.61421e-04,5.20585e-04,3.99411e-04,2.19578e-04,7.81423e-05,1.74472e-05
 0.729,3.03054e-05,1.23365e-04,3.00588e-04,4.82087e-04,5.54945e-04,4.34246e-04,2.47997e-04,9.45838e-05,2.22258e-05
 0.714,3.34633e-05,1.32417e-04,3.12604e-04,4.95458e-04,5.73646e-04,4.56699e-04,2.69664e-04,1.08498e-04,2.65378e-05
 0.697,2.58701e-05,1.08318e-04,2.65998e-04,4.28470e-04,4.94944e-04,3.87364e-04,2.20863e-04,8.36209e-05,1.89942e-05
 0.677,2.86251e-05,1.14922e-04,2.72604e-04,4.34290e-04,5.05623e-04,4.02591e-04,2.37428e-04,9.51168e-05,2.28032e-05
 0.657,2.19042e-05,9.28734e-05,2.29565e-04,3.71218e-04,4.30020e-04,3.36962e-04,1.92065e-04,7.27224e-05,1.64137e-05
 0.642,1.96783e-05,8.34950e-05,2.06147e-04,3.33394e-04,3.86729e-04,3.03584e-04,1.73484e-04,6.59313e-05,1.48911e-05
 0.628,2.06301e-05,8.55072e-05,2.06892e-04,3.32311e-04,3.86880e-04,3.06459e-04,1.78358e-04,6.98805e-05,1.62129e-05
 0.617,1.75840e-05,7.49972e-05,1.85073e-04,2.99027e-04,3.46923e-04,2.73013e-04,1.56521e-04,5.97381e-05,1.34594e-05
 0.604,1.50475e-05,6.53978e-05,1.63237e-04,2.65265e-04,3.08166e-04,2.41520e-04,1.37233e-04,5.15342e-05,1.13056e-05
 0.591,1.57040e-05,6.66389e-05,1.62983e-04,2.62846e-04,3.06155e-04,2.42194e-04,1.40180e-04,5.42493e-05,1.22538e-05
 0.578,1.17858e-05,5.29186e-05,1.34587e-04,2.19948e-04,2.54984e-04,1.98941e-04,1.11643e-04,4.09180e-05,8.66834e-06
 0.565,1.23415e-05,5.40216e-05,1.35121e-04,2.19759e-04,2.55590e-04,2.00662e-04,1.14165e-04,4.28951e-05,9.36686e-06
 0.552,1.03989e-05,4.67037e-05,1.18668e-04,1.93780e-04,2.24659e-04,1.75643e-04,9.88532e-05,3.63976e-05,7.77405e-06
 0.537,8.05703e-06,3.82232e-05,1.00453e-04,1.65318e-04,1.90343e-04,1.47560e-04,8.11791e-05,2.86169e-05,5.84775e-06
 0.523,8.94310e-06,4.07671e-05,1.04310e-04,1.69819e-04,1.95798e-04,1.53237e-04,8.61721e-05,3.16189e-05,6.79410e-06
 0.506,7.53421e-06,3.45075e-05,8.82312e-05,1.43840e-04,1.66262e-04,1.30311e-04,7.35083e-05,2.71500e-05,5.88913e-06
 0.485,5.30252e-06,2.49841e-05,6.53620e-05,1.07323e-04,1.23854e-04,9.67901e-05,5.39101e-05,1.94696e-05,4.16471e-06
 0.465,3.83945e-06,1.86873e-05,4.98964e-05,8.21998e-05,9.45002e-05,7.36831e-05,4.06242e-05,1.43664e-05,3.02520e-06
 0.445,2.93673e-06,1.51526e-05,4.17613e-05,6.87248e-05,7.81208e-05,6.10450e-05,3.34770e-05,1.17618e-05,2.62128e-06
 0.426,2.37100e-06,1.24147e-05,3.45052e-05,5.56039e-05,6.21428e-05,5.00401e-05,2.87420e-05,1.12605e-05,3.22385e-06
 0.408,2.42931e-06,1.01118e-05,2.50698e-05,3.78167e-05,4.27021e-05,3.90633e-05,2.72429e-05,1.44839e-05,5.47229e-06
 0.387,4.57183e-06,1.49909e-05,3.15680e-05,4.46467e-05,5.44030e-05,5.75852e-05,4.69936e-05,2.85798e-05,1.06138e-05
 0.362,5.82235e-06,1.83992e-05,3.67546e-05,5.17224e-05,6.65188e-05,7.32595e-05,6.17961e-05,3.79891e-05,1.32854e-05
 0.337,4.27505e-06,1.37779e-05,2.77080e-05,3.95878e-05,4.96846e-05,5.26183e-05,4.34350e-05,2.67411e-05,9.69422e-06
 0.312,3.40354e-06,1.16612e-05,2.46528e-05,3.67746e-05,4.53619e-05,4.42720e-05,3.39987e-05,1.98003e-05,7.03444e-06
 0.287,2.39463e-06,9.58982e-06,2.22119e-05,3.47987e-05,4.08925e-05,3.42549e-05,2.18995e-05,1.01148e-05,2.96842e-06
 0.268,1.08488e-05,4.65153e-05,1.09862e-04,1.72904e-04,2.00430e-04,1.61022e-04,9.64157e-05,3.87701e-05,8.83089e-06
