# 2MASSW J1506544+132106 flux calibrated spectrum (erg/s/cm2/A) as a function of wavelength (um)
6.313310265541076660e-01 4.239261596409354331e-17 2.119630674127585282e-18
6.315211057662963867e-01 4.117709721500402062e-17 2.058855026186323542e-18
6.317111849784851074e-01 4.027025249201723596e-17 2.013512707318923053e-18
6.319012641906738281e-01 4.621794910279197212e-17 2.310897579216690489e-18
6.320913434028625488e-01 4.765938411205952751e-17 2.382968998807823237e-18
6.322814226150512695e-01 3.895231223948139739e-17 1.947615570615039242e-18
6.324715018272399902e-01 3.943770182292751403e-17 1.971885256582498212e-18
6.326616406440734863e-01 3.663615027605126629e-17 1.831807596520624570e-18
6.328517198562622070e-01 3.794610658131474304e-17 1.897305204988645269e-18
6.330417990684509277e-01 2.046501910918456627e-17 1.023250955459228313e-18
6.332318782806396484e-01 4.306760527010416453e-17 2.153380056710055088e-18
6.334219574928283691e-01 4.248981961223587470e-17 2.124490980611793735e-18
6.336120367050170898e-01 4.191116045164072887e-17 2.095558270736220209e-18
6.338021159172058105e-01 4.145197925872274236e-17 2.072598838859045235e-18
6.339922547340393066e-01 4.628687971759724103e-17 2.314343820443739541e-18
6.341823339462280273e-01 4.591368891243781706e-17 2.295684280185768342e-18
6.343724131584167480e-01 4.317809343888409754e-17 2.158904796021296760e-18
6.345624923706054688e-01 4.939701264634762084e-17 2.469850673676411670e-18
6.347525715827941895e-01 5.006343236121219269e-17 2.503171576701579007e-18
6.349426507949829102e-01 4.270559794682645750e-17 2.135280104136476013e-18
6.351327896118164062e-01 4.454855304287215294e-17 2.227427403989423881e-18
6.353228688240051270e-01 4.150866760046222645e-17 2.075433586818264461e-18
6.355129480361938477e-01 4.947195190112247494e-17 2.473597595056123747e-18
6.357030272483825684e-01 4.466201244441237643e-17 2.233100622220618822e-18
6.358931064605712891e-01 4.685987434535762372e-17 2.342993634549819931e-18
6.360831856727600098e-01 4.707335642656775932e-17 2.353667779969357338e-18
6.362732648849487305e-01 4.985806657617242741e-17 2.492903163372498860e-18
6.364634037017822266e-01 4.727462601321416201e-17 2.363731466096830611e-18
6.366534829139709473e-01 4.979354317967084104e-17 2.489677158983542052e-18
6.368435621261596680e-01 4.830737424287641791e-17 2.415368422630606502e-18
6.370336413383483887e-01 4.926646038462960159e-17 2.463322977872449452e-18
6.372237205505371094e-01 4.621546756095431304e-17 2.310773502124807535e-18
6.374137997627258301e-01 5.056371781312916426e-17 2.528185932015488840e-18
6.376038789749145508e-01 4.747346699758210901e-17 2.373673349879105451e-18
6.377940177917480469e-01 5.185834811600325851e-17 2.592917364441132298e-18
6.379840970039367676e-01 5.072170931012679254e-17 2.536085506865370255e-18
6.381741762161254883e-01 4.744498220600823295e-17 2.372249151659442275e-18
6.383642554283142090e-01 4.835871238041390902e-17 2.417935784456817962e-18
6.385543346405029297e-01 4.860680038973081308e-17 2.430339978127510026e-18
6.387444138526916504e-01 4.904427967209785836e-17 2.452213942245862290e-18
6.389344930648803711e-01 5.024343347994863194e-17 2.512171715356462225e-18
6.391246318817138672e-01 4.554641410301937235e-17 2.277320870587091128e-18
6.393147110939025879e-01 5.062734454584674314e-17 2.531367268651367785e-18
6.395047903060913086e-01 5.750909681303880837e-17 2.875455171524185440e-18
6.396948695182800293e-01 5.496159890205719713e-17 2.748079903743829229e-18
6.398849487304687500e-01 4.955897461028550366e-17 2.477948771873305811e-18
6.400750279426574707e-01 5.089936123592358119e-17 2.544967979078117804e-18
6.402651071548461914e-01 5.062069070499936659e-17 2.531034742045121468e-18
6.404552459716796875e-01 5.572911001394309960e-17 2.786455500697154980e-18
6.406453251838684082e-01 5.435081866391539213e-17 2.717541015913830862e-18
6.408354043960571289e-01 4.738511418199409502e-17 2.369255585022612868e-18
6.410254836082458496e-01 5.382101940774252854e-17 2.691051177182279565e-18
6.412155628204345703e-01 5.141441351613584940e-17 2.570720799883884353e-18
6.414056420326232910e-01 4.857769686705874735e-17 2.428884760634876112e-18
6.415957808494567871e-01 5.345919737292203339e-17 2.672959910005132297e-18
6.417858600616455078e-01 5.519145585067343246e-17 2.759572957969794134e-18
6.419759392738342285e-01 5.155569596475990653e-17 2.577784715519934071e-18
6.421660184860229492e-01 5.246445974676781422e-17 2.623222987338390711e-18
6.423560976982116699e-01 5.262542247652573298e-17 2.631271041108225394e-18
6.425461769104003906e-01 5.295020998096100398e-17 2.647510457689019571e-18
6.427362561225891113e-01 5.425932256199967663e-17 2.712966086740953204e-18
6.429263949394226074e-01 5.541325275140095109e-17 2.770662761647139437e-18
6.431164741516113281e-01 5.891352376170074130e-17 2.945676188085037065e-18
6.433065533638000488e-01 5.327584782706597949e-17 2.663792474071360230e-18
6.434966325759887695e-01 5.453366197523656358e-17 2.726683222838920062e-18
6.436867117881774902e-01 5.391037145751050659e-17 2.695518572875525330e-18
6.438767910003662109e-01 5.584216244262194700e-17 2.792108039413036095e-18
6.440668702125549316e-01 5.435995404660042777e-17 2.717998033202266410e-18
6.442570090293884277e-01 5.389734170850157130e-17 2.694867374938292959e-18
6.444470882415771484e-01 5.753210566895758339e-17 2.876605572961093563e-18
6.446371674537658691e-01 5.868027868129548877e-17 2.934014389014111343e-18
6.448272466659545898e-01 5.543949092043113313e-17 2.771974463303495401e-18
6.450173258781433105e-01 5.789406667012098745e-17 2.894703250787988117e-18
6.452074050903320312e-01 5.585613848625164296e-17 2.792807007030643403e-18
6.453974843025207520e-01 6.065537422583530528e-17 3.032768794009826519e-18
6.455876231193542480e-01 5.663417133552921994e-17 2.831708277263246603e-18
6.457777023315429688e-01 5.049881060482335328e-17 2.524940695677290175e-18
6.459677815437316895e-01 4.993497452080515771e-17 2.496748726040257885e-18
6.461578607559204102e-01 5.458088737076844104e-17 2.729044203102299541e-18
6.463479399681091309e-01 5.757026847369832987e-17 2.878513671839100260e-18
6.465380191802978516e-01 5.642688649146833163e-17 2.821343910983110305e-18
6.467280983924865723e-01 5.871419308641016290e-17 2.935709695679538773e-18
6.469182372093200684e-01 5.872789119735404104e-17 2.936394601226732680e-18
6.471083164215087891e-01 5.655180399885363965e-17 2.827590365378804493e-18
6.472983956336975098e-01 5.825051533968233814e-17 2.912525270675749375e-18
6.474884748458862305e-01 5.718014362703872032e-17 2.859007098633874761e-18
6.476785540580749512e-01 6.141137760103937003e-17 3.070568673256815363e-18
6.478686332702636719e-01 5.988047142799562896e-17 2.994023447322689565e-18
6.480587720870971680e-01 6.241139263950167752e-17 3.120569259743808227e-18
6.482488512992858887e-01 5.976092066842456497e-17 2.988045826626075110e-18
6.484389305114746094e-01 5.937511701328493244e-17 2.968755354355879090e-18
6.486290097236633301e-01 5.671898712681795718e-17 2.835949232263805976e-18
6.488190889358520508e-01 5.883589451557386476e-17 2.941794643060631983e-18
6.490091681480407715e-01 6.021606191123084250e-17 3.010802599253174593e-18
6.491992473602294922e-01 6.415943703206303857e-17 3.207971851603151929e-18
6.493893861770629883e-01 6.099531898781499796e-17 3.049765908031719270e-18
6.495794653892517090e-01 6.461375771170166349e-17 3.230687885585083175e-18
6.497695446014404297e-01 6.890560086354529865e-17 3.445279836382111794e-18
6.499596238136291504e-01 6.793832232500538978e-17 3.396916240327361372e-18
6.501497030258178711e-01 6.754453141387094521e-17 3.377226860206761654e-18
6.503397822380065918e-01 6.767657590941401013e-17 3.383828795470700506e-18
6.505298614501953125e-01 6.362894956162053087e-17 3.181447478081026543e-18
6.507200002670288086e-01 6.577002385915278770e-17 3.288501192957639385e-18
6.509100794792175293e-01 6.980927252170232990e-17 3.490463956957361516e-18
6.511001586914062500e-01 7.215809488443850474e-17 3.607904578785802726e-18
6.512902379035949707e-01 7.019614820291583115e-17 3.509807575581914068e-18
6.514803171157836914e-01 7.220799703643260379e-17 3.610399769103568934e-18
6.516703963279724121e-01 6.993141070222945975e-17 3.496570204239227966e-18
6.518604755401611328e-01 7.395558482529583557e-17 3.697779406700914289e-18
6.520506143569946289e-01 7.665934046271116395e-17 3.832967602161986985e-18
6.522406935691833496e-01 7.853290455014377163e-17 3.926645392943311092e-18
6.524307727813720703e-01 7.643127022421804316e-17 3.821563676647024669e-18
6.526208519935607910e-01 7.764553165877648524e-17 3.882276252066579241e-18
6.528109312057495117e-01 8.114278511420168201e-17 4.057139338428145356e-18
6.530010104179382324e-01 7.574917047366191611e-17 3.787458606401157061e-18
6.531911492347717285e-01 7.067747467519308732e-17 3.533873568323531855e-18
6.533812284469604492e-01 8.368923746888902622e-17 4.184461459854145034e-18
6.535713076591491699e-01 8.134999054892376523e-17 4.067499775600372027e-18
6.537613868713378906e-01 8.267120974540776400e-17 4.133560487270388200e-18
6.539514660835266113e-01 8.835859261741206235e-17 4.417929879024786884e-18
6.541415452957153320e-01 8.993131442478158408e-17 4.496565803957140460e-18
6.543316245079040527e-01 8.777312741473683021e-17 4.388656784327147787e-18
6.545217633247375488e-01 8.239146387968723046e-17 4.119573276702422779e-18
6.547118425369262695e-01 8.363057381984676550e-17 4.181528690992338275e-18
6.549019217491149902e-01 8.525904760050236129e-17 4.262952214588995554e-18
6.550920009613037109e-01 8.483475026837696106e-17 4.241737099828541777e-18
6.552820801734924316e-01 8.304725266931927080e-17 4.152362716184024796e-18
6.554721593856811523e-01 8.287770711352550183e-17 4.143884942085968815e-18
6.556622385978698730e-01 9.261831469170903833e-17 4.630916065457696938e-18
6.558523774147033691e-01 9.680014943952802123e-17 4.840007885566707338e-18
6.560424566268920898e-01 9.091420351584159369e-17 4.545710258510140940e-18
6.562325358390808105e-01 9.523307893010346178e-17 4.761654029223234345e-18
6.564226150512695312e-01 9.473659850900423415e-17 4.736829925450211707e-18
6.566126942634582520e-01 9.232303768280720915e-17 4.616151718704237947e-18
6.568027734756469727e-01 9.381767364035172507e-17 4.690883764735647509e-18
6.569928526878356934e-01 8.768336177466257565e-17 4.384168088733128783e-18
6.571829915046691895e-01 8.482161464024961899e-17 4.241081145602787226e-18
6.573730707168579102e-01 8.528893859911757750e-17 4.264446929955878875e-18
6.575631499290466309e-01 8.610907825029655380e-17 4.305453581642582669e-18
6.577532291412353516e-01 9.039315913927199134e-17 4.519658205117783333e-18
6.579433083534240723e-01 8.890580898856284249e-17 4.445290532146203380e-18
6.581333875656127930e-01 8.124716869006097368e-17 4.062358434503048684e-18
6.583234667778015137e-01 8.608089455246564705e-17 4.304044893059404863e-18
6.585136055946350098e-01 9.273110242259186876e-17 4.636554955693470928e-18
6.587036848068237305e-01 9.235520508246817129e-17 4.617760171405347309e-18
6.588937640190124512e-01 9.051962512876399864e-17 4.525981173720138677e-18
6.590838432312011719e-01 9.106375115314628067e-17 4.553187144067007757e-18
6.592739224433898926e-01 9.213919844602852386e-17 4.606959260556936150e-18
6.594640016555786133e-01 9.692579486585237592e-17 4.846289908728741307e-18
6.596541404724121094e-01 9.650694369088002483e-17 4.825347349980123752e-18
6.598442196846008301e-01 9.556139022394820868e-17 4.778069842069655455e-18
6.600342988967895508e-01 9.350445012087994540e-17 4.675222754198181036e-18
6.602243781089782715e-01 1.010460212016484093e-16 5.052300894646297955e-18
6.604144573211669922e-01 9.473898078916838687e-17 4.736949453048725620e-18
6.606045365333557129e-01 9.784740641713445724e-17 4.892370486292845372e-18
6.607946157455444336e-01 9.602533266847205042e-17 4.801266881577786287e-18
6.609847545623779297e-01 9.266949401056891926e-17 4.633474948682629729e-18
6.611748337745666504e-01 9.799219611155573920e-17 4.899609557423603194e-18
6.613649129867553711e-01 1.021801983180219175e-16 5.109009502310789597e-18
6.615549921989440918e-01 1.000598300055830880e-16 5.002991417561093146e-18
6.617450714111328125e-01 9.784591749203186179e-17 4.892296040037715600e-18
6.619351506233215332e-01 9.662812895934149359e-17 4.831406447967074680e-18
6.621252298355102539e-01 1.033988603534391417e-16 5.169942934953895828e-18
6.623153686523437500e-01 9.825439913084524812e-17 4.912720370132568683e-18
6.625054478645324707e-01 9.641339948976762803e-17 4.820670470796748934e-18
6.626955270767211914e-01 9.530883543932351827e-17 4.765441689248114658e-18
6.628856062889099121e-01 9.835179468488969181e-17 4.917589568808362080e-18
6.630756855010986328e-01 1.002328960420638827e-16 5.011644553949010368e-18
6.632657647132873535e-01 1.002814548527431956e-16 5.014071915456547228e-18
6.634558439254760742e-01 1.003730336727201664e-16 5.018651187327640789e-18
6.636459827423095703e-01 1.005877432899593307e-16 5.029386337317353983e-18
6.638360619544982910e-01 1.000240560984513947e-16 5.001202225896140947e-18
6.640261411666870117e-01 9.903998248475420914e-17 4.951999041519649202e-18
6.642162203788757324e-01 1.049725019856498224e-16 5.248626009181164926e-18
6.644062995910644531e-01 1.035614509746425648e-16 5.178072879604373260e-18
6.645963788032531738e-01 9.800647655765085467e-17 4.900323827882542733e-18
6.647865176200866699e-01 1.036899352848292015e-16 5.184496350651153797e-18
6.649765968322753906e-01 9.560421170989885382e-17 4.780210999085248967e-18
6.651666760444641113e-01 9.783047237563427165e-17 4.891523039755284796e-18
6.653567552566528320e-01 1.036256931297358831e-16 5.181285235513222943e-18
6.655468344688415527e-01 1.030361846682264918e-16 5.151809895155814631e-18
6.657369136810302734e-01 1.069432101642206576e-16 5.347160177338787859e-18
6.659269928932189941e-01 1.045927400577042771e-16 5.229637251039397623e-18
6.661171317100524902e-01 1.045111006399677435e-16 5.225554701126142155e-18
6.663072109222412109e-01 1.029928602564634144e-16 5.149642681950925699e-18
6.664972901344299316e-01 1.011000195520358710e-16 5.055000812165671037e-18
6.666873693466186523e-01 1.072697612177218917e-16 5.363488309040278349e-18
6.668774485588073730e-01 1.104130210756437951e-16 5.520651384654434778e-18
6.670675277709960938e-01 1.079634216445190598e-16 5.398171164944014246e-18
6.672576069831848145e-01 1.071423952557234267e-16 5.357119845504232589e-18
6.674477458000183105e-01 1.098068432704302352e-16 5.490342246239573014e-18
6.676378250122070312e-01 1.118563652177651229e-16 5.592818343606317401e-18
6.678279042243957520e-01 1.100404324579703098e-16 5.502022036488821765e-18
6.680179834365844727e-01 1.039232002175691553e-16 5.196160424468764040e-18
6.682080626487731934e-01 9.984726444049166118e-17 4.992363387460705570e-18
6.683981418609619141e-01 1.029834502498150112e-16 5.149172429772689303e-18
6.685882210731506348e-01 1.101798818743569494e-16 5.508993928281724959e-18
6.687783598899841309e-01 1.149909959275368732e-16 5.749549630940721149e-18
6.689684391021728516e-01 1.163593776538261954e-16 5.817969048127432280e-18
6.691585183143615723e-01 1.082587317406453911e-16 5.412937166058698343e-18
6.693485975265502930e-01 1.115122051433838600e-16 5.575610091733070489e-18
6.695386767387390137e-01 1.145569047769588451e-16 5.727844825257635979e-18
6.697287559509277344e-01 1.118190692983063320e-16 5.590953878505622876e-18
6.699188351631164551e-01 1.124633702035912359e-16 5.623168841051806816e-18
6.701089739799499512e-01 1.142811690828479687e-16 5.714058619578520943e-18
6.702990531921386719e-01 1.068165919734959406e-16 5.340829350520613262e-18
6.704891324043273926e-01 1.061167707054964774e-16 5.305838369838701362e-18
6.706792116165161133e-01 1.126402809755591770e-16 5.632013883341836341e-18
6.708692908287048340e-01 1.074561614056770411e-16 5.372808153001913312e-18
6.710593700408935547e-01 1.127611949287797284e-16 5.638059746438986420e-18
6.712495088577270508e-01 1.167128153859578531e-16 5.835640521143708887e-18
6.714395880699157715e-01 1.152079290062625800e-16 5.760396450313129001e-18
6.716296672821044922e-01 1.138317386949907572e-16 5.691587017467599117e-18
6.718197464942932129e-01 1.136281993247435090e-16 5.681411041571971771e-18
6.720098257064819336e-01 1.149538323569760908e-16 5.747691369694620772e-18
6.721999049186706543e-01 1.092395297191168667e-16 5.461975741493292036e-18
6.723899841308593750e-01 1.085237008519032774e-16 5.426185290749347635e-18
6.725801229476928711e-01 1.175293948517804011e-16 5.876469328998713780e-18
6.727702021598815918e-01 1.180548464466536860e-16 5.902741826024316768e-18
6.729602813720703125e-01 1.182673723070757103e-16 5.913368615353785515e-18
6.731503605842590332e-01 1.189163715982399154e-16 5.945818910784240790e-18
6.733404397964477539e-01 1.203993542353147842e-16 6.019967380893494191e-18
6.735305190086364746e-01 1.191562407409904926e-16 5.957812616075953415e-18
6.737205982208251953e-01 1.160663571936354109e-16 5.803317611527586777e-18
6.739107370376586914e-01 1.175741023095276672e-16 5.878705198194444614e-18
6.741008162498474121e-01 1.211565487506009254e-16 6.057827851120352544e-18
6.742908954620361328e-01 1.273703295120992693e-16 6.368516889195269739e-18
6.744809746742248535e-01 1.215235919494478552e-16 6.076180093780760293e-18
6.746710538864135742e-01 1.179324369508856388e-16 5.896621930262343193e-18
6.748611330986022949e-01 1.156928156638962644e-16 5.784640700476751965e-18
6.750512123107910156e-01 1.227164393323085245e-16 6.135821883897364971e-18
6.752413511276245117e-01 1.242674360680699535e-16 6.213371720685436421e-18
6.754314303398132324e-01 1.206949157943473317e-16 6.034745376127060307e-18
6.756215095520019531e-01 1.215607158153392351e-16 6.078035873485023011e-18
6.758115887641906738e-01 1.219269913905777158e-16 6.096349238656640767e-18
6.760016679763793945e-01 1.230639743035890038e-16 6.153198880615572700e-18
6.761917471885681152e-01 1.267565879673645244e-16 6.337828902059858689e-18
6.763818264007568359e-01 1.270281282014085319e-16 6.351407071814916638e-18
6.765719652175903320e-01 1.303135704804609502e-16 6.515678110432741234e-18
6.767620444297790527e-01 1.189692052783249024e-16 5.948460925660735161e-18
6.769521236419677734e-01 1.247481140307469681e-16 6.237405866973470917e-18
6.771422028541564941e-01 1.260113048528991469e-16 6.300564829054651069e-18
6.773322820663452148e-01 1.225989796853259946e-16 6.129948901548238474e-18
6.775223612785339355e-01 1.269779017946143121e-16 6.348895337884899370e-18
6.777125000953674316e-01 1.269885294111243934e-16 6.349425974247852137e-18
6.779025793075561523e-01 1.241940618390140498e-16 6.209702761078457467e-18
6.780926585197448730e-01 1.234653488065793345e-16 6.173267109456721704e-18
6.782827377319335938e-01 1.224511989058097209e-16 6.122560524316914831e-18
6.784728169441223145e-01 1.199046208196692686e-16 5.995230958265402175e-18
6.786628961563110352e-01 1.190266711698401863e-16 5.951333310337825549e-18
6.788529753684997559e-01 1.195277838023697109e-16 5.976388611092056758e-18
6.790431141853332520e-01 1.181274927567705431e-16 5.906374389684343389e-18
6.792331933975219727e-01 1.181727560798894448e-16 5.908637555840288473e-18
6.794232726097106934e-01 1.171982711438529739e-16 5.859913722628771207e-18
6.796133518218994141e-01 1.180066052733295934e-16 5.900330594538724693e-18
6.798034310340881348e-01 1.171094517983994800e-16 5.855472176329667725e-18
6.799935102462768555e-01 1.155873335921835023e-16 5.779367010481420138e-18
6.801835894584655762e-01 1.147405785776150198e-16 5.737029425189118522e-18
6.803737282752990723e-01 1.199712320200369388e-16 5.998562014592153218e-18
6.805638074874877930e-01 1.205381485246562819e-16 6.026907839823120370e-18
6.807538866996765137e-01 1.148682423246340039e-16 5.743411950795577684e-18
6.809439659118652344e-01 1.142975274066418173e-16 5.714876287614029611e-18
6.811340451240539551e-01 1.175656055102755225e-16 5.878280027359592357e-18
6.813241243362426758e-01 1.138946044215447873e-16 5.694730303795300622e-18
6.815142035484313965e-01 1.111605144167059143e-16 5.558025886271418227e-18
6.817043423652648926e-01 1.164470455638670155e-16 5.822351864603044497e-18
6.818944215774536133e-01 1.178610479552998623e-16 5.893051818738564326e-18
6.820845007896423340e-01 1.159622383155721362e-16 5.798112163932790574e-18
6.822745800018310547e-01 1.165037173619942485e-16 5.825185371791344893e-18
6.824646592140197754e-01 1.163435884302937832e-16 5.817179917823056692e-18
6.826547384262084961e-01 1.156708986863860594e-16 5.783545099755425480e-18
6.828448772430419922e-01 1.165211874165313684e-16 5.826059288108507167e-18
6.830349564552307129e-01 1.142516949832614792e-16 5.712585410907564001e-18
6.832250356674194336e-01 1.114111038201951787e-16 5.570555191009758937e-18
6.834151148796081543e-01 1.130510919549775127e-16 5.652554018722446847e-18
6.836051940917968750e-01 1.085195318616160101e-16 5.425976841234984272e-18
6.837952733039855957e-01 1.008269639231096663e-16 5.041348196155483316e-18
6.839853525161743164e-01 1.054446699141848914e-16 5.272233743863428336e-18
6.841754913330078125e-01 1.100998902004006214e-16 5.504994923610337346e-18
6.843655705451965332e-01 1.040513073333964678e-16 5.202565283951762133e-18
6.845556497573852539e-01 1.063497775578853147e-16 5.317488381585898203e-18
6.847457289695739746e-01 1.068393692188432007e-16 5.341968791814405058e-18
6.849358081817626953e-01 1.052970942754605308e-16 5.264854465618842776e-18
6.851258873939514160e-01 1.041958521823564340e-16 5.209792774553944212e-18
6.853159666061401367e-01 1.014542910822249821e-16 5.072714884983494125e-18
6.855061054229736328e-01 1.084835594311373040e-16 5.424177309812375160e-18
6.856961846351623535e-01 1.056296738212660514e-16 5.281483277472996291e-18
6.858862638473510742e-01 1.048135972812559355e-16 5.240679285036367989e-18
6.860763430595397949e-01 1.100633486696604788e-16 5.503166854456595155e-18
6.862664222717285156e-01 1.064832315691921700e-16 5.324161247587363478e-18
6.864565014839172363e-01 1.016721042811224453e-16 5.083605131338061011e-18
6.866465806961059570e-01 9.743513298239312782e-17 4.871756731837717646e-18
6.868367195129394531e-01 8.206104162091924824e-17 4.103051998327901157e-18
6.870267987251281738e-01 7.706964189887216695e-17 3.853481681353302071e-18
6.872168779373168945e-01 7.676123587928789611e-17 3.838061793964394806e-18
6.874069571495056152e-01 8.053423164626886976e-17 4.026711499595382233e-18
6.875970363616943359e-01 9.000814957752040972e-17 4.500406817131530444e-18
6.877871155738830566e-01 9.150733171971151708e-17 4.575365924241085811e-18
6.879771947860717773e-01 9.479669814358988693e-17 4.739834659025310581e-18
6.881673336029052734e-01 1.000109204703240526e-16 5.000546271670386396e-18
6.883574128150939941e-01 9.723778754057267669e-17 4.861889294310572579e-18
6.885474920272827148e-01 9.730470976085066684e-17 4.865235239888349576e-18
6.887375712394714355e-01 8.879962546769063544e-17 4.439981273384531772e-18
6.889276504516601562e-01 8.723037120144893600e-17 4.361518642790508055e-18
6.891177296638488770e-01 9.078606331278977907e-17 4.539302917485305187e-18
6.893078684806823730e-01 8.596006662602880119e-17 4.298003579455623825e-18
6.894979476928710938e-01 8.918939958977052250e-17 4.459470062206587380e-18
6.896880269050598145e-01 9.175827184778050398e-17 4.587913426952902688e-18
6.898781061172485352e-01 8.258815419446253960e-17 4.129408040595372001e-18
6.900681853294372559e-01 8.458807839226874779e-17 4.229403009714763581e-18
6.902582645416259766e-01 8.724606116330784183e-17 4.362303637191820879e-18
6.904483437538146973e-01 8.951577197225944510e-17 4.475788681331033510e-18
6.906384825706481934e-01 9.012750181374446098e-17 4.506374925251100538e-18
6.908285617828369141e-01 8.945634731705363559e-17 4.472817034980436758e-18
6.910186409950256348e-01 9.063382899285551985e-17 4.531691201488592227e-18
6.912087202072143555e-01 9.302937051658868970e-17 4.651468608547495740e-18
6.913987994194030762e-01 9.423633952686686428e-17 4.711816397316914427e-18
6.915888786315917969e-01 9.652721292461002422e-17 4.826360232640194934e-18
6.917789578437805176e-01 9.249284793639699510e-17 4.624642314101788500e-18
6.919690966606140137e-01 9.065990172576319128e-17 4.532995665314588351e-18
6.921591758728027344e-01 9.955112716375277685e-17 4.977556440905700098e-18
6.923492550849914551e-01 9.975442168853870936e-17 4.987720836272751702e-18
6.925393342971801758e-01 1.070605970193092829e-16 5.353029850965464144e-18
6.927294135093688965e-01 1.027054646244379905e-16 5.135273313939960779e-18
6.929194927215576172e-01 1.046578888027489536e-16 5.232894274701325169e-18
6.931095719337463379e-01 1.082607897660094231e-16 5.413039322864348642e-18
6.932997107505798340e-01 1.105470309523222860e-16 5.527351134025808025e-18
6.934897899627685547e-01 1.121604765156090184e-16 5.608023577626267155e-18
6.936798691749572754e-01 1.143387408534816594e-16 5.716937621700511756e-18
6.938699483871459961e-01 1.124396532810681155e-16 5.621982250463099497e-18
6.940600275993347168e-01 1.083421711033948401e-16 5.417108224297496985e-18
6.942501068115234375e-01 1.131834408529859971e-16 5.659171877213177345e-18
6.944402456283569336e-01 1.169745882713288344e-16 5.848728999976135444e-18
6.946303248405456543e-01 1.163233390488984851e-16 5.816167862343598062e-18
6.948204040527343750e-01 1.235189898149421732e-16 6.175949656183231173e-18
6.950104832649230957e-01 1.264863050478515975e-16 6.324315665982886152e-18
6.952005624771118164e-01 1.206440408779528703e-16 6.032203036514378577e-18
6.953906416893005371e-01 1.144497286393515744e-16 5.722485935659211189e-18
6.955807209014892578e-01 1.200623542363157804e-16 6.003117711815789018e-18
6.957708597183227539e-01 1.175788536349661718e-16 5.878943426210859886e-18
6.959609389305114746e-01 1.193191887042185386e-16 5.965959104338681908e-18
6.961510181427001953e-01 1.176746477673447128e-16 5.883732801957541916e-18
6.963410973548889160e-01 1.201290580809120565e-16 6.006452904045602825e-18
6.965311765670776367e-01 1.207415026064463182e-16 6.037074716732009633e-18
6.967212557792663574e-01 1.240958721915815552e-16 6.204793857733261524e-18
6.969113349914550781e-01 1.159124486601413443e-16 5.795623177469618514e-18
6.971014738082885742e-01 1.171133031513315269e-16 5.855664909412392581e-18
6.972915530204772949e-01 1.179839074373211383e-16 5.899195289147995662e-18
6.974816322326660156e-01 1.158616399181958872e-16 5.793082905808468166e-18
6.976717114448547363e-01 1.229176493619508234e-16 6.145882881687847446e-18
6.978617906570434570e-01 1.253713317565791205e-16 6.268566174238649746e-18
6.980518698692321777e-01 1.237075605248246619e-16 6.185378274395416859e-18
6.982419490814208984e-01 1.247770322649618220e-16 6.238851778684213609e-18
6.984320878982543945e-01 1.243757768759796989e-16 6.218788512926739923e-18
6.986221671104431152e-01 1.236755188566168078e-16 6.183776025548901644e-18
6.988122463226318359e-01 1.337316131204280690e-16 6.686579828840790899e-18
6.990023255348205566e-01 1.281573289992169211e-16 6.407867111705336095e-18
6.991924047470092773e-01 1.252794683864714314e-16 6.263974081068061613e-18
6.993824839591979980e-01 1.220594594025944078e-16 6.102972473821352859e-18
6.995725631713867188e-01 1.228077468370445779e-16 6.140387507288351407e-18
6.997627019882202148e-01 1.264272112648908092e-16 6.321360563244540461e-18
6.999527812004089355e-01 1.214184407499801143e-16 6.070921293036454420e-18
7.001428604125976562e-01 1.263423888561571715e-16 6.317119608243981088e-18
7.003329396247863770e-01 1.276494268682195612e-16 6.382471839719345593e-18
7.005230188369750977e-01 1.263440829220516801e-16 6.317204394256767773e-18
7.007130980491638184e-01 1.278256361910280574e-16 6.391281726833341614e-18
7.009032368659973145e-01 1.360855441506273714e-16 6.804276876659123548e-18
7.010933160781860352e-01 1.365050239828652628e-16 6.825252109041936947e-18
7.012833952903747559e-01 1.350042007143388502e-16 6.750210283871126276e-18
7.014734745025634766e-01 1.353974357601016591e-16 6.769872780621818021e-18
7.016635537147521973e-01 1.373303781806257734e-16 6.866519322621594945e-18
7.018536329269409180e-01 1.357528454908136432e-16 6.787642274540682161e-18
7.020437121391296387e-01 1.382821652806537891e-16 6.914108677622995733e-18
7.022338509559631348e-01 1.375431025643948104e-16 6.877155210937801775e-18
7.024239301681518555e-01 1.418262834808637902e-16 7.091314339479312022e-18
7.026140093803405762e-01 1.463880058880814264e-16 7.319400294404071320e-18
7.028040885925292969e-01 1.524501942218008522e-16 7.622509876526165122e-18
7.029941678047180176e-01 1.550175775547082383e-16 7.750879208607656934e-18
7.031842470169067383e-01 1.580888793167829287e-16 7.904443634966901416e-18
7.033743262290954590e-01 1.575724671516436234e-16 7.878624019326671210e-18
7.035644650459289551e-01 1.645275737955568911e-16 8.226378193469477022e-18
7.037545442581176758e-01 1.720431780225360903e-16 8.602158901126804517e-18
7.039446234703063965e-01 1.728918653310154967e-16 8.644593266550774837e-18
7.041347026824951172e-01 1.685595962082751700e-16 8.427980306722126033e-18
7.043247818946838379e-01 1.698802132172732302e-16 8.494009999119171467e-18
7.045148611068725586e-01 1.800368529389015371e-16 9.001843474125689406e-18
7.047049403190612793e-01 1.787188432031942440e-16 8.935941994723589692e-18
7.048950791358947754e-01 1.730029060564446152e-16 8.650146130002843312e-18
7.050851583480834961e-01 1.683406381914099334e-16 8.417031744134374159e-18
7.052752375602722168e-01 1.738634385912957809e-16 8.693172756745401599e-18
7.054653167724609375e-01 1.742044619967942428e-16 8.710223430711957159e-18
7.056553959846496582e-01 1.683529863435941250e-16 8.417649648051951270e-18
7.058454751968383789e-01 1.657042878477503261e-16 8.285213896079148774e-18
7.060355544090270996e-01 1.687123665412463636e-16 8.435618492498440690e-18
7.062256932258605957e-01 1.709643227455301287e-16 8.548215971840383924e-18
7.064157724380493164e-01 1.698365910204896337e-16 8.491828723843869133e-18
7.066058516502380371e-01 1.727738895233307337e-16 8.638693814422046644e-18
7.067959308624267578e-01 1.689164882466448491e-16 8.445825074076732499e-18
7.069860100746154785e-01 1.729347860786396482e-16 8.646738973059737391e-18
7.071760892868041992e-01 1.744108733381282751e-16 8.720543336034168732e-18
7.073662281036376953e-01 1.730439871543864487e-16 8.652198365102587373e-18
7.098158001899719238e-01 1.678708525430390171e-16 1.845931788198028773e-17
7.120333313941955566e-01 1.789286691460968953e-16 3.060741643502593512e-17
7.142602801322937012e-01 1.884076692750319610e-16 3.104384685237626315e-17
7.164972424507141113e-01 1.911955061673520796e-16 6.109557989550132534e-17
7.187445759773254395e-01 2.005820473561384181e-16 8.005830500903035976e-17
7.210028767585754395e-01 2.189606241385274048e-16 2.031753115160513632e-17
7.232725024223327637e-01 2.272040943649940650e-16 3.349734726726979854e-17
7.255539298057556152e-01 2.442150041051429753e-16 4.280957785854682329e-17
7.278476357460021973e-01 2.462966405125796218e-16 3.842610294716701394e-17
7.301539778709411621e-01 2.571897753818455428e-16 2.089966777949545508e-17
7.324733734130859375e-01 2.558214995346746274e-16 1.700832562791529466e-17
7.348061800003051758e-01 2.691812208161246727e-16 2.371504813185236433e-17
7.371528148651123047e-01 2.634875712237996727e-16 2.786448552380009535e-17
7.395135760307312012e-01 2.648415004504264684e-16 3.270623834686898330e-17
7.418888211250305176e-01 2.483529188711578427e-16 2.295139829906585940e-17
7.442789673805236816e-01 2.341938631852957548e-16 1.651313891729409996e-17
7.466841936111450195e-01 2.367599759687822594e-16 1.854507831352856053e-17
7.491049170494079590e-01 2.506394313727116231e-16 1.419457482136511487e-17
7.515414357185363770e-01 2.340124657856853261e-16 2.145504015148600807e-17
7.539939284324645996e-01 2.248600630323657973e-16 2.018142850797688626e-17
7.564627528190612793e-01 1.984352820559917964e-16 2.651455985133805630e-17
7.589481472969055176e-01 1.547894212894314120e-16 2.053450228063902059e-17
7.614502310752868652e-01 9.078002820304059218e-17 2.978520221487067582e-17
7.639694809913635254e-01 6.864834107559640661e-17 5.308190044320189619e-18
7.665059566497802734e-01 2.784214833853871339e-17 1.033759540679163232e-17
7.690599560737609863e-01 4.104940038076053442e-17 1.727950355685100393e-17
7.716315984725952148e-01 7.672350982591057762e-17 1.380480483518829057e-17
7.742211222648620605e-01 1.537043588491088524e-16 2.395351437628405158e-17
7.768287062644958496e-01 1.879896717504517646e-16 1.619868124434839117e-17
7.794544696807861328e-01 1.957430143029236045e-16 1.396261683399299485e-17
7.820986509323120117e-01 2.423653753159152021e-16 2.475090159753414430e-17
7.847613692283630371e-01 2.685516371082983123e-16 1.521561844535974543e-17
7.874427437782287598e-01 3.125391168503981968e-16 1.969854197306435508e-17
7.901429533958435059e-01 3.119470937598266443e-16 1.736831793922082251e-17
7.928620576858520508e-01 3.384305847073572088e-16 2.168358850037318451e-17
7.956001758575439453e-01 3.385715627535158465e-16 1.813842308950769128e-17
7.983574867248535156e-01 3.819128622359791066e-16 2.268966180964183038e-17
8.011339902877807617e-01 4.245767735886553417e-16 2.255751970678648421e-17
8.039298057556152344e-01 4.679623040728330373e-16 2.623041834784241598e-17
8.067449927330017090e-01 5.140030446186365492e-16 2.860186410033191612e-17
8.095796704292297363e-01 5.465472151224492429e-16 3.519508584369813466e-17
8.124338388442993164e-01 5.820528245680997841e-16 3.186159760594618631e-17
8.153076171875000000e-01 5.826463829058882351e-16 3.099728651005687833e-17
8.182009458541870117e-01 5.850859966126582302e-16 3.046453256473597533e-17
8.211140036582946777e-01 6.388703123622605558e-16 3.583851324625618256e-17
8.240466713905334473e-01 7.050173386748354119e-16 3.709946737203201794e-17
8.269990682601928711e-01 7.214453838681549568e-16 3.951547334411974969e-17
8.299711942672729492e-01 7.323835438325233642e-16 3.638041250042947183e-17
8.329629898071289062e-01 7.464036861150357468e-16 4.011380285968140652e-17
8.359745144844055176e-01 8.019375484171918297e-16 4.615151326471416315e-17
8.390057682991027832e-01 7.999970488745914311e-16 4.708409323091869761e-17
8.420566916465759277e-01 7.897539853225635838e-16 4.511664745268377150e-17
8.451272845268249512e-01 7.514984304740927532e-16 3.937387987558537263e-17
8.482175469398498535e-01 7.169500741379579781e-16 3.996283247172312833e-17
8.513273596763610840e-01 7.001469521676823883e-16 3.507400976307752289e-17
8.544567823410034180e-01 7.407404238296934947e-16 4.327667682428816738e-17
8.576056957244873047e-01 7.489499730336005804e-16 4.712802313889016381e-17
8.607740998268127441e-01 6.629917989968133005e-16 3.809803649878358274e-17
8.639619350433349609e-01 5.717379220342329316e-16 3.128525785978863917e-17
8.671690821647644043e-01 5.660640188974907974e-16 3.184884248090061863e-17
8.703954815864562988e-01 5.373545783041351349e-16 2.540210780657264087e-17
8.736410737037658691e-01 5.513902318774941119e-16 3.158711260892149003e-17
8.769057989120483398e-01 6.154951146937980531e-16 3.427077106617423005e-17
8.801895976066589355e-01 6.842466085005022725e-16 3.492113355098792253e-17
8.834922909736633301e-01 7.113025878412583373e-16 3.940362529041277950e-17
8.868138194084167480e-01 7.443530193497330857e-16 3.970939094948178108e-17
8.901541233062744141e-01 7.786075081927298219e-16 4.229085620513726984e-17
8.935130834579467773e-01 8.210119892355298259e-16 4.161261111623563991e-17
8.968905210494995117e-01 8.767487159285533137e-16 4.558845803919421764e-17
9.002864360809326172e-01 9.147866891886981960e-16 4.759096965795649170e-17
9.037005901336669922e-01 9.425780519463486037e-16 5.268080387289738329e-17
9.071329236030578613e-01 1.003260551078830748e-15 4.667818246944912609e-17
9.105833172798156738e-01 1.090436017339940864e-15 5.466457488770165595e-17
9.140516519546508789e-01 1.175578498648522253e-15 5.769839544186034365e-17
9.175377488136291504e-01 1.280939127012471757e-15 6.208578788062120413e-17
9.210415482521057129e-01 1.293812863140434647e-15 6.662532199508771789e-17
9.245627522468566895e-01 1.296390702036284703e-15 6.404239428410923537e-17
9.281014204025268555e-01 1.289020456603988223e-15 6.041778810157537446e-17
9.316571950912475586e-01 1.284501641709504937e-15 5.845239373125957986e-17
9.352300763130187988e-01 1.297250228719511005e-15 5.540980175388537986e-17
9.388198852539062500e-01 1.419584020917897399e-15 6.455947481118348361e-17
9.424264430999755859e-01 1.459313042517676288e-15 6.555835164912291813e-17
9.460495114326477051e-01 1.539351515044340077e-15 7.039332820861377168e-17
9.496890902519226074e-01 1.638828017281950770e-15 7.967672328373719788e-17
9.533448815345764160e-01 1.621879629161221067e-15 7.673016035803550397e-17
9.570167660713195801e-01 1.615066202012625882e-15 7.687506916646499357e-17
9.607045054435729980e-01 1.645064614993465776e-15 7.605213695353803824e-17
9.644080400466918945e-01 1.637827459613006627e-15 7.714519988474521071e-17
9.681271314620971680e-01 1.753415904935933401e-15 9.197830189071960934e-17
9.718616008758544922e-01 1.814887309379664519e-15 9.070742159759313762e-17
9.756112694740295410e-01 1.873065979120062952e-15 8.770548389296469382e-17
9.793759584426879883e-01 1.938190742544420274e-15 1.030879794094621122e-16
9.831554293632507324e-01 1.925723264593784227e-15 1.007940222823953545e-16
9.869496226310729980e-01 1.851530166436122365e-15 1.143137930862070601e-16
9.907582402229309082e-01 1.380493768039466659e-15 5.883071967366173302e-17
9.945811033248901367e-01 1.274026173492574191e-15 7.099839428308406036e-17
9.984180331230163574e-01 1.242138771160238801e-15 6.028057538156507823e-17
1.002268910408020020e+00 1.342561091562577327e-15 7.104465022293802567e-17
1.013902544975280762e+00 1.665953294505704077e-15 1.720841400064697163e-17
1.017806887626647949e+00 1.665833756981022814e-15 1.031392894228587765e-17
1.021724104881286621e+00 1.651979050821021037e-15 1.546152931530440992e-17
1.025654077529907227e+00 1.671278273007736643e-15 1.474088460256453689e-17
1.029596447944641113e+00 1.744424014926118562e-15 1.230223952429184133e-17
1.033551096916198730e+00 1.823712122140633447e-15 8.983886210207775729e-18
1.037517786026000977e+00 1.955041404238860511e-15 9.745335742564889612e-18
1.041496396064758301e+00 2.073993417395334111e-15 1.575061074141821693e-17
1.045486688613891602e+00 2.093867139678524947e-15 1.661228313115348075e-17
1.049488306045532227e+00 2.134145250386361437e-15 1.650344932359865379e-17
1.053501248359680176e+00 2.109519461510837163e-15 1.114567724618142314e-17
1.057525277137756348e+00 2.084388629240512512e-15 1.241971406052539721e-17
1.061560034751892090e+00 2.128299876017359510e-15 1.393669961104048339e-17
1.065605401992797852e+00 2.210212620698060251e-15 1.674736172518339017e-17
1.069661259651184082e+00 2.321151278657034543e-15 1.700649921312277757e-17
1.073727250099182129e+00 2.401123047339102055e-15 2.162860084197310945e-17
1.077803134918212891e+00 2.506942238164871356e-15 1.033965177779443915e-17
1.081888914108276367e+00 2.589119892399825880e-15 2.060591112855949836e-17
1.085984230041503906e+00 2.718342603558231499e-15 2.309883166272486084e-17
1.090088844299316406e+00 2.796655034696627837e-15 2.236499176485354191e-17
1.094202637672424316e+00 2.825375169080942585e-15 1.743780441939772705e-17
1.098325371742248535e+00 2.844213817102588665e-15 9.342268828041275393e-18
1.102456927299499512e+00 2.829860208536654105e-15 9.676964301853706557e-18
1.106596827507019043e+00 2.765026612687915449e-15 1.605984394161504079e-17
1.110745072364807129e+00 2.768598338868250019e-15 1.959842664916583703e-17
1.114901423454284668e+00 2.812304815430098290e-15 2.498832890311646494e-17
1.119065761566162109e+00 2.835899976967050894e-15 2.684065595550238619e-17
1.123237609863281250e+00 2.881236144919416438e-15 2.234923397418440673e-17
1.127416968345642090e+00 2.884159043862154215e-15 1.025159592004633169e-17
1.131603598594665527e+00 2.781740478561374116e-15 1.459903139931781818e-17
1.135797381401062012e+00 2.634333664091313178e-15 1.835188366402190049e-17
1.139997839927673340e+00 2.575042628332933035e-15 1.275087995466406461e-17
1.144205093383789062e+00 2.680709353228196562e-15 2.144742843548929511e-17
1.148418664932250977e+00 2.943523347970471854e-15 1.980498853737135400e-17
1.152638554573059082e+00 3.033807319268886846e-15 1.258296808058008786e-17
1.156864404678344727e+00 3.045208806255403355e-15 1.696268014735339348e-17
1.161096096038818359e+00 2.992071041342352078e-15 1.949500094845588177e-17
1.165333390235900879e+00 2.880385512082136307e-15 8.774307594308277872e-18
1.169576168060302734e+00 2.737377339707166950e-15 1.264905732998123711e-17
1.173824071884155273e+00 2.625025830792172485e-15 1.811640354160152968e-17
1.178077101707458496e+00 2.703993653673506838e-15 1.080305820928134652e-17
1.182334899902343750e+00 2.747749469904532671e-15 2.724325303143807029e-17
1.186597347259521484e+00 2.919139387001388683e-15 1.347652001112314537e-17
1.190864205360412598e+00 2.867496423482004432e-15 1.127288852540534071e-17
1.195135354995727539e+00 2.741452838732881016e-15 8.902478403042756957e-18
1.199410557746887207e+00 2.636418635690979638e-15 1.494968484150762235e-17
1.203689575195312500e+00 2.612274385045969434e-15 1.385249014314074751e-17
1.207972288131713867e+00 2.778861625331893563e-15 1.961439619807178579e-17
1.212258338928222656e+00 2.931014153647183533e-15 1.514247251815290630e-17
1.216547846794128418e+00 3.022355857338482332e-15 1.446688102465634647e-17
1.220840334892272949e+00 3.193790455423306009e-15 2.145468280946138517e-17
1.225135803222656250e+00 3.266180220436263465e-15 1.905390688681197976e-17
1.229434013366699219e+00 3.282281893247094087e-15 2.651537214269958338e-17
1.233734726905822754e+00 3.188602802137847046e-15 1.539332661943818768e-17
1.238037824630737305e+00 3.059062453624221065e-15 1.575121127454293042e-17
1.242343068122863770e+00 2.962871274551654582e-15 2.318018653033067621e-17
1.246650338172912598e+00 2.900733149299315923e-15 1.175511000710537926e-17
1.250959515571594238e+00 3.065457975892464659e-15 1.415281708968221293e-17
1.255270242691040039e+00 3.174204936100418449e-15 2.168470684856135621e-17
1.259582519531250000e+00 3.442786589938785086e-15 2.692398613041097820e-17
1.263896107673645020e+00 3.602718692358132177e-15 3.001677969916102145e-17
1.268210768699645996e+00 3.690783860851214529e-15 2.971908732287053742e-17
1.272526502609252930e+00 3.754131337393995516e-15 1.859129951179679861e-17
1.276842951774597168e+00 3.810628858492330975e-15 2.744604628477279566e-17
1.281160116195678711e+00 3.762080741603977124e-15 2.221998204038932084e-17
1.285477757453918457e+00 3.739734741905987800e-15 1.808375803154651189e-17
1.289795637130737305e+00 3.736491876267424711e-15 1.680593769308072027e-17
1.294113755226135254e+00 3.713876520092208519e-15 1.336885666413508095e-17
1.298431873321533203e+00 3.733982541161183846e-15 1.981548380498342681e-17
1.302749752998352051e+00 3.715507905548620302e-15 2.316482413199434138e-17
1.307067394256591797e+00 3.685506845589820238e-15 1.519537071832567242e-17
1.311384558677673340e+00 3.730855719036394597e-15 2.208188920020726819e-17
1.315701127052307129e+00 3.727632335155618357e-15 1.733539945956366222e-17
1.320016860961914062e+00 3.735124765090556270e-15 2.090731920016157059e-17
1.324331760406494141e+00 3.634558660845421327e-15 2.263433169846815836e-17
1.328645586967468262e+00 3.321082778494919077e-15 4.788136960996670823e-17
1.332958221435546875e+00 2.834826574464642882e-15 5.389726560788521642e-17
1.337269425392150879e+00 2.397971025984131990e-15 5.022177789151199368e-17
1.341579198837280273e+00 2.187298685408936919e-15 2.464714337021794272e-17
1.345887422561645508e+00 2.130750765850239828e-15 5.506243883617231163e-17
1.350193858146667480e+00 2.087531333233062780e-15 7.167607358044670402e-17
1.354498386383056641e+00 1.995215965168895163e-15 8.327661992701287474e-17
1.358800888061523438e+00 1.910795579447848065e-15 7.255643859766444117e-17
1.363101243972778320e+00 1.888170482393738449e-15 3.106520796451483254e-17
1.367399334907531738e+00 1.907504009414817854e-15 1.761010448663129761e-17
1.371695041656494141e+00 1.861973235642820634e-15 2.119317296752519568e-17
1.375988245010375977e+00 1.917310109845180889e-15 1.632655013215928840e-17
1.380278706550598145e+00 1.988091147533065615e-15 1.323912248404287664e-17
1.384566426277160645e+00 1.929467573737121862e-15 1.880170282676701184e-17
1.388851284980773926e+00 2.064155764987685854e-15 3.255522825424130256e-17
1.393133163452148438e+00 2.051110187050548747e-15 1.342261430496428966e-17
1.397411942481994629e+00 1.879489665233802752e-15 1.677318630390729569e-17
1.401687502861022949e+00 1.828602043345132523e-15 1.736342930180063412e-17
1.405959606170654297e+00 1.777892933650096138e-15 7.525352550498136704e-18
1.410228371620178223e+00 1.758913466400969031e-15 1.090453176374567664e-17
1.414493560791015625e+00 1.765718211461854859e-15 1.934059941531673363e-17
1.418755173683166504e+00 1.736936137793272140e-15 9.679169565366772929e-18
1.423012852668762207e+00 1.724857765602781038e-15 4.747118397909146266e-18
1.427266836166381836e+00 1.728975616275857819e-15 6.003644212275679020e-18
1.431516766548156738e+00 1.715186872806623471e-15 9.858557743269310381e-18
1.435762643814086914e+00 1.732382488668833022e-15 5.579847324420873374e-18
1.440004467964172363e+00 1.756650194365905540e-15 1.033160744633736095e-17
1.444242000579833984e+00 1.785623379843212510e-15 5.687170700177178502e-18
1.448475122451782227e+00 1.816302489676289642e-15 4.909094837507748762e-18
1.452703952789306641e+00 1.873455190759326303e-15 1.198314467683216027e-17
1.456928253173828125e+00 1.940631044465459913e-15 5.645268211887079779e-18
1.461147904396057129e+00 1.954473468647726503e-15 1.026647938080799832e-17
1.465362906455993652e+00 1.939240428124305166e-15 1.793016878976889082e-17
1.469573259353637695e+00 1.931618613906674158e-15 1.672603204590809780e-17
1.473778605461120605e+00 1.936046055121972385e-15 9.538583602818485451e-18
1.477979183197021484e+00 1.964275545671590080e-15 7.729633901754844971e-18
1.482174754142761230e+00 1.985648304513184213e-15 1.217671321197569427e-17
1.486365199089050293e+00 2.019865259208705743e-15 5.691281787821567050e-18
1.490550637245178223e+00 2.073594253118940522e-15 7.035570637999363487e-18
1.494730830192565918e+00 2.101096354125103587e-15 8.666272843225177139e-18
1.498905777931213379e+00 2.130340166629058306e-15 7.412361333184618229e-18
1.503075361251831055e+00 2.197138878915426939e-15 7.054169794072618314e-18
1.507239580154418945e+00 2.238069840267359681e-15 1.557474056266086750e-17
1.511398315429687500e+00 2.281670225952564350e-15 1.286574721760685335e-17
1.515551567077636719e+00 2.329389097585556241e-15 1.479356442705558901e-17
1.519699215888977051e+00 2.361629500898659861e-15 9.180137292077819204e-18
1.523841261863708496e+00 2.399575518144468449e-15 1.394717998940153025e-17
1.527977705001831055e+00 2.458760251267968176e-15 8.718912963046826715e-18
1.532108306884765625e+00 2.485146809882597327e-15 1.508412981518831615e-17
1.536233186721801758e+00 2.539448821581649640e-15 2.968387258983292993e-18
1.540352225303649902e+00 2.587361028484852325e-15 7.913982681790862931e-18
1.544465422630310059e+00 2.638182793561873532e-15 1.740670573708818342e-17
1.548572659492492676e+00 2.693656040068741729e-15 1.498682525101125329e-17
1.552673935890197754e+00 2.728653323866921283e-15 1.155220425720734667e-17
1.556769132614135742e+00 2.775805318699963234e-15 1.061374551838939785e-17
1.560858368873596191e+00 2.788426533130525936e-15 7.007101562857125934e-18
1.564941525459289551e+00 2.835694994993815353e-15 9.209562588008168057e-18
1.569018483161926270e+00 2.847648323945468039e-15 6.822733757667019254e-18
1.573089241981506348e+00 2.875350112968946305e-15 4.612897176584148060e-18
1.577153921127319336e+00 2.902489048598974088e-15 1.034573569119976667e-17
1.581212401390075684e+00 2.880447133729049057e-15 7.583551324036142625e-18
1.585264444351196289e+00 2.805477094600518188e-15 6.298741722984584196e-18
1.589310407638549805e+00 2.798238351033282938e-15 7.026220188355064062e-18
1.593349933624267578e+00 2.861630720322268402e-15 5.529478642561294413e-18
1.597383141517639160e+00 2.922035816164524763e-15 8.090725536094455801e-18
1.601410031318664551e+00 2.968743753974968647e-15 1.118418167651515403e-17
1.605430483818054199e+00 2.968274709480426578e-15 9.723717377255816234e-18
1.609444499015808105e+00 2.922541918350509207e-15 1.260158874334926907e-17
1.613452076911926270e+00 2.911813610798823053e-15 9.351473693897765485e-18
1.617453336715698242e+00 2.941938761084395872e-15 8.342190923852413874e-18
1.621448040008544922e+00 2.973635792761835858e-15 6.178081714212086602e-18
1.625436305999755859e+00 2.941803447571071997e-15 1.262684091308928790e-17
1.629418015480041504e+00 2.925065864775090209e-15 1.117076977006321923e-17
1.633393168449401855e+00 2.957856204229198684e-15 1.177146419499616517e-17
1.637361884117126465e+00 3.014386759612477061e-15 6.528743841798322582e-18
1.641324162483215332e+00 3.055610582605922977e-15 9.578106292486269113e-18
1.645279765129089355e+00 3.099577945315525572e-15 1.206804401336276537e-17
1.649228811264038086e+00 3.202589645437620494e-15 1.395132085554797070e-17
1.653171420097351074e+00 3.195840063397424602e-15 1.110672861985875128e-17
1.657107353210449219e+00 3.177696829425474302e-15 6.016335644414080123e-18
1.661036849021911621e+00 3.180955365173561596e-15 9.284128784326760737e-18
1.664959669113159180e+00 3.171649014182078598e-15 8.146197095152874390e-18
1.668875932693481445e+00 3.182422426238206044e-15 1.118429913616213656e-17
1.672785639762878418e+00 3.163363761408510659e-15 8.141072711258108384e-18
1.676688909530639648e+00 3.203207344214405693e-15 7.287184918267581104e-18
1.680585503578186035e+00 3.242680138347640156e-15 7.543895458289737925e-18
1.684475541114807129e+00 3.306189821699820341e-15 9.132739842978530718e-18
1.688359022140502930e+00 3.268030563909540484e-15 8.658542013220256543e-18
1.692235946655273438e+00 3.220415453812587245e-15 1.161359760227103239e-17
1.696106314659118652e+00 3.160240750931984054e-15 1.267546755257883018e-17
1.699970126152038574e+00 3.175479932444272985e-15 4.755224354321859660e-18
1.703827381134033203e+00 3.159242099087171234e-15 9.548170626117975042e-18
1.707678198814392090e+00 3.133282868594431878e-15 1.184351989815565941e-17
1.711522459983825684e+00 3.056759582798873436e-15 1.808219466018878667e-17
1.715360283851623535e+00 2.986876188276841454e-15 6.683833175616808571e-18
1.719191551208496094e+00 2.886438833039689164e-15 1.009927722768959207e-17
1.723016381263732910e+00 2.849548430604396249e-15 1.014170166694621175e-17
1.726834654808044434e+00 2.778870519177839733e-15 2.005540423293198228e-17
1.730646610260009766e+00 2.724673539564246953e-15 9.292821625384080505e-18
1.734452009201049805e+00 2.663432633961287412e-15 6.474433230729622168e-18
1.738251090049743652e+00 2.584321662511867082e-15 1.147886890564023290e-17
1.742043614387512207e+00 2.559271086613294777e-15 7.572155256736999563e-18
1.745829939842224121e+00 2.501769407955989344e-15 5.501261030325272979e-18
1.749609827995300293e+00 2.450635087721431300e-15 1.615944641353377596e-17
1.753383278846740723e+00 2.371175562214215826e-15 6.483660430462651191e-18
1.757150530815124512e+00 2.309885528700315535e-15 8.014274195159854772e-18
1.760911345481872559e+00 2.261126924124568990e-15 6.400857583194561739e-18
1.764665961265563965e+00 2.208171271295177387e-15 1.554698369002603810e-17
1.768414258956909180e+00 2.143187538856537906e-15 1.060142631752664560e-17
1.772156357765197754e+00 2.100553617764150394e-15 1.119383735580548552e-17
1.775892257690429688e+00 2.032847521433035591e-15 8.557855934699076908e-18
1.779621839523315430e+00 2.009153257041254234e-15 5.484083797724996807e-18
1.783345341682434082e+00 1.980184730245157163e-15 4.741690025139267022e-18
1.787062644958496094e+00 1.916884264030948790e-15 1.636191706642960565e-17
1.790773868560791016e+00 1.881769242653100888e-15 1.169943248007443496e-17
1.794478893280029297e+00 1.888319983708928833e-15 1.755557012320690160e-17
1.798177838325500488e+00 1.881663151776457286e-15 2.166163512691602716e-17
1.801870822906494141e+00 1.834056300250739777e-15 1.612776539607299500e-17
1.805557727813720703e+00 1.766439777653797116e-15 1.413211772203368596e-17
1.809238553047180176e+00 1.816898377354683042e-15 1.641711482870526919e-17
1.812913537025451660e+00 1.828461224117651496e-15 2.250936456024609715e-17
1.816582441329956055e+00 1.860118445246570530e-15 3.000727704828401227e-17
1.820245504379272461e+00 1.819382301472506278e-15 2.867880182346669833e-17
1.823902606964111328e+00 1.788160455278475953e-15 1.327636959984552692e-17
1.827553868293762207e+00 1.894492101037334106e-15 2.842635291796041471e-17
1.831199288368225098e+00 1.808475269968949466e-15 6.423056794729769853e-17
1.834838867187500000e+00 1.797188767705022727e-15 5.012014717273127848e-17
1.838472723960876465e+00 1.652605749322870812e-15 3.319445027056513087e-17
1.842100739479064941e+00 1.578893871758367800e-15 2.674677426470006776e-17
1.845723032951354980e+00 1.708884206525222629e-15 2.853380037080860280e-17
1.849339604377746582e+00 1.637318392811706793e-15 1.133188056515078499e-17
1.852950572967529297e+00 1.597695673846808318e-15 2.391696788246023371e-17
1.856555819511413574e+00 1.560762072731205433e-15 1.844455601676866640e-17
1.860155463218688965e+00 1.422178165197982101e-15 2.047302290879162936e-17
1.863749623298645020e+00 1.520904725639917517e-15 1.491668364378920676e-17
1.867338061332702637e+00 1.647529057353502163e-15 5.215433319150943308e-17
1.870921015739440918e+00 1.458974017580537755e-15 7.701746334583232196e-17
1.874498486518859863e+00 1.353272776092673615e-15 4.310208877548027514e-17
1.878070473670959473e+00 1.458718954784295804e-15 9.399514027769130184e-17
1.881636977195739746e+00 1.599710235832734265e-15 6.896922097881797711e-17
1.885197997093200684e+00 1.652887387777832867e-15 8.915380766237359083e-18
1.888753771781921387e+00 1.702159082561378704e-15 1.707311537657412310e-17
1.892304062843322754e+00 1.667449578207028799e-15 1.935503702572823417e-17
1.895848989486694336e+00 1.688543027934265826e-15 2.061423752860545714e-17
1.899388670921325684e+00 1.720939920584374679e-15 4.151190683974098411e-17
1.902923107147216797e+00 1.618138919907909264e-15 1.265743336086394907e-17
1.906452178955078125e+00 1.702213292670002980e-15 2.907241406358883145e-17
1.909976005554199219e+00 1.800699295754918175e-15 2.680028457852612312e-17
1.913494706153869629e+00 1.742384465468248614e-15 1.386882530587744470e-17
1.917008161544799805e+00 1.771626160389835197e-15 3.990406625228491103e-17
1.920516490936279297e+00 1.788727967353136335e-15 2.865045599823573118e-17
1.924019694328308105e+00 1.774426133676102694e-15 8.727001135076370219e-18
1.927517771720886230e+00 1.739650454872748546e-15 1.467087368987927374e-17
1.931010842323303223e+00 1.672705205886504919e-15 2.171227512401652351e-17
1.934498786926269531e+00 1.681479408428875402e-15 2.338153552631588400e-17
1.937981724739074707e+00 1.639168524526746998e-15 9.699458651431473591e-18
1.941459536552429199e+00 1.571416053141770023e-15 7.535985130091893321e-18
1.944932460784912109e+00 1.560316851038304892e-15 1.272249773348614512e-17
1.948400378227233887e+00 1.594792468420094204e-15 1.293499629694795517e-17
1.951863408088684082e+00 1.607140302966930581e-15 6.970754419560933345e-18
1.955321550369262695e+00 1.570051800701098565e-15 1.703402447518609212e-17
1.958774685859680176e+00 1.555659122740471901e-15 9.273872571911715747e-18
1.962222933769226074e+00 1.553726405313074401e-15 2.845751115727406216e-17
1.965666413307189941e+00 1.552096713922557127e-15 2.340478095588984918e-17
1.969105005264282227e+00 1.552210745733081237e-15 2.179574261090679933e-17
1.972538828849792480e+00 1.543848095323957937e-15 1.589842957124266808e-17
1.975967764854431152e+00 1.510633392363275058e-15 2.146192394854367437e-17
1.979392051696777344e+00 1.469931129907100977e-15 1.298845615275664479e-17
1.982811450958251953e+00 1.473697461907067224e-15 1.451654163991158004e-17
1.986226081848144531e+00 1.488421223870951913e-15 9.721451729558033491e-18
1.989636063575744629e+00 1.504670068656367970e-15 9.745920559257964603e-18
1.993041276931762695e+00 1.535610699911909866e-15 5.193618912036694862e-18
1.996441841125488281e+00 1.608293220687262090e-15 2.530039602409189548e-17
1.999837756156921387e+00 1.564031196391133405e-15 5.359876259459443043e-17
2.003228902816772461e+00 1.456875175816360005e-15 2.247634020147053007e-17
2.006615400314331055e+00 1.446136703869306799e-15 8.623245389302006299e-18
2.009997367858886719e+00 1.508878869492156181e-15 3.053471718534987462e-17
2.013374567031860352e+00 1.502383503215254986e-15 5.482920781783747250e-18
2.016747236251831055e+00 1.498723050333695527e-15 2.955180824195516374e-17
2.020115375518798828e+00 1.494576294661293693e-15 4.028506233370438537e-17
2.023478746414184570e+00 1.528019484759498420e-15 3.373823880525749126e-17
2.026837587356567383e+00 1.573582551662609710e-15 2.851886479766834533e-17
2.030191898345947266e+00 1.568594480515347542e-15 1.795585771087233765e-17
2.033541679382324219e+00 1.610064684217326052e-15 1.499807325298074936e-17
2.036886692047119141e+00 1.640830297290141529e-15 9.293499913486373987e-18
2.040227413177490234e+00 1.632033013099958366e-15 9.786205909450522157e-18
2.043563365936279297e+00 1.658883110494972432e-15 1.543328109738572403e-17
2.046894788742065430e+00 1.679748496601161240e-15 1.062600516224804627e-17
2.050221920013427734e+00 1.702166917616140807e-15 1.390476051322858588e-17
2.053544282913208008e+00 1.666474431526502285e-15 7.524975356138812523e-18
2.056862115859985352e+00 1.684750755550289917e-15 1.311327026256538369e-17
2.060175657272338867e+00 1.711696991184817346e-15 1.872006010030802801e-17
2.063484430313110352e+00 1.720090134780041802e-15 9.608553156473120956e-18
2.066788911819458008e+00 1.690395065473437354e-15 1.101863471180246638e-17
2.070088624954223633e+00 1.722530119063726221e-15 1.782054750627091338e-17
2.073384046554565430e+00 1.737243504874007045e-15 2.023859496011042600e-17
2.076674699783325195e+00 1.759783792754272824e-15 2.089962476610360232e-17
2.079961061477661133e+00 1.795562464446294471e-15 1.800664825484431865e-17
2.083242893218994141e+00 1.808201466568749513e-15 1.597968186845252688e-17
2.086520195007324219e+00 1.811348193967799239e-15 9.073186147597162937e-18
2.089792728424072266e+00 1.845061164059704460e-15 1.398978971711536181e-17
2.093060970306396484e+00 1.861166860277034540e-15 1.153115002907603446e-17
2.096324682235717773e+00 1.886863510556125063e-15 1.042260806706615719e-17
2.099583864212036133e+00 1.879092195023303671e-15 9.226413911447098337e-18
2.102838516235351562e+00 1.896965860759790290e-15 8.854482902360592632e-18
2.106088638305664062e+00 1.909730435516675782e-15 1.056311958335931489e-17
2.109333992004394531e+00 1.949068551411296812e-15 1.187520339715827803e-17
2.112575054168701172e+00 1.945784816433028704e-15 1.723391267020953126e-17
2.115811586380004883e+00 1.950390346325487148e-15 9.828425207915228689e-18
2.119043350219726562e+00 1.953880969101122120e-15 6.767052508323318473e-18
2.122270584106445312e+00 1.976409716157481559e-15 1.299320747819514938e-17
2.125493288040161133e+00 1.963364561736818080e-15 1.100302415928236565e-17
2.128711223602294922e+00 1.995359113736981140e-15 8.786275243410695076e-18
2.131924867630004883e+00 1.997621326980860562e-15 1.556163636739680244e-17
2.135133504867553711e+00 2.013910829347744826e-15 9.846679429673048904e-18
2.138337850570678711e+00 2.022509272553560042e-15 3.341615494065434983e-18
2.141537427902221680e+00 2.024757297995572955e-15 8.355950246161620936e-18
2.144732475280761719e+00 2.036385154537243176e-15 9.743697097771422065e-18
2.147922754287719727e+00 2.053138619200985983e-15 1.333179566397025510e-17
2.151108264923095703e+00 2.037603187915394860e-15 4.701483670695208282e-18
2.154289245605468750e+00 2.038111619441984254e-15 1.480953893904521308e-17
2.157465457916259766e+00 2.031470245860800099e-15 7.585295847948016960e-18
2.160636901855468750e+00 2.036441905744709215e-15 5.234245060641624263e-18
2.163803577423095703e+00 2.035472476536576668e-15 1.534850501076638932e-17
2.166965723037719727e+00 2.062399018655080435e-15 1.551130242712295070e-17
2.170122861862182617e+00 2.088850587048411353e-15 2.341459628103840341e-17
2.173275470733642578e+00 2.065836701871512013e-15 1.046175604391645433e-17
2.176423072814941406e+00 2.064051791693410388e-15 7.739301161573752206e-18
2.179566144943237305e+00 2.060799396934190689e-15 1.599395238838029171e-17
2.182704210281372070e+00 2.050999013976221620e-15 9.588451840407469831e-18
2.185837507247924805e+00 2.061786402075978762e-15 7.414506212512968230e-18
2.188965797424316406e+00 2.051602101434666682e-15 6.508064740074803167e-18
2.192089319229125977e+00 2.073727872566369888e-15 1.151429953281771673e-17
2.195208072662353516e+00 2.052165378344590792e-15 5.456928698985799738e-18
2.198321819305419922e+00 2.059597245423800023e-15 1.087513955503982991e-17
2.201430797576904297e+00 2.053737047978221146e-15 1.574965617499133073e-17
2.204534769058227539e+00 2.032607175834252183e-15 6.729953044260008905e-18
2.207633733749389648e+00 2.030191861385156546e-15 1.605117839751793527e-17
2.210727691650390625e+00 2.029529058103930056e-15 9.487492792284147697e-18
2.213816881179809570e+00 2.056292758138324184e-15 9.781107995335357847e-18
2.216900825500488281e+00 2.044971315765323205e-15 1.585786463400306760e-17
2.219980001449584961e+00 2.017218069490299241e-15 1.379123576441997070e-17
2.223053932189941406e+00 2.033571734602938018e-15 1.396599669397588652e-17
2.226123094558715820e+00 2.024422508223170693e-15 9.474780680630432767e-18
2.229187011718750000e+00 2.029376168656950655e-15 3.188671659960758410e-18
2.232245922088623047e+00 2.012217398727946666e-15 1.664655818701522800e-17
2.235299825668334961e+00 1.997983433565811776e-15 1.245351183317370137e-17
2.238348484039306641e+00 1.984869669476420698e-15 6.782301996506039815e-18
2.241392374038696289e+00 2.011717861047303442e-15 1.945899046766899826e-17
2.244430780410766602e+00 1.995174248796242888e-15 9.648188342704211830e-18
2.247464179992675781e+00 1.990957930543047795e-15 2.222814465867399412e-17
2.250492572784423828e+00 1.984418624432007783e-15 8.780820814451520412e-18
2.253515720367431641e+00 1.959732272700754827e-15 9.826069397530677666e-18
2.256533861160278320e+00 1.961979662868057299e-15 1.117995478358500805e-17
2.259546518325805664e+00 1.952395061553401263e-15 5.769887107071256164e-18
2.262554168701171875e+00 1.962600326260157887e-15 1.742589963602186388e-17
2.265556812286376953e+00 1.937460600143887067e-15 1.714988600922516960e-17
2.268554210662841797e+00 1.925362852074727522e-15 2.067610898406319850e-17
2.271546363830566406e+00 1.930179504929289101e-15 1.412935163006530864e-17
2.274533271789550781e+00 1.924100561225081801e-15 1.566658904351753059e-17
2.277514934539794922e+00 1.916508181402367880e-15 8.744017894637811104e-18
2.280491590499877930e+00 1.915504659118108348e-15 9.477000833394525094e-18
2.283462762832641602e+00 1.916363338768387395e-15 1.233646494931683540e-17
2.286428928375244141e+00 1.905333911003952337e-15 8.559147163635272184e-18
2.289389848709106445e+00 1.884267142814553819e-15 1.510179839307244882e-17
2.292345762252807617e+00 1.825544466163781313e-15 1.027850658691451934e-17
2.295296192169189453e+00 1.670260562921610601e-15 1.023994425393790975e-17
2.298241615295410156e+00 1.557382940667252809e-15 1.374702709658207414e-17
2.301182031631469727e+00 1.551966059090443151e-15 1.166463464606555420e-17
2.304116964340209961e+00 1.562494996262169325e-15 1.093482808086104383e-17
2.307046890258789062e+00 1.612346590977229138e-15 1.020995233928796207e-17
2.309971570968627930e+00 1.622181914044272446e-15 6.335679059647833370e-18
2.312891244888305664e+00 1.609174240831524969e-15 2.066882317722783144e-17
2.315805912017822266e+00 1.607552808012243425e-15 8.635290793382003488e-18
2.318715333938598633e+00 1.571797429726271272e-15 1.438135220367958852e-17
2.321619510650634766e+00 1.531055462600694646e-15 1.251527161924874808e-17
2.324518918991088867e+00 1.487191543789775482e-15 8.783351987125932676e-18
2.327413082122802734e+00 1.437780829723761533e-15 9.246964386585365756e-18
2.330302476882934570e+00 1.447763324765390276e-15 1.503015628021923109e-17
2.333186626434326172e+00 1.472941590880761167e-15 7.533204148872490042e-18
2.336066007614135742e+00 1.492065265489158320e-15 1.265225851895181733e-17
2.338940620422363281e+00 1.489221987643462447e-15 5.975638771866777438e-18
2.341809988021850586e+00 1.466585879161038525e-15 7.139363606901292294e-18
2.344674825668334961e+00 1.476159998442972288e-15 1.454230666163138175e-17
2.347534656524658203e+00 1.495965640453027559e-15 1.495347332871311522e-17
2.350389957427978516e+00 1.495765528919238731e-15 1.049556705145455933e-17
2.353240489959716797e+00 1.444958057523202440e-15 1.236407458380263036e-17
2.356086254119873047e+00 1.379733026573713890e-15 6.048445968612776105e-18
2.358927488327026367e+00 1.386348142133533162e-15 1.268163583840663811e-17
2.361764192581176758e+00 1.399116316780444486e-15 3.231766529103852323e-18
2.364596366882324219e+00 1.399234795513941681e-15 2.057368748061688262e-17
2.367424249649047852e+00 1.437790994119128585e-15 2.085620440138946880e-17
2.370247602462768555e+00 1.432002265078474289e-15 1.976806319482698684e-17
2.373066902160644531e+00 1.425385878969234136e-15 2.517985264778576786e-17
2.375881671905517578e+00 1.424053284384966308e-15 5.599172745071949759e-18
2.378692388534545898e+00 1.419290418122555377e-15 9.398776017226610373e-18
2.381499290466308594e+00 1.388996920038715766e-15 2.784004399106037848e-17
2.384301900863647461e+00 1.326360845292509985e-15 1.358985119966842314e-17
2.387100934982299805e+00 1.321930862978369994e-15 1.109172687226948957e-17
2.389895915985107422e+00 1.333861216161328408e-15 7.554392380263035846e-18
2.392687320709228516e+00 1.355416934119529470e-15 6.862622888346163908e-18
2.395474910736083984e+00 1.334424810708607738e-15 1.163013294271596741e-17
2.398259162902832031e+00 1.334862620863219804e-15 1.399298759736349181e-17
2.401040077209472656e+00 1.291381455065341178e-15 3.475454351152280552e-18
2.403817653656005859e+00 1.300282818428918213e-15 6.926771985620570034e-18
2.406592130661010742e+00 1.273565069931912631e-15 1.558334489539264409e-17
2.409363508224487305e+00 1.257469008714357569e-15 7.942000116318646531e-18
2.412132024765014648e+00 1.249073429899409757e-15 1.205174855529547072e-17
2.414897680282592773e+00 1.240039611758705831e-15 1.811062154911978402e-17
2.417660713195800781e+00 1.202384338572042282e-15 1.292594280514356228e-17
2.420421361923217773e+00 1.189846980403257756e-15 1.695097223296331793e-17
2.423179626464843750e+00 1.195839950263318744e-15 6.716957209656188287e-18
2.425935506820678711e+00 1.171977020435915375e-15 8.533060368657187350e-18
2.428689718246459961e+00 1.149741876174897957e-15 7.624469467397303245e-18
2.431441783905029297e+00 1.184175141909324554e-15 1.449496546081374687e-17
2.434192180633544922e+00 1.145966756208103947e-15 1.888805386527264750e-17
2.436940908432006836e+00 1.092483401852572915e-15 1.437539815763043183e-17
2.439688444137573242e+00 1.113576639821573129e-15 7.571649022202117110e-18
2.442434787750244141e+00 1.138441821383815149e-15 1.853235793006872007e-17
2.445180416107177734e+00 1.098013362327841021e-15 1.873658055150193708e-17
2.447924852371215820e+00 1.064369743058492246e-15 1.980012306100831709e-17
2.450669050216674805e+00 1.035800274659670357e-15 1.057120444666640819e-17
2.453412771224975586e+00 1.009645061918760037e-15 1.317814521082730510e-17
2.456156253814697266e+00 1.011097088148590721e-15 1.113689920552101041e-17
2.458899974822998047e+00 1.064841011014520857e-15 1.743497215298034548e-17
2.461644172668457031e+00 1.043661481564019111e-15 1.055384027124769503e-17
2.464388847351074219e+00 1.019260262298635634e-15 1.938592394980096422e-17
2.467134237289428711e+00 1.013677150505927320e-15 1.422358569980857466e-17
2.469880819320678711e+00 9.959611387767484079e-16 1.854821001932768629e-17
2.472628593444824219e+00 9.464454985043933323e-16 6.231790964975460965e-18
2.475378036499023438e+00 9.201004445041796424e-16 1.197005785236095882e-17
2.478129625320434570e+00 9.667825478097322699e-16 1.207815298762877592e-17
2.480883121490478516e+00 9.687892747408961142e-16 1.925044500035457914e-17
2.483639240264892578e+00 9.218791078142952664e-16 1.076620565863088404e-17
2.486397981643676758e+00 9.440225607587724062e-16 1.085785478895992184e-17
2.489159822463989258e+00 8.841592483654035772e-16 8.166554010027804401e-18
2.491925239562988281e+00 8.713275991870073848e-16 5.714485858364904582e-18
2.494694232940673828e+00 8.970553249873502999e-16 1.056382847714427284e-17
2.497467517852783203e+00 8.983903547913414840e-16 1.242533061688463227e-17
2.500245094299316406e+00 9.183301456444181547e-16 1.939345294773642188e-17
2.503027439117431641e+00 9.128748299476268334e-16 1.841911855857143569e-17
2.505814790725708008e+00 8.801058251358773264e-16 1.186149536004704925e-17
2.508607864379882812e+00 8.798772321192370720e-16 1.708000909979914004e-17
2.511406660079956055e+00 9.026222372749423753e-16 2.179095323516011730e-17
2.514211893081665039e+00 8.795201547924101811e-16 2.423129320650793401e-17
2.517023801803588867e+00 9.029220869382703976e-16 2.950193917718556681e-17
2.519842863082885742e+00 8.301689977305000499e-16 1.615644043918775826e-17
2.522669553756713867e+00 9.062663847722671889e-16 1.637142798911274036e-17
2.525503873825073242e+00 9.163128308014136317e-16 1.969437960022198824e-17
2.528347015380859375e+00 8.373601486340114496e-16 3.194418331830348060e-17
2.531198740005493164e+00 8.925333337193148107e-16 3.690820997951995710e-17
2.534060001373291016e+00 8.074890023534965142e-16 1.880536392815817154e-17
2.536930799484252930e+00 8.215779660629733087e-16 1.674031414636443837e-17
2.539812088012695312e+00 7.501569420438787550e-16 1.514392008422487410e-17
2.542704343795776367e+00 7.989594335142049131e-16 3.774539947748487641e-17
2.545607805252075195e+00 8.721231219431567830e-16 3.250998478345710216e-17
2.548522949218750000e+00 7.678829593497471084e-16 5.295860090109474189e-17
2.551450729370117188e+00 8.871027937362306777e-16 3.095666201581317404e-17
2.554391145706176758e+00 8.481704595629036610e-16 7.868506607818412618e-17
2.557345390319824219e+00 7.385462908589496365e-16 3.145699048112199836e-17
