# 2MASS J00034227-2822410 flux calibrated spectrum (erg/s/cm2/A) as a function of wavelength (um)
5.500000119209289551e-01 1.382127059320009763e-15 6.910635428948946825e-17
5.502899885177612305e-01 1.007380453159826661e-16 5.036902513953317068e-18
5.511599779129028320e-01 1.294564604881122839e-15 6.472823289103410210e-17
5.514500141143798828e-01 6.589302230751697270e-16 3.294651446248093656e-17
5.517399907112121582e-01 1.575103293440286399e-15 7.875517128945922038e-17
5.520300269126892090e-01 2.751978811289291799e-16 1.375989554537156159e-17
5.523200035095214844e-01 7.270751883520806640e-16 3.635376074109301328e-17
5.534800291061401367e-01 4.556099696634643720e-16 2.278049947578995367e-17
5.543500185012817383e-01 9.578710200507881828e-16 4.789354239986103859e-17
5.555099844932556152e-01 4.127086773273201193e-16 2.063543485898274103e-17
5.558000206947326660e-01 1.151873752224018624e-15 5.759368761120093119e-17
5.560899972915649414e-01 1.987996279842973134e-15 9.939980605121477618e-17
5.563799738883972168e-01 1.520397776420985819e-15 7.601989014453827101e-17
5.566700100898742676e-01 1.133064750355526444e-15 5.665322957684244170e-17
5.569599866867065430e-01 4.591280680703259051e-16 2.295640605049425543e-17
5.578299760818481445e-01 2.067478218636066345e-17 1.033739192036094428e-18
5.581200122833251953e-01 2.837892039640315398e-16 1.418945953645708695e-17
5.584099888801574707e-01 1.735281776568166085e-15 8.676409279887524451e-17
5.592799782752990723e-01 7.083686774702062545e-16 3.541843453525480277e-17
5.604400038719177246e-01 4.277879549010351994e-16 2.138939675243502490e-17
5.607299804687500000e-01 1.523362285857257463e-16 7.616810602105674762e-18
5.610200166702270508e-01 5.991194796640898681e-16 2.995597199797102328e-17
5.613099932670593262e-01 1.707107687267254742e-16 8.535538601772396221e-18
5.616000294685363770e-01 2.759058418541561648e-16 1.379529225814393075e-17
5.618900060653686523e-01 3.795436581429496251e-16 1.897718423063646134e-17
5.624700188636779785e-01 1.362685165021241011e-16 6.813426321414572587e-18
5.627599954605102539e-01 1.199823890321390541e-16 5.999119947915320235e-18
5.630499720573425293e-01 9.043295380592518244e-16 4.521647491772912109e-17
5.633400082588195801e-01 3.900308260024643210e-16 1.950153898401750090e-17
5.636299848556518555e-01 2.576144035862159643e-16 1.288072084105528826e-17
5.644999742507934570e-01 3.374783343861861634e-16 1.687391705018155319e-17
5.647900104522705078e-01 1.200900230969334341e-15 6.004502081288957765e-17
5.656599998474121094e-01 2.609550221208481197e-16 1.304775176778689603e-17
5.668200254440307617e-01 4.081171499482709724e-16 2.040585749741354862e-17
5.671100020408630371e-01 3.228215674344733690e-16 1.614107804085142343e-17
5.673999786376953125e-01 1.300998561269348097e-15 6.504993335742332520e-17
5.676900148391723633e-01 1.242912323999318790e-15 6.214560958252103909e-17
5.679799914360046387e-01 4.211779678610137561e-17 2.105889756587007525e-18
5.682700276374816895e-01 1.533716098967138810e-15 7.668579700742305999e-17
5.694299936294555664e-01 4.294710623067886975e-16 2.147355576231739505e-17
5.697200298309326172e-01 1.605500023664572628e-15 8.027499985973965131e-17
5.700100064277648926e-01 1.741348332415519791e-15 8.706741000333108912e-17
5.702999830245971680e-01 8.578224529364256168e-16 4.289112794077720118e-17
5.711699724197387695e-01 8.793794943836067638e-16 4.396897736615829836e-17
5.714600086212158203e-01 5.568173572590096260e-17 2.784086869013109385e-18
5.720400214195251465e-01 4.746034658957803791e-16 2.373017395653350900e-17
5.723299980163574219e-01 1.807805213968112111e-16 9.039026069840560553e-18
5.729100108146667480e-01 3.864265949327788663e-16 1.932132941576669829e-17
5.731999874114990234e-01 2.704603993851562764e-16 1.352301914207720127e-17
5.737800002098083496e-01 1.077750851921860462e-15 5.388754458132649324e-17
5.740699768066406250e-01 5.077202836114961832e-16 2.538601418057480916e-17
5.743600130081176758e-01 4.879352880295302359e-16 2.439676407060426677e-17
5.746499896049499512e-01 1.048051653329638150e-15 5.240257340205904690e-17
5.749400258064270020e-01 8.486463862001421710e-16 4.243232063349608864e-17
5.752300024032592773e-01 4.357576879017509112e-17 2.178788356790693301e-18
5.755199790000915527e-01 9.969435911164449896e-16 4.984718087931122956e-17
5.758100152015686035e-01 5.396760309147631551e-16 2.698379790614346252e-17
5.763900279998779297e-01 8.876572826793270241e-16 4.438286545745533129e-17
5.766800045967102051e-01 8.980827759523697662e-16 4.490413813587399827e-17
5.769699811935424805e-01 1.141154417927617445e-16 5.705771924201964712e-18
5.775499939918518066e-01 1.383286726834139706e-16 6.916433882324882294e-18
5.778400301933288574e-01 1.039821775334996961e-15 5.199109075198331817e-17
5.781300067901611328e-01 5.840165645771904727e-16 2.920083219932646389e-17
5.784199833869934082e-01 1.005428306914201515e-16 5.027141782725191342e-18
5.787100195884704590e-01 1.222518523486513815e-15 6.112592088036977039e-17
5.789999961853027344e-01 1.273838873332112584e-15 6.369194101962766903e-17
5.792899727821350098e-01 1.181602385211158023e-15 5.908011131962402065e-17
5.795800089836120605e-01 6.652612120207443847e-16 3.326306324801517941e-17
5.801600217819213867e-01 6.950240439631291765e-16 3.475120418338992895e-17
5.804499983787536621e-01 4.000969655476344262e-16 2.000484860825396633e-17
5.807399749755859375e-01 8.507872090347682117e-16 4.253936111348290063e-17
5.816100239753723145e-01 5.164964978571163958e-16 2.582482522372806481e-17
5.821899771690368652e-01 4.675077120779534950e-16 2.337538461128093969e-17
5.824800133705139160e-01 1.159247068150748902e-15 5.796234546660356457e-17
5.830600261688232422e-01 2.826898346078342630e-16 1.413449007603048805e-17
5.833500027656555176e-01 4.539531202790757572e-16 2.269765568308154284e-17
5.839300155639648438e-01 1.270537774178425762e-16 6.352689201764373831e-18
5.842199921607971191e-01 2.772481243777582139e-16 1.386240638432403321e-17
5.845100283622741699e-01 6.463360607593599590e-16 3.231680502320146808e-17
5.848000049591064453e-01 5.977860909864339892e-17 2.988930496291200573e-18
5.856699943542480469e-01 1.320554540318200163e-16 6.602773197899368347e-18
5.859600305557250977e-01 1.594809250260361680e-16 7.974046747610175930e-18
5.862500071525573730e-01 3.616972033398935509e-16 1.808485983612243252e-17
5.865399837493896484e-01 5.273687348353867771e-17 2.636843756894995141e-18
5.868300199508666992e-01 9.397657834474561190e-17 4.698828834519219340e-18
5.871199965476989746e-01 7.057646334925505183e-16 3.528823630683895621e-17
5.874099731445312500e-01 7.399144078874429417e-16 3.699572237960561721e-17
5.877000093460083008e-01 1.290307629046459539e-15 6.451537615836705659e-17
5.879899859428405762e-01 7.173454267660889228e-16 3.586726604434852580e-17
5.882800221443176270e-01 1.556217238043373680e-16 7.781086190216868399e-18
5.891500115394592285e-01 1.770169687237031428e-16 8.850847443568422076e-18
5.894399881362915039e-01 2.864329790808694230e-16 1.432164796142673609e-17
5.897300243377685547e-01 5.818350841610962255e-16 2.909175023758787102e-17
5.906000137329101562e-01 3.386830799349777954e-16 1.693415399674888977e-17
5.914700031280517578e-01 7.656123816555135495e-16 3.828061842103118743e-17
5.917599797248840332e-01 1.015829355345782090e-15 5.079146710554461447e-17
5.920500159263610840e-01 8.196233845976248072e-16 4.098117121511471049e-17
5.926300287246704102e-01 5.662775770793172878e-16 2.831387620698790422e-17
5.929200053215026855e-01 2.716624450164285354e-16 1.358312208538530426e-17
5.937899947166442871e-01 1.687882421644746277e-16 8.439412769968221428e-18
5.940800309181213379e-01 9.468677444285996010e-16 4.734338457445201988e-17
5.943700075149536133e-01 3.255873947050546766e-16 1.627937105874171391e-17
5.946599841117858887e-01 3.662887836585019012e-16 1.831443719769162493e-17
5.961099863052368164e-01 4.879004537995744028e-16 2.439502368259545520e-17
5.964000225067138672e-01 5.191696808990917643e-16 2.595848437582683324e-17
5.966899991035461426e-01 6.067074125638307041e-16 3.033536996644704516e-17
5.969799757003784180e-01 7.107870624137356888e-16 3.553935179719780436e-17
5.975599884986877441e-01 2.504406102406783773e-17 1.252203071882907200e-18
5.981400012969970703e-01 3.499094957992086819e-16 1.749547545170492414e-17
5.987200140953063965e-01 3.137976489913404769e-16 1.568988244956702385e-17
5.995900034904479980e-01 2.555261001030421404e-17 1.277630397117634133e-18
5.998799800872802734e-01 6.553919414613619001e-17 3.276959748665840128e-18
6.001700162887573242e-01 2.939552669271980508e-16 1.469776533159337267e-17
6.004599928855895996e-01 9.410836475993756027e-17 4.705418155278816758e-18
6.007500290870666504e-01 5.565416745044579529e-16 2.782708041650044743e-17
6.010400056838989258e-01 2.283041784052405876e-16 1.141520991287876444e-17
6.013299822807312012e-01 4.940151846458031969e-16 2.470075956316240487e-17
6.016200184822082520e-01 4.497868299093278708e-16 2.248934348069986367e-17
6.019099950790405273e-01 5.033427114609675523e-16 2.516713722740960272e-17
6.024900078773498535e-01 5.177816585963379830e-16 2.588908226807240911e-17
6.027799844741821289e-01 3.760747405865880449e-16 1.880373769107389229e-17
6.030700206756591797e-01 5.832490997874188732e-16 2.916245432762645362e-17
6.033599972724914551e-01 3.361062998303118070e-16 1.680531565326008039e-17
6.036499738693237305e-01 5.198616009378801209e-16 2.599308037776625107e-17
6.039400100708007812e-01 1.392071781986146885e-16 6.960359240802979446e-18
6.042299866676330566e-01 6.574001639350732402e-16 3.287000687326468193e-17
6.048099994659423828e-01 2.264565877890421450e-16 1.132282790052700465e-17
6.050999760627746582e-01 3.883757500933090199e-16 1.941878783553769601e-17
6.053900122642517090e-01 7.732534658726945929e-17 3.866267412081534220e-18
6.059700250625610352e-01 4.756077293338687589e-16 2.378038712843792799e-17
6.062600016593933105e-01 4.338308368392576375e-18 2.169154235895076472e-19
6.065499782562255859e-01 4.433720905810934441e-16 2.216860585254365229e-17
6.068400144577026367e-01 7.395148200945757255e-16 3.697574100472878628e-17
6.071299910545349121e-01 1.830475389056883417e-16 9.152377110720539595e-18
6.074200272560119629e-01 9.800607421700090888e-16 4.900303975547841461e-17
6.077100038528442383e-01 2.964806956594367472e-16 1.482403776082204255e-17
6.079999804496765137e-01 8.243762452833462966e-16 4.121881358765629492e-17
6.082900166511535645e-01 8.643473594873623059e-16 4.321736797436811529e-17
6.085799932479858398e-01 6.468001818748961122e-16 3.234000909374480561e-17
6.088700294494628906e-01 3.215874404303238534e-16 1.607937202151619267e-17
6.091600060462951660e-01 8.740531394530349097e-16 4.370265167869582515e-17
6.094499826431274414e-01 4.351010785489512183e-16 2.175505359657531589e-17
6.097400188446044922e-01 7.507642117275008849e-16 3.753821389509749446e-17
6.100299954414367676e-01 6.497934904313744028e-16 3.248967584505770023e-17
6.103200316429138184e-01 5.519010986238068617e-16 2.759505460031809807e-17
6.106100082397460938e-01 8.383158135567511139e-16 4.191579266307102582e-17
6.108999848365783691e-01 3.521882261855595634e-16 1.760941296363920328e-17
6.111900210380554199e-01 7.193135607585934930e-16 3.596568068490763482e-17
6.114799976348876953e-01 9.475306535889444978e-16 4.737653135595824481e-17
6.117699742317199707e-01 7.665785286109754858e-16 3.832892907752673446e-17
6.120600104331970215e-01 4.350928993870542940e-16 2.175464331499148959e-17
6.123499870300292969e-01 4.669227299487559938e-16 2.334613715918228973e-17
6.126400232315063477e-01 4.529779206589900405e-16 2.264889504033276696e-17
6.129299998283386230e-01 4.831461108061952184e-16 2.415731017252119122e-17
6.132199764251708984e-01 6.843792750358659773e-16 3.421896639877125904e-17
6.135100126266479492e-01 5.553123650001959462e-16 2.776561758826530727e-17
6.137999892234802246e-01 1.343095013486923154e-16 6.715474901998493262e-18
6.140900254249572754e-01 7.385251679748274824e-16 3.692626236920831437e-17
6.143800020217895508e-01 7.440907038338802695e-16 3.720453585343850352e-17
6.146699786186218262e-01 1.462075746354264596e-15 7.310378731771322979e-17
6.149600148200988770e-01 1.214079534233019220e-15 6.070397274118402076e-17
6.158300042152404785e-01 6.741998977735598128e-16 3.370999555042248068e-17
6.161199808120727539e-01 9.815759782335286253e-16 4.907879626469847109e-17
6.164100170135498047e-01 7.229504555363074417e-16 3.614752145332639200e-17
6.166999936103820801e-01 9.142708461238203271e-16 4.571354429142448648e-17
6.169900298118591309e-01 4.874954132321092370e-16 2.437477430120015709e-17
6.172800064086914062e-01 4.277970605052181831e-16 2.138985335613315418e-17
6.175699830055236816e-01 7.384638110257107490e-16 3.692319187477451753e-17
6.178600192070007324e-01 7.330703816736281950e-16 3.665352106891487988e-17
6.181499958038330078e-01 4.728409491512217903e-16 2.364204944279455964e-17
6.184400320053100586e-01 1.033436946857712452e-15 5.167184535765215246e-17
6.187300086021423340e-01 3.993540382435535998e-16 1.996770158130543497e-17
6.190199851989746094e-01 2.304291723116648136e-16 1.152145795383875064e-17
6.195999979972839355e-01 3.419169458484763073e-16 1.709584795416830541e-17
6.198899745941162109e-01 5.178908199674153810e-16 2.589454000575403398e-17
6.201800107955932617e-01 5.982803876507160768e-16 2.991402070602478393e-17
6.204699873924255371e-01 2.115770644070912704e-16 1.057885421297129859e-17
6.207600235939025879e-01 2.935131082841057930e-18 1.467565489721740680e-19
6.210500001907348633e-01 1.564175377280623848e-17 7.820875852427353551e-19
6.213399767875671387e-01 1.348876278049729771e-16 6.744380728504158814e-18
6.219199895858764648e-01 2.036588283625906598e-16 1.018294158356565550e-17
6.222100257873535156e-01 5.860910541441346610e-16 2.930455403069571313e-17
6.225000023841857910e-01 5.826689880976680842e-16 2.913345006662789425e-17
6.227899789810180664e-01 1.079556659990957626e-16 5.397783630827033153e-18
6.230800151824951172e-01 3.235999642432204693e-16 1.618000019739449359e-17
6.242399811744689941e-01 1.417507916694397507e-16 7.087539914344232557e-18
6.245300173759460449e-01 5.759204648486562599e-16 2.879601993371036278e-17
6.248199939727783203e-01 3.405405173091880693e-16 1.702702487284266840e-17
6.251100301742553711e-01 5.423547196708956766e-16 2.711773664528927387e-17
6.256899833679199219e-01 1.680748816042088967e-16 8.403743914774322322e-18
6.259800195693969727e-01 3.357622456350489509e-16 1.678811360524142763e-17
6.262699961662292480e-01 2.998974081929788808e-17 1.499486958246833149e-18
6.265599727630615234e-01 1.866538081484031271e-16 9.332690076547911333e-18
6.268500089645385742e-01 8.100921860633151952e-17 4.050460682162392210e-18
6.274300217628479004e-01 3.548897054219291459e-16 1.774448659458543738e-17
6.277199983596801758e-01 6.093486730516064261e-16 3.046743100560236114e-17
6.280099749565124512e-01 8.732979566409984976e-16 4.366489915553890496e-17
6.283000111579895020e-01 6.041717664966657526e-16 3.020858633959981750e-17
6.291700005531311035e-01 1.724825101894752544e-16 8.624124682293150167e-18
6.294599771499633789e-01 5.266269060271594211e-16 2.633134430874123599e-17
6.297500133514404297e-01 7.159497811668098528e-16 3.579748839659600260e-17
6.300399899482727051e-01 9.044437816280127482e-16 4.522218908140063741e-17
6.303300261497497559e-01 5.004914926813911705e-16 2.502457430319731351e-17
6.306200027465820312e-01 4.383603025113081558e-16 2.191801644905438788e-17
6.309099793434143066e-01 3.157258400864260866e-16 1.578629200432130433e-17
6.312000155448913574e-01 5.621989546196102215e-16 2.810994640749153099e-17
6.314899921417236328e-01 7.654036409735745679e-16 3.827017940170076822e-17
6.317800283432006836e-01 4.199710319379600836e-16 2.099855391300371933e-17
6.320700049400329590e-01 3.650055287434116362e-16 1.825027610629833679e-17
6.323599815368652344e-01 6.350392352813885588e-16 3.175195977883595781e-17
6.326500177383422852e-01 1.104441071848080280e-15 5.522205160717054385e-17
6.329399943351745605e-01 1.008893108419835032e-15 5.044465343575828145e-17
6.332300305366516113e-01 8.000082720611425505e-16 4.000041294131263748e-17
6.335200071334838867e-01 8.739644127518100217e-16 4.369821799061254092e-17
6.338099837303161621e-01 6.673255901318807248e-16 3.336627884484954620e-17
6.341000199317932129e-01 3.248090773056463813e-16 1.624045386528231907e-17
6.343899965286254883e-01 5.008979626169548279e-16 2.504489813084774140e-17
6.346799731254577637e-01 3.510364996053101302e-16 1.755182464939326149e-17
6.349700093269348145e-01 9.172952831411102133e-16 4.586476283356653058e-17
6.352599859237670898e-01 7.837914027694853434e-16 3.918956749149630700e-17
6.355500221252441406e-01 1.561651616144500059e-16 7.808258246158622805e-18
6.358399987220764160e-01 7.713610354498508757e-16 3.856805044900356370e-17
6.361299753189086914e-01 9.495532623878693602e-16 4.747766245764897797e-17
6.364200115203857422e-01 1.193089210767110404e-15 5.965445921486654010e-17
6.367099881172180176e-01 8.895499777999667582e-16 4.447749491953139765e-17
6.370000243186950684e-01 8.471833485419971808e-16 4.235916478012189887e-17
6.372900009155273438e-01 8.080894428339814063e-16 4.040446750948764002e-17
6.375799775123596191e-01 9.943047658483926236e-16 4.971523564544167101e-17
6.378700137138366699e-01 5.380620625733292892e-16 2.690309816558278914e-17
6.381599903106689453e-01 4.805939475965588081e-16 2.402969771070018542e-17
6.384500265121459961e-01 5.673002634840084487e-16 2.836501251245593239e-17
6.387400031089782715e-01 7.496454400228555644e-16 3.748227332463175830e-17
6.390299797058105469e-01 6.791345529055857564e-16 3.395673029225724799e-17
6.393200159072875977e-01 9.291368037437253320e-16 4.645684217241973673e-17
6.396099925041198730e-01 1.223604631483130641e-15 6.118023025066755198e-17
6.399000287055969238e-01 1.272917513243736719e-15 6.364588360312071645e-17
6.401900053024291992e-01 1.499498826634262059e-15 7.497494265520208306e-17
6.404799818992614746e-01 1.626140416644147012e-15 8.130701686174041033e-17
6.407700181007385254e-01 8.232202041290217868e-16 4.116101351517353955e-17
6.410599946975708008e-01 1.055756688534336893e-15 5.278783111799439443e-17
6.413500308990478516e-01 1.259772938330889266e-15 6.298865221050038363e-17
6.416400074958801270e-01 9.157207547712828757e-16 4.578603840030863383e-17
6.419299840927124023e-01 9.778328337604934653e-16 4.889164168802467327e-17
6.422200202941894531e-01 9.199824951662744811e-16 4.599912674354719418e-17
6.425099968910217285e-01 8.698284567494856800e-16 4.349141952875183379e-17
6.427999734878540039e-01 8.960816606144814817e-16 4.480407906025713383e-17
6.430900096893310547e-01 1.184489073495400679e-15 5.922445102779207377e-17
6.433799862861633301e-01 1.182106052177419112e-15 5.910530393235993566e-17
6.436700224876403809e-01 1.055131366461026406e-15 5.275656699956234020e-17
6.439599990844726562e-01 1.124828201976425628e-15 5.624140612835434113e-17
6.442499756813049316e-01 1.254268388844038788e-15 6.271341944220193941e-17
6.445400118827819824e-01 1.087816144434083313e-15 5.439081450089355613e-17
6.448299884796142578e-01 1.427471274085374223e-15 7.137356370426871117e-17
6.451200246810913086e-01 1.014992380914776435e-15 5.074962500143923212e-17
6.454100012779235840e-01 9.682022809084488840e-16 4.841011338367795416e-17
6.456999778747558594e-01 1.052389838448119456e-15 5.261949324589495288e-17
6.459900140762329102e-01 9.504797046739287512e-16 4.752398457195194752e-17
6.462799906730651855e-01 1.024468138495710293e-15 5.122341089525245489e-17
6.465700268745422363e-01 1.205506078499148006e-15 6.027530127797944013e-17
6.468600034713745117e-01 8.196999881397921180e-16 4.098499940698960590e-17
6.471499800682067871e-01 8.604212029581610136e-16 4.302106147139703077e-17
6.474400162696838379e-01 1.018656751323716945e-15 5.093283558095237711e-17
6.477299928665161133e-01 1.193860646023822258e-15 5.969302568374621246e-17
6.480200290679931641e-01 8.985073512171809842e-16 4.492537351655945959e-17
6.483100056648254395e-01 6.732961665583986777e-16 3.366481163664238410e-17
6.485999822616577148e-01 1.068489287797463536e-15 5.342445909591725644e-17
6.488900184631347656e-01 1.296338291872673344e-15 6.481691327014468709e-17
6.491799950599670410e-01 1.690133438171854182e-15 8.450666396765882859e-17
6.494700312614440918e-01 1.189921413423497727e-15 5.949607067117488636e-17
6.497600078582763672e-01 1.212578485971366193e-15 6.062892429856830967e-17
6.500499844551086426e-01 1.341225214725638888e-15 6.706126603023786475e-17
6.503400206565856934e-01 1.718105642463743383e-15 8.590528079969818906e-17
6.506299972534179688e-01 1.882417434615987241e-15 9.412087173079936205e-17
6.509199738502502441e-01 1.935162599757986150e-15 9.675812204696542700e-17
6.512100100517272949e-01 2.111513800585147413e-15 1.055756820883234901e-16
6.514999866485595703e-01 2.122580709557498474e-15 1.061290394483418640e-16
6.517900228500366211e-01 1.951437279048293463e-15 9.757186262892569308e-17
6.520799994468688965e-01 1.985581177152114310e-15 9.927906415156163584e-17
6.523699760437011719e-01 2.110031492927452387e-15 1.055015799403285397e-16
6.526600122451782227e-01 2.345399502596320213e-15 1.172699910116837716e-16
6.529499888420104980e-01 2.477778046757958541e-15 1.238888917499860864e-16
6.532400250434875488e-01 2.637763300494745840e-15 1.318881650247372920e-16
6.535300016403198242e-01 2.652534496303676770e-15 1.326267380500736393e-16
6.538199782371520996e-01 2.805147387025799452e-15 1.402573799392018133e-16
6.541100144386291504e-01 2.667132685633131009e-15 1.333566289877006301e-16
6.543999910354614258e-01 2.365218167737939518e-15 1.182609136808528963e-16
6.546900272369384766e-01 2.436858732109050546e-15 1.218429233705627265e-16
6.549800038337707520e-01 1.853887247370094270e-15 9.269436236850471349e-17
6.552699804306030273e-01 2.030457829730594396e-15 1.015228875160627796e-16
6.555600166320800781e-01 2.786258764060265368e-15 1.393129382030132684e-16
6.558499932289123535e-01 3.721007266958668847e-15 1.860503501130436415e-16
6.561400294303894043e-01 3.923870387276652896e-15 1.961935167168546846e-16
6.564300060272216797e-01 3.730953551341802468e-15 1.865476643322003226e-16
6.567199826240539551e-01 2.912325006940727837e-15 1.456162529940143520e-16
6.570100188255310059e-01 1.842245203026557539e-15 9.211226544528379728e-17
6.572999954223632812e-01 2.371609454841446842e-15 1.185804700950943819e-16
6.575900316238403320e-01 1.923190424323257056e-15 9.615951459871795236e-17
6.578800082206726074e-01 2.042041005284296953e-15 1.021020396763030070e-16
6.581699848175048828e-01 1.737172354106437683e-15 8.685861638183290409e-17
6.584600210189819336e-01 1.635008110448070689e-15 8.175040552240353444e-17
6.587499976158142090e-01 1.669188748605978691e-15 8.345944007727689471e-17
6.590399742126464844e-01 1.448521207494946061e-15 7.242605508079138273e-17
6.593300104141235352e-01 1.412701772342337802e-15 7.063508994060587018e-17
6.596199870109558105e-01 1.531588246324517601e-15 7.657940834575893978e-17
6.599100232124328613e-01 1.461914174819575838e-15 7.309570741748981182e-17
6.601999998092651367e-01 1.369454917033493396e-15 6.847274055771874948e-17
6.604899764060974121e-01 1.728815632927945163e-15 8.644078429337521833e-17
6.607800126075744629e-01 1.953799865696422521e-15 9.768999063784316586e-17
6.610699892044067383e-01 1.712486743529013575e-15 8.562433055900577831e-17
6.613600254058837891e-01 1.764200646057730373e-15 8.821003759684243901e-17
6.616500020027160645e-01 1.752970577363914453e-15 8.764853416215164297e-17
6.619399785995483398e-01 1.464365699927166597e-15 7.321828896682527009e-17
6.622300148010253906e-01 1.477891016149804858e-15 7.389454551353432255e-17
6.625199913978576660e-01 1.539111381203793483e-15 7.695555714878885337e-17
6.628100275993347168e-01 1.398802702831723581e-15 6.994013249460821887e-17
6.631000041961669922e-01 1.374318368458390775e-15 6.871592504036443919e-17
6.633899807929992676e-01 1.405729844153487656e-15 7.028648956069642262e-17
6.636800169944763184e-01 1.468753330593943873e-15 7.343766388271923346e-17
6.639699935913085938e-01 1.723855407988823980e-15 8.619276907595221893e-17
6.642600297927856445e-01 1.391922889475887340e-15 6.959614447379436700e-17
6.645500063896179199e-01 8.304312073672344592e-16 4.152155838312825283e-17
6.648399829864501953e-01 1.253684359626906948e-15 6.268422327530126775e-17
6.651300191879272461e-01 1.323956436392610247e-15 6.619782181963051234e-17
6.654199957847595215e-01 9.559975949296984840e-16 4.779987908474043416e-17
6.657100319862365723e-01 6.054007054240133356e-16 3.027003262422270661e-17
6.660000085830688477e-01 1.246226552163688054e-15 6.231133025516236287e-17
6.662899851799011230e-01 1.460210156287936999e-15 7.301050781439684997e-17
6.665800213813781738e-01 1.226585234545400117e-15 6.132926172727000587e-17
6.668699979782104492e-01 1.123661625849819642e-15 5.618308658644690246e-17
6.671599745750427246e-01 1.396850080130065605e-15 6.984250532999226034e-17
6.674500107765197754e-01 1.374014389509444888e-15 6.870071815198326433e-17
6.677399873733520508e-01 1.263808097412490346e-15 6.319041148806941771e-17
6.680300235748291016e-01 1.120614954217664331e-15 5.603074638739423646e-17
6.683200001716613770e-01 1.153916583934559183e-15 5.769583449068387947e-17
6.686099767684936523e-01 8.470035657989424555e-16 4.235018159866957299e-17
6.689000129699707031e-01 9.161038254216786331e-16 4.580519259457291174e-17
6.691899895668029785e-01 1.274999414348969382e-15 6.374996277651458860e-17
6.694800257682800293e-01 1.508718144990414678e-15 7.543590724952073390e-17
6.697700023651123047e-01 1.354785047540877762e-15 6.773925634751082835e-17
6.700599789619445801e-01 1.138330860067724836e-15 5.691654432687522189e-17
6.703500151634216309e-01 1.493596912816030908e-15 7.467984431731256533e-17
6.706399917602539062e-01 1.383858606422434367e-15 6.919293032112171834e-17
6.709300279617309570e-01 1.080590741635767318e-15 5.402953840527734597e-17
6.712200045585632324e-01 9.929367017594585218e-16 4.964683111750598584e-17
6.715099811553955078e-01 1.111100233121156775e-15 5.555501827350273918e-17
6.718000173568725586e-01 1.228548656917135586e-15 6.142743152236779919e-17
6.720899939537048340e-01 1.246911907697135190e-15 6.234559538485675949e-17
6.723800301551818848e-01 1.271917379091266204e-15 6.359587557200821061e-17
6.726700067520141602e-01 1.002211289015419483e-15 5.011056180379301400e-17
6.729599833488464355e-01 8.863034063922594318e-16 4.431516899612399150e-17
6.732500195503234863e-01 1.031304329654762937e-15 5.156521185052671656e-17
6.735399961471557617e-01 1.387711547541257365e-15 6.938557737706286827e-17
6.738300323486328125e-01 1.384473234704785768e-15 6.922366835268418885e-17
6.741200089454650879e-01 1.034636239631906134e-15 5.173180933461734654e-17
6.744099855422973633e-01 1.093727057977379041e-15 5.468635289886895207e-17
6.747000217437744141e-01 8.413556030462099843e-16 4.206778213754396934e-17
6.749899983406066895e-01 1.061727423779532456e-15 5.308636721850968254e-17
6.752799749374389648e-01 1.397534694509683893e-15 6.987673737246215483e-17
6.755700111389160156e-01 1.334793905315373799e-15 6.673969791274665013e-17
6.758599877357482910e-01 1.452542284653799039e-15 7.262710629175607143e-17
6.761500239372253418e-01 1.415272305579017790e-15 7.076361395546190941e-17
6.764400005340576172e-01 1.467698139299901828e-15 7.338490961197305157e-17
6.767299771308898926e-01 1.477541085663470425e-15 7.387705560666250133e-17
6.770200133323669434e-01 1.349166678001739988e-15 6.745833919404291973e-17
6.773099899291992188e-01 1.802758856366167006e-15 9.013793752435242997e-17
6.776000261306762695e-01 1.603356395033308807e-15 8.016782372213238062e-17
6.778900027275085449e-01 1.122638727686891668e-15 5.613192711992172281e-17
6.781799793243408203e-01 1.231826886181246541e-15 6.159134563255130716e-17
6.784700155258178711e-01 1.304566475801420024e-15 6.522831981960406094e-17
6.787599921226501465e-01 1.058739832695448132e-15 5.293698501732750617e-17
6.790500283241271973e-01 1.152360160893979406e-15 5.761800672120999021e-17
6.793400049209594727e-01 1.186081813073593984e-15 5.930409197716867927e-17
6.796299815177917480e-01 1.398893017719724571e-15 6.994465220947520862e-17
6.799200177192687988e-01 1.477810230382460479e-15 7.389050225470016335e-17
6.802099943161010742e-01 1.635525435820606253e-15 8.177627311451929272e-17
6.805000305175781250e-01 1.615963739299360220e-15 8.079818828845699110e-17
6.807900071144104004e-01 1.574572733177949987e-15 7.872863533540851925e-17
6.810799837112426758e-01 1.557138148145496316e-15 7.785690608378583572e-17
6.813700199127197266e-01 1.446583301990746629e-15 7.232916907000427171e-17
6.816599965095520020e-01 1.712642597591308366e-15 8.563213252654337847e-17
6.819500327110290527e-01 1.920741228556271246e-15 9.603705878083560214e-17
6.822400093078613281e-01 1.823090611715585604e-15 9.115452926229030014e-17
6.825299859046936035e-01 1.739594762456466576e-15 8.697974209329026904e-17
6.828200221061706543e-01 1.519719408909353531e-15 7.598596912197869645e-17
6.831099987030029297e-01 1.337824695079768093e-15 6.689123078352146438e-17
6.833999752998352051e-01 1.380038911346791099e-15 6.900193762640567446e-17
6.836900115013122559e-01 1.740727774902537609e-15 8.703638080419299995e-17
6.839799880981445312e-01 2.063788787963287928e-15 1.031894314572305159e-16
6.842700242996215820e-01 1.803017413173316381e-15 9.015086801168785890e-17
6.845600008964538574e-01 1.549322045745588853e-15 7.746609964030148248e-17
6.848499774932861328e-01 1.601592660678888540e-15 8.007963303394442702e-17
6.851400136947631836e-01 1.582140549045193533e-15 7.910703406970457708e-17
6.854299902915954590e-01 1.777551791130589469e-15 8.887759220350743361e-17
6.857200264930725098e-01 1.894502477190937971e-15 9.472511724210199813e-17
6.860100030899047852e-01 1.659658569158183744e-15 8.298291786999734652e-17
6.862999796867370605e-01 1.471916681014583464e-15 7.359584066817407362e-17
6.865900158882141113e-01 1.244503369511617587e-15 6.222516450511393908e-17
6.868799924850463867e-01 1.098297118365171212e-15 5.491485327128060043e-17
6.871700286865234375e-01 1.294905112125919067e-15 6.474525295931799320e-17
6.874600052833557129e-01 1.245813729481019989e-15 6.229068382707303930e-17
6.877499818801879883e-01 1.459718453662055878e-15 7.298592400659177398e-17
6.880400180816650391e-01 1.545857257474845137e-15 7.729286816769817721e-17
6.883299946784973145e-01 1.547591451555229911e-15 7.737956993078353536e-17
6.886200308799743652e-01 1.741044459345692311e-15 8.705222958472951596e-17
6.889100074768066406e-01 1.627167338213574444e-15 8.135836823416770229e-17
6.891999840736389160e-01 1.608159601239832724e-15 8.040797741501367604e-17
6.894900202751159668e-01 1.493143114914539417e-15 7.465715971619391110e-17
6.897799968719482422e-01 1.517657518957499750e-15 7.588288256531988793e-17
6.900700330734252930e-01 1.617621700414492106e-15 8.088107840327970490e-17
6.903600096702575684e-01 1.508806448175165939e-15 7.544032108526931685e-17
6.906499862670898438e-01 1.942624748265059723e-15 9.713124006023094630e-17
6.909400224685668945e-01 2.066836836023982528e-15 1.033418378307321861e-16
6.912299990653991699e-01 2.026509597405205289e-15 1.013254825172382246e-16
6.915199756622314453e-01 1.969385060167664833e-15 9.846925433187222174e-17
6.918100118637084961e-01 2.116738935078522378e-15 1.058369388129922384e-16
6.920999884605407715e-01 2.041199901567673433e-15 1.020599858139608111e-16
6.923900246620178223e-01 2.196538544314060454e-15 1.098269338331479231e-16
6.926800012588500977e-01 2.615863475401722718e-15 1.307931764170640961e-16
6.929699778556823730e-01 2.533316514801765319e-15 1.266658230931103058e-16
6.932600140571594238e-01 2.547145386456875840e-15 1.273572666758658318e-16
6.935499906539916992e-01 2.618517017867233627e-15 1.309258561873176017e-16
6.938400268554687500e-01 2.517737249561153787e-15 1.258868704189915698e-16
6.941300034523010254e-01 2.658074515295193521e-15 1.329037310587155964e-16
6.944199800491333008e-01 2.896846326862602752e-15 1.448423295780199385e-16
6.947100162506103516e-01 3.078453578885713762e-15 1.539226815912636483e-16
6.949999928474426270e-01 2.952512908639681743e-15 1.476256533729179677e-16
6.952900290489196777e-01 3.028242736321899720e-15 1.514121288751611055e-16
6.955800056457519531e-01 2.926705085286264094e-15 1.463352648522250454e-16
6.958699822425842285e-01 3.093578199191886549e-15 1.546789099595943275e-16
6.961600184440612793e-01 3.442172067535552091e-15 1.721085848479318833e-16
6.964499950408935547e-01 3.361436910409771640e-15 1.680718375795547015e-16
6.967400312423706055e-01 3.234256819203669767e-15 1.617128303722716477e-16
6.970300078392028809e-01 3.402976464934306597e-15 1.701488153057814493e-16
6.973199844360351562e-01 3.640863127071835084e-15 1.820431563535917542e-16
6.976100206375122070e-01 3.540557485457980838e-15 1.770278742728990419e-16
6.978999972343444824e-01 3.663155340177673761e-15 1.831577723028396084e-16
6.981900334358215332e-01 3.740754993090955605e-15 1.870377390666359396e-16
6.984800100326538086e-01 3.933389343537896723e-15 1.966694698238727963e-16
6.987699866294860840e-01 3.846597265564537585e-15 1.923298553372929987e-16
6.990600228309631348e-01 3.714640120294158271e-15 1.857320113086638339e-16
6.993499994277954102e-01 3.851081034470828224e-15 1.925540676054091722e-16
6.996399760246276855e-01 3.906419390980846174e-15 1.953209536671745477e-16
6.999300122261047363e-01 3.956296926079915649e-15 1.978148436570178223e-16
7.002199888229370117e-01 4.192545002980980692e-15 2.096272342671812736e-16
7.005100250244140625e-01 4.307026588000082909e-15 2.153513108711584243e-16
7.008000016212463379e-01 4.105325173369258132e-15 2.052662586684629066e-16
7.010899782180786133e-01 4.169847061093407206e-15 2.084923424667585196e-16
7.013800144195556641e-01 4.569491605168089429e-15 2.284745908463163121e-16
7.016699910163879395e-01 4.499525413175463340e-15 2.249762653648172466e-16
7.019600272178649902e-01 4.386889936464901871e-15 2.193444888823112130e-16
7.022500038146972656e-01 4.469445579152568626e-15 2.234722524878488296e-16
7.025399804115295410e-01 4.928235469318703252e-15 2.464117840538470033e-16
7.028300166130065918e-01 4.977209220263052389e-15 2.488604504252407788e-16
7.031199932098388672e-01 4.935190033332134685e-15 2.467594910786948936e-16
7.034100294113159180e-01 5.422549921292683234e-15 2.711275172404578430e-16
7.037000060081481934e-01 5.629808719090443475e-15 2.814904094847425721e-16
7.039899826049804688e-01 5.904609077069314371e-15 2.952304485595097982e-16
7.042800188064575195e-01 6.018742108030621443e-15 3.009370948136192315e-16
7.045699954032897949e-01 5.916181241194702622e-15 2.958090514718232904e-16
7.048600316047668457e-01 5.381265958959982262e-15 2.690632714782195114e-16
7.051500082015991211e-01 4.241237115470367774e-15 2.120618716553861497e-16
7.054399847984313965e-01 3.313143115163830893e-15 1.656571584051695048e-16
7.057300209999084473e-01 2.549308708604163323e-15 1.274654221953183653e-16
7.060199975967407227e-01 2.196664116948490904e-15 1.098331939360237244e-16
7.063100337982177734e-01 2.014290935382825193e-15 1.007145335342514588e-16
7.066000103950500488e-01 1.954476433263041893e-15 9.772381901617413448e-17
7.068899869918823242e-01 2.226832465914373692e-15 1.113416338836305253e-16
7.071800231933593750e-01 2.153539552021406338e-15 1.076769855420041974e-16
7.074699997901916504e-01 2.400260344282323551e-15 1.200130145671382174e-16
7.077599763870239258e-01 2.845863625525603229e-15 1.422931839232581216e-16
7.080500125885009766e-01 2.709706255628026653e-15 1.354853154283792928e-16
7.083399891853332520e-01 2.544479773771866557e-15 1.272239913355712880e-16
7.086300253868103027e-01 2.269192371848324438e-15 1.134596132984603016e-16
7.089200019836425781e-01 1.795251179838178515e-15 8.976254311004116474e-17
7.092099785804748535e-01 1.577350789486707278e-15 7.886754873875822451e-17
7.095000147819519043e-01 1.627069505908166572e-15 8.135347794238628879e-17
7.097899913787841797e-01 1.573218327495290361e-15 7.866091902174247820e-17
7.100800275802612305e-01 1.540975277204226571e-15 7.704876386021132853e-17
7.103700041770935059e-01 1.965570659047941905e-15 9.827853295239709526e-17
7.106599807739257812e-01 2.244878714613863374e-15 1.122439357306931687e-16
7.109500169754028320e-01 2.353385964497744197e-15 1.176693008718651700e-16
7.112399935722351074e-01 1.948006583853676733e-15 9.740033183966179684e-17
7.115300297737121582e-01 2.014016284949677986e-15 1.007008023360830785e-16
7.118200063705444336e-01 2.279801671270921364e-15 1.139900809165681080e-16
7.121099829673767090e-01 2.321108291734961387e-15 1.160554119397701092e-16
7.124000191688537598e-01 1.721879597760234918e-15 8.609398385847868615e-17
7.126899957656860352e-01 1.422091767837362162e-15 7.110459103884606826e-17
7.129800319671630859e-01 1.503413707037353029e-15 7.517068005791173110e-17
7.132700085639953613e-01 1.545271851829174009e-15 7.726359920890360088e-17
7.135599851608276367e-01 1.320525423560638296e-15 6.602627117803191482e-17
7.138500213623046875e-01 1.382778004139974693e-15 6.913890550095465500e-17
7.141399979591369629e-01 1.499204482685091190e-15 7.496021884029863917e-17
7.144300341606140137e-01 1.235333073187287311e-15 6.176665498285334563e-17
7.147200107574462891e-01 1.681672531940849383e-15 8.408363056750940939e-17
7.150099873542785645e-01 1.750932404334583792e-15 8.754661889324020954e-17
7.153000235557556152e-01 1.723480172393190325e-15 8.617400861965951626e-17
7.155900001525878906e-01 1.219122344884497697e-15 6.095611724422488487e-17
7.158799767494201660e-01 1.331717058134472553e-15 6.658584893625668741e-17
7.161700129508972168e-01 1.651691483135428202e-15 8.258457415677141009e-17
7.164599895477294922e-01 1.774792263667553365e-15 8.873962509477848902e-17
7.167500257492065430e-01 1.525624710859373699e-15 7.628123951343562521e-17
7.170400023460388184e-01 1.422917624960935105e-15 7.114587727757981498e-17
7.173299789428710938e-01 1.594709882707736909e-15 7.973549942934276581e-17
7.176200151443481445e-01 1.754420486011377001e-15 8.772103488848069074e-17
7.179099917411804199e-01 1.928565060131822405e-15 9.642826227101398084e-17
7.182000279426574707e-01 2.109574518652408692e-15 1.054787299030873749e-16
7.184900045394897461e-01 2.018092419250102493e-15 1.009046130215712441e-16
7.187799811363220215e-01 1.604996250819193133e-15 8.024980724700373630e-17
7.190700173377990723e-01 1.936285977204282166e-15 9.681429091928022779e-17
7.193599939346313477e-01 2.065435420012750288e-15 1.032717723241264945e-16
7.196500301361083984e-01 2.049350476102627938e-15 1.024675211581534367e-16
7.199400067329406738e-01 1.949111961849843595e-15 9.745560073947013994e-17
7.202299833297729492e-01 1.962319534838143087e-15 9.811598865330797511e-17
7.205200195312500000e-01 2.075567628127806229e-15 1.037783708184784708e-16
7.208099961280822754e-01 2.108926326689522339e-15 1.054463176579650970e-16
7.211000323295593262e-01 2.515391603571969815e-15 1.257695695906866501e-16
7.213900089263916016e-01 2.537095764054177194e-15 1.268547908496868199e-16
7.216799855232238770e-01 2.692980531293306425e-15 1.346490424465330822e-16
7.219700217247009277e-01 2.659798439101092836e-15 1.329899431308783232e-16
7.222599983215332031e-01 2.905585801054135810e-15 1.452792662299051490e-16
7.225500345230102539e-01 2.934467506973139315e-15 1.467233647607451251e-16
7.228400111198425293e-01 2.685092960488474380e-15 1.342546559653575995e-16
7.231299877166748047e-01 2.602507883405890537e-15 1.301253835823826862e-16
7.234200239181518555e-01 2.718292205097869868e-15 1.359146155488494137e-16
7.237100005149841309e-01 2.750250334681300993e-15 1.375125167340650496e-16
7.239999771118164062e-01 2.642248551708694174e-15 1.321124169975228680e-16
7.242900133132934570e-01 2.953693037293443797e-15 1.476846545116501500e-16
7.245799899101257324e-01 3.361817439961325635e-15 1.680908693510883216e-16
7.248700261116027832e-01 3.376692820822768844e-15 1.688346304532266015e-16
7.251600027084350586e-01 3.574969045973134044e-15 1.787484231818991403e-16
7.254499793052673340e-01 3.880042361486873634e-15 1.940021101334098012e-16
7.257400155067443848e-01 4.085480885480984384e-15 2.042740522149830997e-16
7.260299921035766602e-01 4.402532940934794289e-15 2.201266311648719535e-16
7.263200283050537109e-01 4.533403766450319963e-15 2.266701989104278388e-16
7.266100049018859863e-01 4.447197835276460801e-15 2.223598864698671197e-16
7.268999814987182617e-01 4.196336745969364568e-15 2.098168240635784275e-16
7.271900177001953125e-01 3.939593436360060846e-15 1.969796559361352813e-16
7.274799942970275879e-01 3.940840268858419176e-15 1.970420055019870783e-16
7.277700304985046387e-01 4.343335078800612120e-15 2.171667539400306060e-16
7.280600070953369141e-01 4.766208230904322649e-15 2.383104168391720528e-16
7.283499836921691895e-01 4.787623764909753124e-15 2.393811723636198952e-16
7.286400198936462402e-01 5.100747281554197585e-15 2.550373852535335606e-16
7.289299964904785156e-01 5.136948199170425500e-15 2.568474152524771953e-16
7.292200326919555664e-01 5.333837196111424969e-15 2.666918968632626908e-16
7.318334579467773438e-01 5.272988466763044169e-15 4.627254699368741220e-16
7.341625094413757324e-01 6.733540506724316685e-15 5.284906432089148988e-16
7.365053296089172363e-01 7.279252070904740357e-15 5.588340103575241066e-16
7.388621568679809570e-01 7.747857802380131442e-15 5.910556201271105221e-16
7.412334084510803223e-01 7.698417336281845186e-15 5.972497073725852035e-16
7.436193823814392090e-01 7.706885971688493681e-15 5.843779300083128386e-16
7.460204362869262695e-01 7.243506433497661628e-15 5.778184009856571299e-16
7.484368681907653809e-01 8.085998437121731663e-15 6.086242481234671858e-16
7.508689761161804199e-01 8.184579519654976154e-15 6.477889869616971011e-16
7.533170580863952637e-01 8.597171809361387612e-15 6.866615523726834862e-16
7.557813525199890137e-01 8.859259049834918714e-15 7.265501867434606079e-16
7.582621574401855469e-01 8.421288805995821164e-15 6.191606497730410379e-16
7.607597708702087402e-01 4.091490584241753645e-15 2.947515043673966948e-16
7.632743120193481445e-01 3.773860005284969052e-15 3.499710380367826272e-16
7.658060193061828613e-01 2.884459528800192678e-15 3.079822913524068746e-16
7.683551907539367676e-01 3.177162351635756839e-15 2.999991911129923057e-16
7.709219455718994141e-01 3.486661837815373775e-15 2.883978043509237811e-16
7.735065221786499023e-01 4.418423702541758591e-15 3.830621006569459802e-16
7.761090993881225586e-01 4.559102322553541808e-15 3.559273737218748672e-16
7.787298560142517090e-01 5.259119149284702255e-15 3.832527095398577995e-16
7.813689708709716797e-01 5.665601366826094817e-15 4.461813282902215346e-16
7.840265631675720215e-01 5.725748752894149057e-15 4.370078555923390552e-16
7.867028117179870605e-01 6.045454139055233059e-15 4.588530999998234779e-16
7.893977761268615723e-01 6.375763530682993646e-15 4.967043024950987869e-16
7.921116948127746582e-01 6.550639411874274731e-15 4.670384028856154092e-16
7.948445677757263184e-01 6.937317575592388125e-15 5.020418806122217605e-16
7.975965738296508789e-01 6.990182595896423517e-15 5.385980756102636512e-16
8.003677725791931152e-01 7.979864361797820577e-15 5.920247846374470518e-16
8.031582236289978027e-01 9.132915913334996305e-15 7.108613895548572537e-16
8.059681057929992676e-01 1.061532860311548143e-14 8.630210117710804783e-16
8.087974190711975098e-01 1.223180119745790467e-14 9.686205034261556948e-16
8.116462230682373047e-01 1.397111813310767184e-14 1.030429556378486058e-15
8.145145773887634277e-01 1.425843763804696129e-14 1.058950849778432859e-15
8.174025416374206543e-01 1.409802399739710013e-14 9.571831234184992841e-16
8.203101754188537598e-01 1.407620866384056563e-14 9.078133845713087617e-16
8.232374191284179688e-01 1.433799436058487420e-14 1.056186557755068450e-15
8.261843919754028320e-01 1.517938098621277737e-14 1.148589805487513701e-15
8.291510939598083496e-01 1.412493508116431651e-14 9.604464237269148830e-16
8.321374654769897461e-01 1.379991668084157991e-14 1.012042482796844927e-15
8.351435661315917969e-01 1.360860497234177638e-14 1.036497488654379052e-15
8.381693959236145020e-01 1.366050945728362540e-14 1.030677842911149975e-15
8.412148952484130859e-01 1.310857347149030350e-14 1.093403597270646305e-15
8.442801237106323242e-01 1.110033628058150479e-14 7.625812742537640358e-16
8.473649024963378906e-01 9.650868937284475674e-15 6.340459832716144849e-16
8.504694104194641113e-01 9.466928956524626321e-15 6.782831789144767778e-16
8.535934090614318848e-01 1.014773761711090100e-14 7.387159092066373101e-16
8.567369580268859863e-01 1.065573630986424783e-14 8.418966982808278720e-16
8.598999977111816406e-01 1.101708480032766863e-14 8.969907387251221595e-16
8.630824685096740723e-01 1.143729106919694899e-14 8.304161725324206954e-16
8.662843108177185059e-01 1.176282954774929973e-14 9.085661851031810211e-16
8.695054054260253906e-01 1.207073534143865770e-14 8.846382454970758841e-16
8.727457523345947266e-01 1.266955121273071611e-14 9.107076961520767060e-16
8.760052323341369629e-01 1.398791903161646089e-14 1.069147114760124907e-15
8.792837858200073242e-01 1.520439386914519686e-14 1.176142834349630430e-15
8.825812935829162598e-01 1.575814504654448472e-14 1.285913327995222635e-15
8.858976364135742188e-01 1.550315255403715564e-14 1.169194093687711371e-15
8.892328143119812012e-01 1.565501370301859013e-14 1.092174552464180316e-15
8.925865888595581055e-01 1.549034033367698709e-14 1.197093770783491922e-15
8.959589600563049316e-01 1.634165079731492165e-14 1.064140514767141551e-15
8.993498086929321289e-01 1.687100234363560214e-14 1.101837186689102153e-15
9.027589559555053711e-01 1.786860894979151043e-14 1.257709142554904163e-15
9.061863422393798828e-01 1.905577475327935311e-14 1.262434845246754311e-15
9.096317887306213379e-01 1.984294449401940302e-14 1.249444112692951921e-15
9.130951762199401855e-01 2.106734925400033376e-14 1.356882089360042596e-15
9.165763854980468750e-01 2.198905831995046772e-14 1.427397264581607879e-15
9.200752973556518555e-01 2.237587455003898357e-14 1.640640244272601345e-15
9.235917329788208008e-01 2.205749011175914265e-14 1.494035675882708636e-15
9.271255731582641602e-01 2.142579326848761956e-14 1.395329338352388916e-15
9.306766986846923828e-01 1.969244367995125894e-14 9.109020902134715679e-16
9.342449307441711426e-01 1.807003507871447756e-14 6.063614525444365258e-16
9.378300309181213379e-01 1.926821231051662614e-14 7.721963158149620227e-16
9.414319992065429688e-01 2.012138116444083663e-14 9.625424067548956492e-16
9.450505375862121582e-01 2.054813838612418175e-14 8.254247661929287137e-16
9.486855864524841309e-01 2.130736112180252328e-14 9.460788391173506270e-16
9.523369073867797852e-01 2.245392694206257284e-14 1.028009159731706895e-15
9.560043811798095703e-01 2.272443538409770619e-14 1.058338339078449594e-15
9.596878290176391602e-01 2.279341774732209641e-14 1.080656916084771560e-15
9.633870124816894531e-01 2.345579073581138124e-14 1.181380039062503769e-15
9.671018719673156738e-01 2.465476079045215985e-14 1.417070133009565042e-15
9.708321094512939453e-01 2.493690407705077827e-14 1.611368797318742455e-15
9.745776057243347168e-01 2.529666438073809726e-14 1.468758730428982619e-15
9.783381819725036621e-01 2.546687395742295440e-14 1.574194003571408908e-15
9.821135997772216797e-01 2.610222828896072156e-14 1.731126974082765335e-15
9.859037399291992188e-01 2.525811082911087052e-14 1.816075484846425489e-15
9.897084236145019531e-01 2.347991084601739470e-14 1.488079551955853209e-15
9.935273528099060059e-01 2.197473329874650300e-14 1.369867633837043054e-15
9.973604679107666016e-01 2.209740230423376528e-14 1.530408223549873954e-15
1.001207470893859863e+00 2.263156499769485019e-14 1.586241459059325228e-15
1.005068182945251465e+00 2.363702868146948938e-14 1.557680778627331102e-15
1.008942484855651855e+00 2.443565538985410096e-14 1.641003409648736627e-15
1.012830138206481934e+00 2.538249931148105903e-14 1.593504872461149260e-15
1.016730904579162598e+00 2.515293813618209307e-14 1.481653218864153240e-15
1.020644545555114746e+00 2.486986311334149491e-14 1.352041719582957897e-15
1.024571061134338379e+00 2.442404087408134999e-14 1.235883856361239420e-15
1.028509974479675293e+00 2.415768966975134074e-14 1.020468978314367520e-15
1.032461285591125488e+00 2.410504996021127500e-14 8.756294677678751626e-16
1.036424756050109863e+00 2.437380334997969744e-14 7.757054144967589788e-16
1.040400028228759766e+00 2.423985355970090239e-14 6.598271250871936243e-16
1.044387102127075195e+00 2.433475851924306321e-14 5.606653485290471074e-16
1.048385620117187500e+00 2.348961614952703447e-14 4.767781171087373884e-16
1.052395582199096680e+00 2.282931669769262817e-14 4.069014723805038395e-16
1.056416511535644531e+00 2.001800079322844927e-14 2.718740709043441020e-16
1.060448288917541504e+00 2.002845826199525087e-14 2.555201675636889101e-16
1.064490795135498047e+00 1.870552832365559442e-14 2.115420448886782255e-16
1.068543791770935059e+00 1.827720239695393434e-14 1.938988382882937808e-16
1.072606921195983887e+00 1.721413030837063568e-14 1.725059359444227561e-16
1.076680183410644531e+00 1.734948447927597837e-14 1.728829053106203223e-16
1.080763220787048340e+00 1.379951772832342313e-14 1.351023903617713448e-16
1.084855914115905762e+00 1.524299485461746984e-14 1.426292574799710661e-16
1.088958024978637695e+00 1.276795780647682621e-14 1.283481364054757531e-16
1.093069434165954590e+00 1.510765254217338871e-14 1.387951231395550731e-16
1.105456352233886719e+00 2.991356823161227252e-14 1.014070888477502561e-16
1.109602451324462891e+00 2.943500139267717086e-14 9.897468153847682293e-17
1.113756537437438965e+00 2.860701991047251425e-14 1.004204609003215068e-16
1.117918610572814941e+00 2.836677256751098802e-14 9.900412916828371071e-17
1.122088432312011719e+00 2.802412910562178394e-14 1.012108683715628771e-16
1.126265764236450195e+00 2.831427346544016649e-14 1.069656300675432949e-16
1.130450487136840820e+00 2.787752633717690415e-14 1.083792221773923153e-16
1.134642243385314941e+00 2.680301422160798891e-14 1.061491101587248506e-16
1.138840913772583008e+00 2.588373952834826380e-14 1.047821313307544184e-16
1.143046259880065918e+00 2.633270595390861668e-14 1.030854250757305484e-16
1.147258162498474121e+00 2.772444715481731797e-14 1.025368256585955796e-16
1.151476383209228516e+00 2.909772642560766454e-14 1.051753002020682230e-16
1.155700564384460449e+00 2.954025370670299022e-14 9.924426300883030486e-17
1.159930706024169922e+00 3.028645924004792767e-14 9.890499984367535588e-17
1.164166450500488281e+00 2.935442484247076378e-14 9.393281718161910652e-17
1.168407797813415527e+00 2.895830480248960670e-14 8.994033400218086230e-17
1.172654271125793457e+00 2.824643798482635859e-14 8.621683672305506183e-17
1.176905870437622070e+00 2.795704409619924335e-14 8.318818439336360545e-17
1.181162476539611816e+00 2.785809370730099599e-14 7.953984805341682328e-17
1.185423612594604492e+00 2.824348861610401912e-14 7.943391599545083235e-17
1.189689278602600098e+00 2.817991709934668937e-14 7.790022387810401267e-17
1.193959236145019531e+00 2.780069367259736107e-14 8.136468127660270700e-17
1.198233366012573242e+00 2.675276822717686381e-14 8.307270336240630236e-17
1.202511310577392578e+00 2.682310414905096640e-14 8.407550434517168845e-17
1.206792950630187988e+00 2.701363912833813774e-14 8.607101470722931368e-17
1.211078166961669922e+00 2.830635370738333878e-14 8.801980590828994391e-17
1.215366721153259277e+00 2.858806670124475202e-14 8.920766373769569335e-17
1.219658493995666504e+00 2.934870906414269176e-14 8.739002367711657076e-17
1.223953127861022949e+00 2.946534211284781990e-14 8.456125788808732842e-17
1.228250622749328613e+00 2.981366577768131132e-14 8.666681635883900846e-17
1.232550621032714844e+00 2.937721680501548249e-14 8.340560716301194367e-17
1.236853122711181641e+00 2.848035121540831716e-14 8.120721255775221223e-17
1.241157770156860352e+00 2.744801117621729902e-14 7.719098598601124590e-17
1.245464563369750977e+00 2.715866302736933552e-14 7.617205167257862556e-17
1.249773144721984863e+00 2.681182336425943363e-14 7.341112792866853233e-17
1.254083514213562012e+00 2.779722930784309098e-14 7.454528519270733921e-17
1.258395314216613770e+00 2.791488726641439683e-14 7.998327641874934993e-17
1.262708544731140137e+00 2.886240034406968580e-14 8.308971019580039261e-17
1.267022967338562012e+00 2.877084624686686298e-14 8.779745314219078965e-17
1.271338462829589844e+00 2.944787629347543623e-14 9.428199327923489099e-17
1.275654673576354980e+00 2.943346656897674607e-14 9.479854441071710529e-17
1.279971718788146973e+00 2.985205331085087621e-14 9.228060000866078862e-17
1.284289240837097168e+00 2.906383833145391449e-14 8.824127855421734176e-17
1.288607120513916016e+00 2.921450177584793140e-14 8.548113566880549859e-17
1.292925119400024414e+00 2.954173432029479074e-14 8.221371930966183588e-17
1.297243237495422363e+00 2.951596418990752591e-14 8.376138747063835151e-17
1.301561236381530762e+00 2.913910906727872063e-14 8.074962947777767817e-17
1.305878877639770508e+00 2.936680846415962165e-14 8.257294068863646431e-17
1.310196280479431152e+00 2.875666013906624796e-14 8.097961877529192198e-17
1.314512968063354492e+00 2.903164091506288402e-14 8.093817371788056508e-17
1.318828940391540527e+00 2.894265502175613625e-14 7.822890574886318333e-17
1.323144078254699707e+00 2.898654488095106507e-14 7.700802025195941660e-17
1.327458262443542480e+00 2.799265166723591963e-14 7.417703761888853214e-17
1.331771135330200195e+00 2.644658953366695736e-14 7.217196504894979390e-17
1.336082816123962402e+00 2.447722776690534202e-14 6.926293627072330618e-17
1.340393066406250000e+00 2.306160023688406946e-14 6.824283066954331075e-17
1.344701647758483887e+00 2.191285245975189283e-14 7.008512732982141399e-17
1.349008560180664062e+00 2.098815336749795118e-14 7.818356963385037699e-17
1.353313684463500977e+00 1.951815648665831959e-14 9.115140582829729990e-17
1.357616782188415527e+00 1.777744618181031910e-14 1.150050646153951751e-16
1.361917734146118164e+00 1.599049296023991734e-14 1.437173242402784183e-16
1.366216421127319336e+00 1.518683318208272071e-14 1.696654506604748625e-16
1.370512843132019043e+00 1.634193370631930459e-14 1.601002252244872691e-16
1.374806642532348633e+00 1.697825026728515263e-14 1.410560393642340126e-16
1.379097938537597656e+00 1.694662713923236058e-14 1.375956980164633821e-16
1.383386492729187012e+00 1.716524634291869550e-14 1.355648306463027902e-16
1.387672185897827148e+00 1.693096380597173406e-14 1.299831746914725697e-16
1.391954898834228516e+00 1.788316775208891735e-14 1.265243421211392359e-16
1.396234512329101562e+00 1.744809436092942950e-14 1.231669152764600030e-16
1.400510907173156738e+00 1.668384871987386997e-14 1.262868684934426123e-16
1.404783964157104492e+00 1.708103771543446198e-14 1.265240244837840156e-16
1.409053683280944824e+00 1.686888814939925541e-14 1.209060652262300677e-16
1.413319826126098633e+00 1.699161983532461451e-14 1.125309475509143680e-16
1.417582392692565918e+00 1.739964407634648352e-14 1.036332833390366697e-16
1.421841263771057129e+00 1.741908856468365324e-14 9.130428204038690027e-17
1.426096200942993164e+00 1.762522758492514330e-14 8.457641845435420031e-17
1.430347323417663574e+00 1.743673226097496032e-14 8.001071234530650876e-17
1.434594392776489258e+00 1.768052867198548206e-14 8.197215610101675010e-17
1.438837289810180664e+00 1.747253126145771607e-14 7.756393856315425459e-17
1.443075895309448242e+00 1.817040509483232313e-14 7.993581610392350742e-17
1.447310328483581543e+00 1.835906304910837894e-14 8.156023339085514317e-17
1.451540350914001465e+00 1.876151720146910368e-14 7.960471224833078150e-17
1.455765843391418457e+00 1.857797363212856934e-14 8.057868102366501925e-17
1.459986805915832520e+00 1.900165443014748684e-14 7.993780795483853511e-17
1.464203119277954102e+00 1.856099400966790963e-14 7.591790208373293291e-17
1.468414783477783203e+00 1.818475891515649451e-14 7.644451173146379203e-17
1.472621560096740723e+00 1.785540031801202687e-14 7.477480465163365291e-17
1.476823449134826660e+00 1.813377430799536366e-14 7.752220233816727903e-17
1.481020331382751465e+00 1.821924332050511158e-14 7.686857745301767741e-17
1.485212206840515137e+00 1.824237579029462653e-14 7.917611357702010553e-17
1.489399075508117676e+00 1.861196337023598990e-14 7.364139515886859396e-17
1.493580698966979980e+00 1.906692001279932519e-14 6.881426688902964354e-17
1.497757077217102051e+00 1.923120205291929674e-14 6.578722259844899025e-17
1.501928091049194336e+00 1.953154130129083205e-14 7.602601128107116342e-17
1.506093859672546387e+00 1.928864613333618888e-14 7.807719420707605763e-17
1.510254025459289551e+00 1.973569826443574704e-14 7.872315609103096800e-17
1.514408826828002930e+00 1.931592737050135539e-14 7.073633023013746034e-17
1.518558025360107422e+00 1.989111186959796607e-14 6.686497276215658107e-17
1.522701740264892578e+00 1.979421977076154665e-14 6.941903517847941314e-17
1.526839613914489746e+00 2.019556600402726276e-14 7.467498049531075353e-17
1.530971884727478027e+00 2.014939932027011438e-14 7.673462051589838989e-17
1.535098314285278320e+00 2.053420638820774302e-14 7.534506296592771019e-17
1.539219021797180176e+00 2.016222509315743899e-14 7.438678415245237826e-17
1.543333768844604492e+00 2.061205549232399126e-14 7.081004856632818617e-17
1.547442674636840820e+00 2.053979511159372690e-14 6.968123819776892206e-17
1.551545500755310059e+00 2.079522975529952272e-14 7.060502688842324294e-17
1.555642485618591309e+00 2.052420123503477523e-14 6.819998271381306392e-17
1.559733271598815918e+00 2.071742130876474269e-14 7.239942648251207567e-17
1.563818097114562988e+00 2.050292546146564171e-14 7.045876812123406680e-17
1.567896842956542969e+00 2.067181197268688764e-14 7.520146441158850458e-17
1.571969389915466309e+00 2.035616514489257262e-14 6.574120488661144021e-17
1.576035737991333008e+00 2.077826876756370261e-14 6.967213921103083876e-17
1.580095767974853516e+00 2.048688435151053977e-14 7.512744829037725967e-17
1.584149718284606934e+00 2.070849188743478786e-14 8.011577090054564369e-17
1.588197350502014160e+00 2.001801603982149985e-14 7.713054886173567148e-17
1.592238545417785645e+00 2.052684058969841963e-14 7.041349818067026470e-17
1.596273541450500488e+00 2.054613938836866160e-14 6.273480702412011049e-17
1.600302100181579590e+00 2.079926163212845319e-14 6.977768745719260509e-17
1.604324340820312500e+00 2.047232385514723835e-14 7.296049978328434413e-17
1.608340144157409668e+00 2.047645059966626130e-14 7.804473563983947682e-17
1.612349629402160645e+00 2.009570420767776977e-14 7.490528743018021770e-17
1.616352558135986328e+00 2.059159287038422187e-14 7.446800005371528473e-17
1.620349049568176270e+00 2.042909468165116788e-14 7.400301205289717596e-17
1.624339103698730469e+00 2.041689910127660046e-14 6.893707343149171624e-17
1.628322601318359375e+00 2.003766042793422159e-14 6.783281378351302599e-17
1.632299661636352539e+00 2.018818326485899428e-14 6.775327209580992685e-17
1.636270165443420410e+00 2.032356454081864910e-14 6.552507251871868472e-17
1.640234112739562988e+00 2.073641348150807862e-14 6.988572386263693093e-17
1.644191503524780273e+00 2.059313616441411920e-14 7.022593332241264057e-17
1.648142457008361816e+00 2.110084771299834683e-14 7.169869200711635401e-17
1.652086734771728516e+00 2.080838587103627652e-14 6.826805636950372788e-17
1.656024575233459473e+00 2.102484175257532395e-14 6.446298584709039803e-17
1.659955859184265137e+00 2.067663159015676461e-14 5.879540237022816895e-17
1.663880467414855957e+00 2.071510721475284394e-14 6.457540961850370513e-17
1.667798638343811035e+00 2.036099492675781664e-14 7.338907860226031882e-17
1.671710133552551270e+00 2.059950754624336605e-14 7.629479865803659444e-17
1.675615072250366211e+00 2.033505877791288996e-14 7.329640128642987760e-17
1.679513454437255859e+00 2.075488388195590589e-14 6.402395146517175306e-17
1.683405280113220215e+00 2.059789479551179386e-14 5.939483038164329620e-17
1.687290668487548828e+00 2.075068937480110259e-14 6.648793722151001063e-17
1.691169381141662598e+00 2.042235568752281266e-14 6.926806479052113495e-17
1.695041537284851074e+00 2.033994954615033629e-14 7.229772958928235623e-17
1.698907136917114258e+00 2.000719604095327342e-14 7.470499060793417737e-17
1.702766299247741699e+00 2.010131156578859324e-14 6.967577218828117165e-17
1.706618905067443848e+00 1.987943636745301279e-14 6.962669721689962563e-17
1.710464954376220703e+00 1.962709678213648418e-14 6.786843548941200958e-17
1.714304447174072266e+00 1.935861274884528860e-14 6.468768780612920290e-17
1.718137502670288086e+00 1.926168168649329548e-14 6.494729016957284510e-17
1.721964120864868164e+00 1.868069331764209834e-14 6.143775473641246098e-17
1.725784301757812500e+00 1.870534536453898750e-14 6.235482010304795085e-17
1.729597926139831543e+00 1.840314094961759822e-14 6.220042187863125292e-17
1.733405113220214844e+00 1.840715249765579459e-14 6.324693770240884141e-17
1.737205982208251953e+00 1.792447585486061506e-14 6.360140113850006483e-17
1.741000294685363770e+00 1.785902053682859175e-14 6.660711078672175043e-17
1.744788289070129395e+00 1.745277845312774578e-14 6.463519823317903797e-17
1.748569965362548828e+00 1.741000667742319263e-14 6.331170263564929327e-17
1.752345204353332520e+00 1.685562361344525306e-14 5.625282783825247333e-17
1.756114125251770020e+00 1.678641255132510418e-14 5.326247727964467235e-17
1.759876728057861328e+00 1.635984675908783853e-14 5.776538383658733804e-17
1.763633131980895996e+00 1.620060625906992458e-14 6.825552292886232441e-17
1.767383098602294922e+00 1.590582015870058846e-14 7.025739265546925732e-17
1.771126866340637207e+00 1.579628016389576783e-14 6.945563626622365950e-17
1.774864435195922852e+00 1.536833370795447767e-14 5.745160445174392273e-17
1.778595805168151855e+00 1.504794010752374955e-14 5.296671388854266198e-17
1.782320976257324219e+00 1.470650959681501363e-14 5.622913738550895462e-17
1.786039948463439941e+00 1.474830728463022433e-14 6.321132923139965868e-17
1.789752840995788574e+00 1.416346660993491463e-14 6.374210125197288463e-17
1.793459653854370117e+00 1.425820216288762460e-14 6.585948509676162275e-17
1.797160267829895020e+00 1.374574299463403662e-14 6.832187604887887808e-17
1.800854921340942383e+00 1.333827186612672466e-14 7.903310397527703768e-17
1.804543375968933105e+00 1.307180461828294157e-14 7.872273257455734085e-17
1.808225989341735840e+00 1.272538847164666684e-14 7.941602242444008525e-17
1.811902523040771484e+00 1.279047363628074002e-14 7.853828453284781652e-17
1.815573096275329590e+00 1.252163046101990862e-14 8.104885048384016018e-17
1.819237828254699707e+00 1.207267758798671181e-14 8.067978234685370051e-17
1.822896480560302734e+00 1.219399981108783976e-14 8.123425805506024602e-17
1.826549410820007324e+00 1.153100086525053400e-14 9.001108110561129765e-17
1.830196380615234375e+00 1.184807409652802526e-14 1.069432035467757572e-16
1.833837628364562988e+00 1.017072016206875193e-14 1.300911184526882896e-16
1.837473034858703613e+00 9.411194188595293358e-15 1.414303220478020065e-16
1.841102600097656250e+00 8.878179224777738021e-15 1.472936693971534853e-16
1.844726562500000000e+00 9.045726576909374900e-15 1.430073782815813061e-16
1.848344683647155762e+00 1.002086563413936288e-14 1.417169103515495787e-16
1.851957201957702637e+00 9.342840323817765830e-15 1.365856774013116332e-16
1.855563998222351074e+00 8.954681546507851919e-15 1.334027525786565869e-16
1.859165191650390625e+00 9.060820704029446532e-15 1.195502698801413524e-16
1.862760782241821289e+00 9.101813710544765651e-15 1.081505894560826585e-16
1.866350769996643066e+00 9.489926748075527829e-15 1.149649496644088035e-16
1.869935274124145508e+00 9.046100965472061300e-15 1.495236292145882403e-16
1.873514294624328613e+00 7.042786730052704586e-15 1.817901582001587354e-16
1.877087712287902832e+00 8.359882305451673407e-15 1.547612309741556048e-16
1.880655765533447266e+00 9.358630712020480497e-15 1.079976669218787552e-16
1.884218335151672363e+00 1.006792847875470631e-14 8.636714536652329759e-17
1.887775540351867676e+00 9.993882552571629885e-15 8.067284726459805592e-17
1.891327261924743652e+00 1.000135507723230732e-14 8.060520374282591953e-17
1.894873738288879395e+00 9.930247508343256063e-15 8.506388591549905016e-17
1.898414850234985352e+00 9.973740109085922623e-15 9.638667162981481460e-17
1.901950716972351074e+00 9.172231794614751910e-15 1.094395949307913922e-16
1.905481219291687012e+00 9.205299960875559795e-15 1.156461759122380745e-16
1.909006595611572266e+00 9.497097729006982736e-15 1.107827774268998989e-16
1.912526726722717285e+00 1.013933759137298010e-14 1.028957691048843902e-16
1.916041612625122070e+00 1.009938050615215299e-14 9.413126773673792850e-17
1.919551372528076172e+00 1.064294526532776064e-14 9.665373185366123491e-17
1.923055887222290039e+00 1.085470943137196650e-14 9.673384925907067096e-17
1.926555395126342773e+00 1.032127179811373127e-14 9.004148164748384652e-17
1.930049777030944824e+00 1.032343427322807150e-14 8.528282408002958552e-17
1.933539152145385742e+00 9.946114129511223617e-15 7.355301918222342849e-17
1.937023401260375977e+00 1.036227073385968117e-14 6.837075249691341138e-17
1.940502762794494629e+00 1.025646700138519926e-14 6.279246482153750674e-17
1.943976998329162598e+00 9.867361241240255043e-15 5.758433716155663177e-17
1.947446346282958984e+00 9.743970563681932096e-15 5.778959706747799027e-17
1.950910687446594238e+00 9.610283353616785873e-15 6.190828815605712524e-17
1.954370141029357910e+00 9.562413286602709089e-15 6.713855116922991923e-17
1.957824587821960449e+00 9.924354700129207896e-15 7.114334279618295251e-17
1.961274266242980957e+00 1.032845717860528950e-14 7.073187668971947484e-17
1.964719057083129883e+00 1.067756434891499115e-14 8.160788561158309798e-17
1.968158960342407227e+00 1.084350233844684486e-14 6.949475860047496750e-17
1.971594095230102539e+00 1.066232114399620276e-14 6.300988097374094453e-17
1.975024342536926270e+00 1.004949111259182196e-14 5.909161905630585837e-17
1.978449940681457520e+00 9.887404581871133552e-15 5.437279850715215118e-17
1.981870651245117188e+00 9.613065009815568995e-15 4.966738821008915368e-17
1.985286593437194824e+00 9.959555695351202109e-15 4.506598098580367345e-17
1.988697886466979980e+00 1.019299543451564552e-14 4.421642348331986127e-17
1.992104411125183105e+00 1.026033455382236240e-14 4.492889068852403507e-17
1.995506286621093750e+00 1.052721176561261657e-14 5.191948668943827789e-17
1.998903393745422363e+00 1.041222280785810902e-14 7.035626389972649561e-17
2.002295970916748047e+00 9.826723988562782730e-15 8.688651552953309261e-17
2.005683660507202148e+00 9.426444169777659782e-15 9.670870958589395934e-17
2.009066820144653320e+00 9.409428124900268142e-15 8.853724377738881506e-17
2.012445449829101562e+00 9.739184827529945299e-15 7.008453837722527623e-17
2.015819311141967773e+00 9.440980949218438084e-15 6.599047080112061979e-17
2.019188642501831055e+00 9.917222682713326687e-15 6.202070531002553191e-17
2.022553443908691406e+00 1.000453738001514173e-14 6.031701103318681399e-17
2.025913476943969727e+00 1.033453464000183911e-14 5.915039520191142631e-17
2.029268980026245117e+00 1.022911461345246339e-14 5.607843831279159382e-17
2.032619953155517578e+00 1.032104055811913085e-14 6.004126872163103711e-17
2.035966396331787109e+00 1.052070485851180903e-14 5.192410235725632378e-17
2.039308309555053711e+00 1.038225224108541012e-14 5.575487834438535152e-17
2.042645454406738281e+00 1.034694790784385088e-14 5.369720701365559136e-17
2.045978307723999023e+00 1.035569437005719878e-14 5.461925862502355089e-17
2.049306392669677734e+00 1.019609811620143802e-14 5.092865004705285879e-17
2.052630186080932617e+00 1.016188137326415331e-14 5.882860209129359727e-17
2.055949449539184570e+00 1.004945045501035375e-14 6.217646011064681681e-17
2.059263944625854492e+00 1.029570919079854374e-14 6.038799636463366462e-17
2.062574148178100586e+00 1.033338775739125678e-14 5.432309818722751507e-17
2.065879583358764648e+00 1.028808843537209680e-14 4.795332108836902079e-17
2.069180727005004883e+00 1.028710164198854554e-14 5.192815554225783362e-17
2.072477340698242188e+00 1.033871305353064457e-14 5.272484958615460690e-17
2.075769424438476562e+00 1.028989515664859022e-14 5.039014223339103693e-17
2.079056978225708008e+00 1.035208770376778997e-14 4.719925993324323055e-17
2.082340002059936523e+00 1.036883778029974376e-14 4.386393535453141448e-17
2.085618495941162109e+00 1.048615099646151710e-14 4.553439682308020196e-17
2.088892459869384766e+00 1.052766323417350311e-14 4.662953763198610763e-17
2.092161893844604492e+00 1.060000069490196761e-14 4.588643496561541990e-17
2.095426797866821289e+00 1.058208001883690838e-14 4.342772331286280044e-17
2.098687171936035156e+00 1.059996173138639391e-14 4.184759327592725380e-17
2.101943016052246094e+00 1.059049020897019633e-14 4.244315669952053330e-17
2.105194330215454102e+00 1.079503341913905928e-14 4.732549431216372300e-17
2.108441114425659180e+00 1.073519731767912100e-14 4.722627234332676222e-17
2.111683368682861328e+00 1.072618658118622975e-14 4.789438943280829289e-17
2.114921092987060547e+00 1.069118209760799854e-14 4.783219868563410606e-17
2.118154048919677734e+00 1.073424186451461815e-14 4.704469627270402201e-17
2.121382713317871094e+00 1.072254772764482528e-14 4.766864191747522100e-17
2.124606609344482422e+00 1.079707138041015313e-14 4.719490234577630120e-17
2.127825975418090820e+00 1.076742861538804164e-14 4.615254889484107954e-17
2.131040573120117188e+00 1.081760261201865012e-14 4.560416123594292432e-17
2.134250879287719727e+00 1.090831306440600765e-14 4.353418476642082532e-17
2.137456178665161133e+00 1.094271022536105753e-14 4.302041627051923940e-17
2.140657186508178711e+00 1.088373132124374060e-14 4.126726982793965128e-17
2.143853425979614258e+00 1.095035808584181661e-14 4.143639848470469353e-17
2.147044897079467773e+00 1.086399714763860991e-14 4.582724853842602567e-17
2.150231838226318359e+00 1.088348822278787861e-14 5.184453089105117273e-17
2.153414011001586914e+00 1.076042111181540681e-14 5.342751966418370264e-17
2.156591415405273438e+00 1.071250276392333653e-14 5.230385766775696858e-17
2.159764289855957031e+00 1.076034064368541765e-14 4.624771767867653048e-17
2.162932395935058594e+00 1.079591518043715101e-14 4.343112137081916828e-17
2.166095733642578125e+00 1.082231719740306755e-14 4.277807551209835378e-17
2.169254302978515625e+00 1.078971913442798580e-14 4.719414795705765284e-17
2.172408103942871094e+00 1.071406045751333719e-14 4.681428014999370084e-17
2.175557136535644531e+00 1.078385004313646076e-14 4.850121574762209441e-17
2.178701400756835938e+00 1.071287715248602293e-14 5.155999399522273206e-17
2.181840896606445312e+00 1.076162643969934968e-14 5.264890447975488833e-17
2.184975385665893555e+00 1.077357892161805511e-14 5.328794451634395496e-17
2.188105106353759766e+00 1.084805937570307299e-14 5.114834590902449273e-17
2.191230058670043945e+00 1.074197442829010266e-14 5.019709482203341133e-17
2.194350004196166992e+00 1.084910715545882656e-14 5.389764941968944103e-17
2.197465181350708008e+00 1.074930295734974686e-14 5.413883212525275241e-17
2.200575351715087891e+00 1.074479843613624849e-14 5.484506569736072659e-17
2.203680753707885742e+00 1.051630621641671745e-14 5.195614071674172765e-17
2.206781148910522461e+00 1.023500826869945882e-14 4.680085997173564051e-17
2.209876537322998047e+00 1.010791859826047634e-14 4.850945115780067236e-17
2.212966918945312500e+00 1.033887144869178112e-14 4.939521931877960588e-17
2.216052293777465820e+00 1.065870770144321591e-14 4.848167443283114169e-17
2.219132900238037109e+00 1.080600757800368600e-14 4.672078557971805722e-17
2.222208261489868164e+00 1.083819482999934941e-14 4.428956941052670040e-17
2.225278854370117188e+00 1.081989214207507849e-14 4.525939235663082238e-17
2.228344202041625977e+00 1.061396318600450750e-14 4.758953698113554986e-17
2.231404542922973633e+00 1.072219282083992573e-14 4.942091816605040334e-17
2.234459638595581055e+00 1.068366468020111662e-14 4.841833555896673125e-17
2.237509965896606445e+00 1.079396700465846612e-14 4.737754051630555950e-17
2.240555047988891602e+00 1.062406405390051503e-14 4.471254987111691621e-17
2.243594884872436523e+00 1.079796330610361191e-14 4.817666647120323869e-17
2.246629714965820312e+00 1.069384008699648253e-14 4.558488792767043877e-17
2.249659538269042969e+00 1.072107134921776103e-14 4.697264884135065330e-17
2.252684116363525391e+00 1.060550386796027880e-14 4.685540095260493695e-17
2.255703449249267578e+00 1.054506467904189546e-14 4.678432628565193060e-17
2.258717775344848633e+00 1.053317911272602311e-14 4.576925325131870779e-17
2.261726856231689453e+00 1.044381036052711639e-14 4.554989157031454528e-17
2.264730930328369141e+00 1.035242821101258620e-14 4.562866894313164542e-17
2.267729520797729492e+00 1.024983727450703985e-14 4.600639269804785998e-17
2.270723104476928711e+00 1.025365400496736773e-14 4.658254384702574503e-17
2.273711442947387695e+00 1.037338126502881583e-14 4.726041174156805078e-17
2.276694774627685547e+00 1.025477886472132144e-14 4.706383392335604886e-17
2.279672622680664062e+00 1.034182420554590962e-14 4.678153703262640179e-17
2.282645463943481445e+00 1.030660288153318130e-14 4.595211641497458051e-17
2.285613059997558594e+00 1.026555651194218516e-14 4.594084359758670785e-17
2.288575410842895508e+00 1.028569302619726164e-14 4.602319439065003708e-17
2.291532516479492188e+00 1.016483836528301807e-14 4.647055682697586593e-17
2.294484615325927734e+00 9.517314711392048376e-15 4.621646017768937667e-17
2.297431468963623047e+00 9.026670029662047651e-15 4.664732863260089815e-17
2.300373077392578125e+00 8.769545555226479494e-15 4.644784575607761000e-17
2.303309679031372070e+00 9.004686136549009540e-15 4.678181496531221960e-17
2.306240797042846680e+00 9.089079417215744500e-15 4.615371025642110399e-17
2.309167146682739258e+00 9.261029646607209231e-15 4.567443188334052912e-17
2.312088012695312500e+00 9.209173442543353710e-15 4.521245151122966317e-17
2.315004110336303711e+00 9.190862284289610246e-15 4.616796754145906798e-17
2.317914962768554688e+00 9.028605499946523727e-15 4.735362176171297615e-17
2.320820569992065430e+00 8.712379301616286764e-15 4.807784816650520379e-17
2.323721408843994141e+00 8.427452664752990708e-15 4.743317337558342593e-17
2.326617002487182617e+00 8.206017923549982496e-15 4.623396001072854853e-17
2.329507589340209961e+00 8.151912847011166807e-15 4.542328992320207928e-17
2.332393169403076172e+00 8.332196186537719346e-15 4.567198342872737216e-17
2.335273981094360352e+00 8.341106126109887331e-15 4.592922667306401313e-17
2.338149785995483398e+00 8.177912523327137556e-15 4.779101832601876613e-17
2.341020584106445312e+00 8.220908762762713096e-15 5.049187552256770870e-17
2.343886613845825195e+00 8.245841177565143426e-15 5.539387025528760855e-17
2.346747875213623047e+00 8.336577887973865841e-15 5.440220643228963642e-17
2.349604368209838867e+00 8.280865142901161491e-15 5.335710343299828850e-17
2.352456331253051758e+00 7.932058669287735120e-15 5.184790578795038908e-17
2.355303287506103516e+00 7.634578157113183078e-15 5.152139113039610736e-17
2.358145952224731445e+00 7.390958775988637486e-15 4.940326613177852173e-17
2.360983848571777344e+00 7.647958736580959260e-15 4.874571379308051833e-17
2.363817214965820312e+00 7.824131425214486679e-15 4.837610964305712430e-17
2.366646289825439453e+00 7.866198469506924251e-15 5.044168220299799098e-17
2.369470834732055664e+00 7.793395987690417137e-15 5.386271923678255177e-17
2.372291088104248047e+00 7.762795228404961029e-15 5.610371033486631393e-17
2.375107288360595703e+00 7.673926225644934346e-15 5.589166093047712018e-17
2.377919197082519531e+00 7.939683659878918331e-15 5.475479051402913936e-17
2.380727052688598633e+00 7.675295030887697295e-15 5.370840373042710914e-17
2.383530855178833008e+00 7.443444325532302952e-15 5.474808042490010920e-17
2.386330842971801758e+00 7.190278883092201395e-15 5.491364227886382280e-17
2.389126777648925781e+00 7.155866475544100935e-15 5.536852875004143399e-17
2.391919136047363281e+00 7.282168405342136913e-15 5.436333225222209433e-17
2.394707918167114258e+00 7.371985237970141158e-15 5.432673778192274839e-17
2.397493124008178711e+00 7.335633124972828351e-15 5.321130126950724163e-17
2.400274991989135742e+00 7.250198840813917855e-15 5.319699104491007425e-17
2.403053522109985352e+00 7.160099946214477928e-15 5.437307313111551879e-17
2.405828714370727539e+00 7.086336082002837183e-15 5.618626957744400651e-17
2.408601045608520508e+00 6.982757928597265948e-15 6.385350593687152639e-17
2.411370277404785156e+00 6.885119593734315493e-15 5.987594509568373879e-17
2.414136648178100586e+00 6.741166767864920778e-15 6.270954161949029082e-17
2.416900396347045898e+00 6.511627615422583421e-15 6.687169608617541208e-17
2.419661760330200195e+00 6.252715901468308690e-15 6.821398522722236157e-17
2.422420501708984375e+00 6.243435384981716949e-15 7.426333571783496441e-17
2.425177097320556641e+00 6.469279779708131048e-15 6.816150888916199749e-17
2.427931785583496094e+00 6.538106288870226476e-15 5.936349016259488708e-17
2.430684328079223633e+00 6.576382013690753800e-15 5.956103412776235094e-17
2.433435201644897461e+00 6.323707003327112483e-15 6.765363322794423935e-17
2.436184406280517578e+00 6.129266778636625196e-15 7.070975457141735667e-17
2.438932418823242188e+00 6.197865012419435590e-15 6.781675324473969641e-17
2.441679000854492188e+00 6.314767841118264224e-15 6.241448298627017563e-17
2.444424629211425781e+00 6.202298806381838225e-15 6.769965093978178939e-17
2.447169542312622070e+00 5.857567831794125920e-15 7.763089387065674686e-17
2.449913740158081055e+00 5.591135312301180257e-15 8.470228225636026900e-17
2.452657461166381836e+00 5.702573931457271400e-15 7.968661636386333209e-17
2.455401182174682617e+00 5.798707512289424590e-15 7.040944830439120508e-17
2.458144903182983398e+00 5.900563224196754206e-15 6.429651740317532632e-17
2.460888624191284180e+00 5.802613604725687796e-15 6.573071623644426782e-17
2.463633298873901367e+00 5.559714625122781986e-15 6.793454376396724755e-17
2.466378450393676758e+00 5.488891235787534545e-15 7.175080438570719476e-17
2.469124555587768555e+00 5.368282214427994720e-15 8.315823383774428542e-17
2.471872091293334961e+00 5.319154727003718927e-15 8.558052307376496997e-17
2.474621057510375977e+00 5.199322434856811295e-15 8.683994195232390694e-17
2.477371931076049805e+00 5.262463235360462233e-15 8.695689867349400463e-17
2.480124950408935547e+00 5.297272477844351332e-15 9.128499880594706409e-17
2.482880115509033203e+00 4.968535179366694726e-15 1.064466040116683219e-16
2.485638141632080078e+00 4.793752471799611614e-15 1.197964653002167351e-16
2.488399267196655273e+00 5.000964682785272869e-15 1.260729794393711006e-16
2.491163730621337891e+00 4.561237692613569900e-15 1.320356149320085445e-16
2.493931531906127930e+00 4.690571576846302645e-15 1.330110924847800790e-16
2.496703624725341797e+00 4.670478261271536133e-15 1.209424611731824009e-16
2.499480009078979492e+00 4.974584265159511312e-15 1.110630394533226655e-16
2.502260923385620117e+00 4.870366601878763080e-15 1.129688635846448413e-16
2.505047082901000977e+00 4.840232134230770464e-15 1.264932268952174413e-16
2.507838487625122070e+00 4.599403303150954164e-15 1.402569828925077878e-16
2.510635614395141602e+00 4.516346216958512863e-15 1.547217115932102713e-16
2.513439178466796875e+00 4.613545788754785590e-15 1.826667049516689277e-16
2.516249179840087891e+00 4.142742006781269595e-15 2.814457549665545094e-16
2.519066095352172852e+00 4.144589809155704851e-15 2.367636287983672936e-16
2.521890640258789062e+00 4.565600335808403173e-15 2.400118942719691286e-16
2.524722814559936523e+00 4.165902005141570302e-15 2.216471214796424268e-16
2.527563571929931641e+00 4.098994872637953119e-15 2.746506978450029019e-16
2.530412912368774414e+00 4.459490400923488834e-15 3.860482094333726093e-16
