# 2MASSI J2104149-103736 flux calibrated spectrum (erg/s/cm2/A) as a function of wavelength (um)
5.400000214576721191e-01 1.713539843710467085e-16 8.567698556807845384e-18
5.405600070953369141e-01 4.542535456601101164e-17 2.271267976454734348e-18
5.408400297164916992e-01 5.071482716743035135e-16 2.535741192935395057e-17
5.411199927330017090e-01 5.392346738096844613e-17 2.696173079535207913e-18
5.414000153541564941e-01 1.892099021203103894e-16 9.460495271451641980e-18
5.416799783706665039e-01 3.717015888892528973e-16 1.858508076795162495e-17
5.419600009918212891e-01 4.047900574710152841e-16 2.023950485878423433e-17
5.425199866294860840e-01 3.130616302997356933e-16 1.565308118411453965e-17
5.430799722671508789e-01 2.593679206057099762e-16 1.296839619572162132e-17
5.433599948883056641e-01 1.311482685104208598e-16 6.557413508239104245e-18
5.436400175094604492e-01 8.780520547889163663e-18 4.390260067149428693e-19
5.439199805259704590e-01 3.576772312943389445e-17 1.788386197830725350e-18
5.444800257682800293e-01 1.102826772634401392e-16 5.514134442198435749e-18
5.447599887847900391e-01 6.228272965830272938e-16 3.114136482915136469e-17
5.450400114059448242e-01 1.622553946796574296e-16 8.112769899418993989e-18
5.472800135612487793e-01 2.697553238659058765e-16 1.348776553155080378e-17
5.481200218200683594e-01 2.609681776013101631e-16 1.304840689483203803e-17
5.486800074577331543e-01 2.069543026881121212e-16 1.034771596158621862e-17
5.489599704742431641e-01 1.969628608609780046e-16 9.848143539357267763e-18
5.492399930953979492e-01 1.735894234328590148e-16 8.679471337079073249e-18
5.495200157165527344e-01 7.562761462828602359e-17 3.781380896850423690e-18
5.500800013542175293e-01 3.166720354455132439e-17 1.583360177227566219e-18
5.506399869918823242e-01 2.995100295859529473e-16 1.497550280278662745e-17
5.514799952507019043e-01 6.203177629534394164e-17 3.101588359817860178e-18
5.520399808883666992e-01 2.030504601831150595e-16 1.015252284371963046e-17
5.523200035095214844e-01 4.211262525291169408e-17 2.105631055850431566e-18
5.528799891471862793e-01 1.821953311165219096e-16 9.109767383006708033e-18
5.537199974060058594e-01 1.050717239544867831e-16 5.253586611314645433e-18
5.540000200271606445e-01 4.937264721422425886e-17 2.468632443429274198e-18
5.548400282859802246e-01 7.179054875977914263e-17 3.589527520707018387e-18
5.551199913024902344e-01 7.869735136464176375e-18 3.934867413135723334e-19
5.556799769401550293e-01 3.484188766307187235e-16 1.742094316979144613e-17
5.559599995613098145e-01 8.147939468395156088e-17 4.073969982351761810e-18
5.568000078201293945e-01 7.101499745233922473e-17 3.550749707180838726e-18
5.570799708366394043e-01 2.862859923947412002e-16 1.431429928886481499e-17
5.573599934577941895e-01 9.999591210528989047e-17 4.999796018854800800e-18
5.576400160789489746e-01 4.048061775667927175e-16 2.024031053270086098e-17
5.579199790954589844e-01 5.902695735520585314e-16 2.951348330981435686e-17
5.582000017166137695e-01 3.730656031019079395e-16 1.865328015509539698e-17
5.584800243377685547e-01 3.683613276966453648e-17 1.841806762560318707e-18
5.590400099754333496e-01 1.571651501831327117e-16 7.858258005465003116e-18
5.593199729919433594e-01 1.526054659489444062e-16 7.630272966574975287e-18
5.595999956130981445e-01 1.856423085343161333e-17 9.282115219920653529e-19
5.598800182342529297e-01 5.850208412501686534e-17 2.925104206250843267e-18
5.601599812507629395e-01 8.863401067416771845e-17 4.431700781862569688e-18
5.604400038719177246e-01 3.074817213503591848e-16 1.537408639839020426e-17
5.607200264930725098e-01 1.978146318987810087e-16 9.890733414736398052e-18
5.612800121307373047e-01 2.831174208100751741e-17 1.415587166088921812e-18
5.615599751472473145e-01 1.612823854338337533e-17 8.064119168294111097e-19
5.621200203895568848e-01 2.629163533799950539e-16 1.314581816530812022e-17
5.623999834060668945e-01 5.426514260478959974e-17 2.713256633931112455e-18
5.626800060272216797e-01 5.633025856103233715e-17 2.816512969410647485e-18
5.632399916648864746e-01 7.199968648841214972e-18 3.599984376119395771e-19
5.637999773025512695e-01 2.208319713819183704e-16 1.104159889996816354e-17
5.646399855613708496e-01 7.869682196904972981e-18 3.934840529765815360e-19
5.649200081825256348e-01 5.941316070401747129e-17 2.970658283355057330e-18
5.651999711990356445e-01 1.138807210221436973e-16 5.694036299261368632e-18
5.660399794578552246e-01 9.537350276525168887e-18 4.768675551852890720e-19
5.663200020790100098e-01 1.421759525781246563e-17 7.108797422111079677e-19
5.671600103378295898e-01 1.599009474887558941e-16 7.995048036182284749e-18
5.674399733543395996e-01 7.289183717499754240e-17 3.644592106904060886e-18
5.677199959754943848e-01 5.165985123877013356e-17 2.582993058246874210e-18
5.680000185966491699e-01 6.988400994440772105e-17 3.494200331784263542e-18
5.688400268554687500e-01 8.052466943838775676e-17 4.026233389201326583e-18
5.696799755096435547e-01 3.987471126670662919e-17 1.993735646053392715e-18
5.705199837684631348e-01 7.218384336254605538e-17 3.609192498999547790e-18
5.719199776649475098e-01 4.746785540430654927e-17 2.373392935651449974e-18
5.727599859237670898e-01 5.542624941318538426e-17 2.771312512018299841e-18
5.741599798202514648e-01 1.387597545509235307e-17 6.937987727546176536e-19
5.744400024414062500e-01 6.687418424545797158e-17 3.343709088195806696e-18
5.755599737167358398e-01 1.118356708132002713e-17 5.591783333864860425e-19
5.758399963378906250e-01 7.660763174825924908e-17 3.830382249157452497e-18
5.761200189590454102e-01 1.653169290930590939e-16 8.265846289216832184e-18
5.763999819755554199e-01 8.243970505301132304e-17 4.121984921778321131e-18
5.769600272178649902e-01 1.991066416934745350e-17 9.955331671083420472e-19
5.775200128555297852e-01 1.339570115655426436e-17 6.697850991867438454e-19
5.777999758720397949e-01 1.599676645682419711e-17 7.998383125014521988e-19
5.803200006484985352e-01 1.623377686337779103e-17 8.116889155471931498e-19
5.808799862861633301e-01 7.681240196325797619e-17 3.840620263599021320e-18
5.811600089073181152e-01 1.626626057690499345e-16 8.133129295835761659e-18
5.814399719238281250e-01 4.860570189387734266e-17 2.430285177411928388e-18
5.822799801826477051e-01 1.901223683627400844e-17 9.506117797751544806e-19
5.825600028038024902e-01 3.849011018296636722e-17 1.924505591866379616e-18
5.828400254249572754e-01 2.732814161462071220e-17 1.366407039372004982e-18
5.836799740791320801e-01 3.901831794364067879e-17 1.950916021259125822e-18
5.839599967002868652e-01 5.385554261778804171e-17 2.692777089530371458e-18
5.845199823379516602e-01 3.978676873270244150e-17 1.989338147121907681e-18
5.848000049591064453e-01 3.299855074045542243e-17 1.649927640420347691e-18
5.856400132179260254e-01 5.128190910817220500e-17 2.564095496767640878e-18
5.859199762344360352e-01 9.690919169659721155e-17 4.845459832984044343e-18
5.864800214767456055e-01 1.317779614060880772e-17 6.588897346521367877e-19
5.875999927520751953e-01 2.953572785084713288e-17 1.476786330503810703e-18
5.878800153732299805e-01 6.584852660800652024e-17 3.292426371759356640e-18
5.884400010108947754e-01 1.188258019386102593e-17 5.941289890135359826e-19
5.887200236320495605e-01 7.588426561130407659e-17 3.794213363283265085e-18
5.889999866485595703e-01 2.321073298686327944e-16 1.160536715517612976e-17
5.892800092697143555e-01 1.021063145457086810e-16 5.105315313695127775e-18
5.895599722862243652e-01 1.725817056885326135e-17 8.629085077631477536e-19
5.898399949073791504e-01 7.057447414531798431e-17 3.528723955420082982e-18
5.901200175285339355e-01 2.281196873501392105e-17 1.140598416071180739e-18
5.906800031661987305e-01 6.463220053063914580e-17 3.231609985172926662e-18
5.909600257873535156e-01 5.896853127243551764e-18 2.948426615320564167e-19
5.912399888038635254e-01 3.305569237717058558e-17 1.652784412063376141e-18
5.923600196838378906e-01 2.034347153561479927e-17 1.017173556101224650e-18
5.934799909591674805e-01 5.742443322298278088e-17 2.871221454353985906e-18
5.937600135803222656e-01 5.392836098147230984e-17 2.696418131791676747e-18
5.940399765968322754e-01 3.434212366581305422e-17 1.717106079893076142e-18
5.943199992179870605e-01 4.871933665770742739e-17 2.435967081039555135e-18
5.946000218391418457e-01 2.536545543363041621e-17 1.268272916438128007e-18
5.951600074768066406e-01 3.390638808017727073e-17 1.695319279931771653e-18
5.954399704933166504e-01 4.844539759988701611e-17 2.422270210866595827e-18
5.968400239944458008e-01 3.654659639421382531e-17 1.827329861069721893e-18
5.971199870109558105e-01 1.256243960844611435e-16 6.281219969659179687e-18
5.974000096321105957e-01 3.203817750566910624e-17 1.601908771885878743e-18
5.976799726486206055e-01 3.772565302190201053e-17 1.886282402940916761e-18
5.979599952697753906e-01 6.438400664220383495e-17 3.219200414828253003e-18
5.982400178909301758e-01 2.953743846035389255e-17 1.476871943697209941e-18
5.988000035285949707e-01 8.141150631671810879e-17 4.070576060298456737e-18
5.990800261497497559e-01 2.431913317011616513e-17 1.215956637826292942e-18
5.993599891662597656e-01 5.618597840986838785e-17 2.809298713698266254e-18
5.996400117874145508e-01 2.361520908627843900e-17 1.180760516352467891e-18
5.999199748039245605e-01 3.629300267073976829e-17 1.814650009459896532e-18
6.001999974250793457e-01 2.272473592197530386e-17 1.136236796098765193e-18
6.004800200462341309e-01 2.538360543063105474e-17 1.269180230172522110e-18
6.007599830627441406e-01 1.926552450292142083e-17 9.632761217484944726e-19
6.013200283050537109e-01 7.022840948757631806e-19 3.511420151261389124e-20
6.015999913215637207e-01 7.838141800148326036e-17 3.919070900074163018e-18
6.018800139427185059e-01 2.139207185453602140e-17 1.069603572047285756e-18
6.024399995803833008e-01 4.711458972574230264e-17 2.355729114055839483e-18
6.027200222015380859e-01 4.040480830790001187e-17 2.020240787626276242e-18
6.029999852180480957e-01 3.843829889811849578e-17 1.921915068983016672e-18
6.032800078392028809e-01 7.220672648701172234e-17 3.610336076196402351e-18
6.035599708557128906e-01 2.829242906806562932e-17 1.414621536121342721e-18
6.038399934768676758e-01 2.254215399972769917e-17 1.127107720665900272e-18
6.041200160980224609e-01 8.872492278657097151e-18 4.436246656316431421e-19
6.043999791145324707e-01 4.418356456066680480e-17 2.209178145315278985e-18
6.046800017356872559e-01 1.020847747625578002e-17 5.104238944923043148e-19
6.049600243568420410e-01 5.845343267010894646e-17 2.922671468069324812e-18
6.052399873733520508e-01 3.476596439424032518e-17 1.738298343789108142e-18
6.055200099945068359e-01 9.300175261029676921e-18 4.650087320322108753e-19
6.057999730110168457e-01 3.439863333654022686e-17 1.719931728865557284e-18
6.060799956321716309e-01 3.686923984650135886e-17 1.843461950966037315e-18
6.072000265121459961e-01 5.995705511782823847e-17 2.997852673173350668e-18
6.074799895286560059e-01 1.249589904930275617e-17 6.247949524651378084e-19
6.077600121498107910e-01 1.326233648075356481e-17 6.631168860762241819e-19
6.080399751663208008e-01 2.109764187858144651e-17 1.054882135288102953e-18
6.088799834251403809e-01 4.986236129791280273e-17 2.493118230331762647e-18
6.091600060462951660e-01 6.740461133171576292e-18 3.370231083573670992e-19
6.097199916839599609e-01 7.160064132602676833e-17 3.580031900865215906e-18
6.100000143051147461e-01 4.313141729127895529e-17 2.156570905922978392e-18
6.105599999427795410e-01 3.277502337788644287e-17 1.638751292971414026e-18
6.114000082015991211e-01 2.044380192647258111e-17 1.022190199721205624e-18
6.116799712181091309e-01 4.868223264415074878e-17 2.434111508130445556e-18
6.119599938392639160e-01 4.986461784662384739e-17 2.493230726895069859e-18
6.122400164604187012e-01 2.184984849477389287e-17 1.092492383379664016e-18
6.125199794769287109e-01 2.612442756005293378e-18 1.306221584797799827e-19
6.128000020980834961e-01 5.945639247155194273e-17 2.972820119885964668e-18
6.130800247192382812e-01 3.156103325856891818e-17 1.578051642248930595e-18
6.133599877357482910e-01 1.693924115751609089e-17 8.469619648179856324e-19
6.136400103569030762e-01 1.690067468863641853e-17 8.450337551113362403e-19
6.139199733734130859e-01 3.187621885045367363e-17 1.593810880484137740e-18
6.141999959945678711e-01 5.624886398875711922e-17 2.812443034001733451e-18
6.144800186157226562e-01 4.051516743650438661e-17 2.025758495902311213e-18
6.147599816322326660e-01 2.153014815110582299e-17 1.076507324837229894e-18
6.150400042533874512e-01 2.386142601304974811e-17 1.193071445409094602e-18
6.153200268745422363e-01 5.815217018229468357e-18 2.907608612512310748e-19
6.158800125122070312e-01 1.857164570044253868e-17 9.285823057016422476e-19
6.161599755287170410e-01 2.411409494859897084e-17 1.205704664711887287e-18
6.164399981498718262e-01 5.361018099577011242e-17 2.680509587455903781e-18
6.167200207710266113e-01 4.898082830167014071e-17 2.449041497801568291e-18
6.169999837875366211e-01 2.854528825515573924e-17 1.427264474796332904e-18
6.172800064086914062e-01 5.548784624467975802e-18 2.774392208836411332e-19
6.175599694252014160e-01 3.484113856830914433e-17 1.742056845697395961e-18
6.178399920463562012e-01 1.990387301651839314e-17 9.951936094668890293e-19
6.181200146675109863e-01 1.553364953855168330e-17 7.766825803251607340e-19
6.186800003051757812e-01 1.600301167044897247e-17 8.001505731826909667e-19
6.189600229263305664e-01 5.366197573700573281e-17 2.683099076363501034e-18
6.192399859428405762e-01 1.452049060015590820e-17 7.260244369499764977e-19
6.197999715805053711e-01 2.952295949091176435e-17 1.476148057263649473e-18
6.200799942016601562e-01 3.689417437888615732e-17 1.844708718944307866e-18
6.206399798393249512e-01 6.282718820929125773e-18 3.141358996874256610e-19
6.209200024604797363e-01 8.227976306412929471e-18 4.113988204905253020e-19
6.214799880981445312e-01 2.879071936034512298e-17 1.439535802581133638e-18
6.217600107192993164e-01 3.777566105301451637e-17 1.888782969932664563e-18
6.226000189781188965e-01 3.205205759634774604e-17 1.602602879817387302e-18
6.228799819946289062e-01 2.902162517397807555e-17 1.451081279378419091e-18
6.231600046157836914e-01 1.989002601306425546e-17 9.945013626917587143e-19
6.234400272369384766e-01 2.294310333188317763e-17 1.147155166594158882e-18
6.237199902534484863e-01 7.341257714910172523e-17 3.670628857455086262e-18
6.240000128746032715e-01 3.704245477549241306e-17 1.852122738774620653e-18
6.245599985122680664e-01 2.695603937914740802e-17 1.347801989636885715e-18
6.248400211334228516e-01 4.314284892734443814e-17 2.157142280931099396e-18
6.251199841499328613e-01 9.993562718224702581e-18 4.996781462509927860e-19
6.254000067710876465e-01 2.175806453400500891e-17 1.087903081943643249e-18
6.256799697875976562e-01 2.100220177950507818e-17 1.050110130334284537e-18
6.262400150299072266e-01 3.718907088470621211e-17 1.859453626953371861e-18
6.265199780464172363e-01 4.059280660879861378e-17 2.029640247721869434e-18
6.268000006675720215e-01 2.980788350726687984e-17 1.490394278760920561e-18
6.270800232887268066e-01 6.133481376354146179e-17 3.066740481381919951e-18
6.273599863052368164e-01 2.659554910511312324e-17 1.329777517294202104e-18
6.276400089263916016e-01 3.242256171887759777e-17 1.621128003225818633e-18
6.279199719429016113e-01 3.198665862916777229e-18 1.599332905608994472e-19
6.284800171852111816e-01 3.689324380069703517e-18 1.844661879842122051e-19
6.287599802017211914e-01 2.011680088671811821e-17 1.005840044335905910e-18
6.290400028228759766e-01 2.587860850715626267e-17 1.293930404678297820e-18
6.293200254440307617e-01 1.159207498311786202e-18 5.796037750052872434e-20
6.295999884605407715e-01 1.726363492397978665e-17 8.631817875580199601e-19
6.298800110816955566e-01 2.842733229980567750e-17 1.421366573631253247e-18
6.307200193405151367e-01 3.044011419305340995e-17 1.522005709652670498e-18
6.309999823570251465e-01 1.544294918438524381e-18 7.721474462945651195e-20
6.318399906158447266e-01 1.207493856376839485e-17 6.037469798872080273e-19
6.321200132369995117e-01 5.728976160181424755e-17 2.864487997372651122e-18
6.323999762535095215e-01 5.916165809313194833e-17 2.958082863297566789e-18
6.326799988746643066e-01 1.271831137240601425e-17 6.359156203190889971e-19
6.329600214958190918e-01 6.759032165104004317e-18 3.379516444443520150e-19
6.332399845123291016e-01 5.048124128861272697e-17 2.524061816276452583e-18
6.335200071334838867e-01 3.932282628817859976e-17 1.966141521204083126e-18
6.337999701499938965e-01 2.068793104937780638e-17 1.034396593827920946e-18
6.340799927711486816e-01 1.850034769472414301e-17 9.250173640566918366e-19
6.343600153923034668e-01 1.112482650448079897e-17 5.562413769228282332e-19
6.346399784088134766e-01 2.813541364419081361e-17 1.406770868325178505e-18
6.349200010299682617e-01 4.407209370131915879e-17 2.203604602347896684e-18
6.352000236511230469e-01 3.820452111339875910e-17 1.910225972951876700e-18
6.354799866676330566e-01 4.047172391073310159e-17 2.023586112818593824e-18
6.357600092887878418e-01 2.667919195429326029e-17 1.333959639073693642e-18
6.360399723052978516e-01 1.830487995289418725e-17 9.152439149266481072e-19
6.363199949264526367e-01 4.964541498429729505e-17 2.482270790573895380e-18
6.366000175476074219e-01 3.273377684382209869e-17 1.636689131704319328e-18
6.368799805641174316e-01 3.653331187357622368e-17 1.826665635037841812e-18
6.371600031852722168e-01 5.759306557138029132e-17 2.879653113132892055e-18
6.374400258064270020e-01 3.504728521184715968e-17 1.752364136515266101e-18
6.377199888229370117e-01 3.086766730806981890e-17 1.543383365403490945e-18
6.380000114440917969e-01 3.660937278526169968e-17 1.830468597904054356e-18
6.382799744606018066e-01 4.615929868863951225e-17 2.307965017150036868e-18
6.385599970817565918e-01 6.817267334588962571e-18 3.408633718993269570e-19
6.391199827194213867e-01 5.259660019526193528e-17 2.629829885686004881e-18
6.394000053405761719e-01 5.763220114052140016e-17 2.881610015667039380e-18
6.396800279617309570e-01 3.521994096674412804e-17 1.760997006978175774e-18
6.399599909782409668e-01 2.702380036056652694e-17 1.351189914630749778e-18
6.402400135993957520e-01 3.400965661657084091e-17 1.700482851508057359e-18
6.405199766159057617e-01 3.980850703920033506e-17 1.990425476037108636e-18
6.407999992370605469e-01 2.082177714429501178e-17 1.041089001971357786e-18
6.410800218582153320e-01 1.140226122756985935e-17 5.701130923977659381e-19
6.413599848747253418e-01 3.878413980350446644e-17 1.939207072893284577e-18
6.416400074958801270e-01 4.064150438582083563e-17 2.032075260650072409e-18
6.419199705123901367e-01 4.488289448338241141e-18 2.244144620771544001e-19
6.421999931335449219e-01 1.696048977309135307e-17 8.480244783148099964e-19
6.424800157546997070e-01 1.443789165290881307e-17 7.218945309466523688e-19
6.427599787712097168e-01 3.484319990239562648e-17 1.742160036478811951e-18
6.430400013923645020e-01 2.878057812603522286e-17 1.439028844263215202e-18
6.433200240135192871e-01 3.766392218714840318e-17 1.883196192075481414e-18
6.435999870300292969e-01 3.382669749996391204e-17 1.691334957716256857e-18
6.438800096511840820e-01 5.244665220254077264e-17 2.622332734204130515e-18
6.441599726676940918e-01 4.476252812372737014e-17 2.238126364827337879e-18
6.444399952888488770e-01 3.604565250652926153e-17 1.802282832121616215e-18
6.447200179100036621e-01 2.671982306598186501e-17 1.335991091260547309e-18
6.449999809265136719e-01 2.639742115043319695e-17 1.319871098880690475e-18
6.452800035476684570e-01 7.179844998899024915e-18 3.589922757943453880e-19
6.455600261688232422e-01 4.139744489529834635e-17 2.069872451560070456e-18
6.458399891853332520e-01 4.697403188733484196e-17 2.348701387571588960e-18
6.461200118064880371e-01 5.338760654526679395e-17 2.669380285904309070e-18
6.463999748229980469e-01 4.251819852469134397e-17 2.125909802157475316e-18
6.466799974441528320e-01 4.740348751776012287e-17 2.370174375888006144e-18
6.469600200653076172e-01 2.705356231900618488e-17 1.352678012552732675e-18
6.472399830818176270e-01 1.216559590454298158e-17 6.082797745476337653e-19
6.475200057029724121e-01 3.904491014597303352e-17 1.952245714093804814e-18
6.477999687194824219e-01 3.372696929659206881e-17 1.686348712983787206e-18
6.480799913406372070e-01 2.587554959325104157e-17 1.293777583060128648e-18
6.483600139617919922e-01 3.681378565823580388e-17 1.840689448347912705e-18
6.486399769783020020e-01 3.502530536861040062e-17 1.751265227071489404e-18
6.489199995994567871e-01 3.410928555826917778e-17 1.705464236554428261e-18
6.492000222206115723e-01 4.201891230695433647e-17 2.100945491270624940e-18
6.494799852371215820e-01 5.737013708757480015e-17 2.868507061173893146e-18
6.497600078582763672e-01 3.467327053479763289e-17 1.733663444021820389e-18
6.500399708747863770e-01 2.137299210652687326e-17 1.068649522608282408e-18
6.503199934959411621e-01 5.567746085649528855e-17 2.783872836029611289e-18
6.506000161170959473e-01 6.647949336181706932e-17 3.323974833526975977e-18
6.508799791336059570e-01 5.769400807589136239e-17 2.884700362435537492e-18
6.511600017547607422e-01 5.799406288001129786e-17 2.899702937205411755e-18
6.514400243759155273e-01 5.837547255173704871e-17 2.918773793022974946e-18
6.517199873924255371e-01 5.075210323455444099e-17 2.537605037650630167e-18
6.520000100135803223e-01 4.124726198328321864e-17 2.062363099164160932e-18
6.522799730300903320e-01 3.114841902541521691e-17 1.557421137386398670e-18
6.525599956512451172e-01 3.316747425642855153e-17 1.658373671462396949e-18
6.528400182723999023e-01 5.437930345548926819e-17 2.718964800543187761e-18
6.531199812889099121e-01 6.283234154450746309e-17 3.141617077225373155e-18
6.534000039100646973e-01 6.052520908464396085e-17 3.026260330155106159e-18
6.536800265312194824e-01 6.775272284788319164e-17 3.387635687444822678e-18
6.539599895477294922e-01 5.786373892014234324e-17 2.893187028725178417e-18
6.542400121688842773e-01 6.079229577826998285e-17 3.039614540759315376e-18
6.545199751853942871e-01 4.904213231122767070e-17 2.452106822356536673e-18
6.547999978065490723e-01 2.590556797768059095e-17 1.295278398884029547e-18
6.550800204277038574e-01 4.948129904204432415e-17 2.474065158897369346e-18
6.553599834442138672e-01 6.670860915660445714e-17 3.335430251035069719e-18
6.556400060653686523e-01 5.996134983956861379e-17 2.998067740132614455e-18
6.559199690818786621e-01 6.727613446615463922e-17 3.363806681948701333e-18
6.561999917030334473e-01 3.177872403473572358e-17 1.588936098339209610e-18
6.564800143241882324e-01 6.908757398086206431e-17 3.454378616325041960e-18
6.567599773406982422e-01 6.907705224347038980e-17 3.453852529455458235e-18
6.570399999618530273e-01 4.659945803619122934e-17 2.329972777732469584e-18
6.573200225830078125e-01 5.066977560254826325e-17 2.533488986922566301e-18
6.575999855995178223e-01 5.989547979302979109e-17 2.994774113728581438e-18
6.578800082206726074e-01 5.748062856507718337e-17 2.874031593689981679e-18
6.581599712371826172e-01 5.128906587483201380e-17 2.564453252382570062e-18
6.584399938583374023e-01 6.809657190235413461e-17 3.404828016091277943e-18
6.587200164794921875e-01 6.127058484333794430e-17 3.063529159448835960e-18
6.589999794960021973e-01 4.853759845968462678e-17 2.426879881625200712e-18
6.592800021171569824e-01 6.639726499148439795e-17 3.319863332292281153e-18
6.595600247383117676e-01 4.047223345399043426e-17 2.023611548622429830e-18
6.598399877548217773e-01 5.329086611826749226e-17 2.664543140477252102e-18
6.601200103759765625e-01 6.541004809145951090e-17 3.270501949623638641e-18
6.603999733924865723e-01 4.215850399840633520e-17 2.107925241279347388e-18
6.606799960136413574e-01 5.362044465281067039e-17 2.681022232640533520e-18
6.609600186347961426e-01 3.428762900705806076e-17 1.714381450352903038e-18
6.612399816513061523e-01 5.468958221198035909e-17 2.734479193317079210e-18
6.615200042724609375e-01 6.530219035702749652e-17 3.265109352415252315e-18
6.618000268936157227e-01 6.017155959427548961e-17 3.008577896995713225e-18
6.620799899101257324e-01 3.494958194661484626e-17 1.747479221407834196e-18
6.623600125312805176e-01 3.590751996167780634e-17 1.795375874006798434e-18
6.626399755477905273e-01 3.585468628159281935e-17 1.792734272720610340e-18
6.629199981689453125e-01 9.292560898055003790e-17 4.646280118155256874e-18
6.632000207901000977e-01 7.816627825032556849e-17 3.908313829798217169e-18
6.634799838066101074e-01 5.486497428034365286e-17 2.743248755376213271e-18
6.637600064277648926e-01 5.210847098962704301e-17 2.605423714917474661e-18
6.640399694442749023e-01 4.891727766956891670e-17 2.445863883478445835e-18
6.643199920654296875e-01 5.724960032871357295e-17 2.862479809640525509e-18
6.646000146865844727e-01 8.029370075902825016e-17 4.014684707079167487e-18
6.648799777030944824e-01 5.384766454963408667e-17 2.692383351558796216e-18
6.651600003242492676e-01 2.848921864451444482e-17 1.424460849507660985e-18
6.654400229454040527e-01 6.070688441694020742e-17 3.035344427642163509e-18
6.657199859619140625e-01 5.169926804931951044e-17 2.584962988875669245e-18
6.660000085830688477e-01 5.402186216919285387e-17 2.701093149818673321e-18
6.662799715995788574e-01 5.364962758482154121e-17 2.682481379241077060e-18
6.665599942207336426e-01 6.079147521510233024e-17 3.039573595318994002e-18
6.668400168418884277e-01 6.297566216616085088e-17 3.148782736076766895e-18
6.671199798583984375e-01 4.870485437954284898e-17 2.435242677618111821e-18
6.674000024795532227e-01 5.842443502655528752e-17 2.921221834045825631e-18
6.676800251007080078e-01 5.402204414892761554e-17 2.701102248805411405e-18
6.679599881172180176e-01 4.206672334635990146e-17 2.103336043240903190e-18
6.682400107383728027e-01 5.566253851824483193e-17 2.783126925912241597e-18
6.685199737548828125e-01 6.041230885719782321e-17 3.020615236064738022e-18
6.687999963760375977e-01 6.439732755878838891e-17 3.219866502016511328e-18
6.690800189971923828e-01 6.152358961421586355e-17 3.076179439351762550e-18
6.693599820137023926e-01 6.965246554734187755e-17 3.482623111930971367e-18
6.696400046348571777e-01 5.517176895209467040e-17 2.758588819836009169e-18
6.699200272560119629e-01 5.262470779247648716e-17 2.631235472341885613e-18
6.701999902725219727e-01 6.605062999271037638e-17 3.302531830507763840e-18
6.704800128936767578e-01 6.257387738158669385e-17 3.128694034515457203e-18
6.707599759101867676e-01 7.268121052126193986e-17 3.634060443345035738e-18
6.710399985313415527e-01 8.215388437287220007e-17 4.107694135925548748e-18
6.713200211524963379e-01 5.953572901846312872e-17 2.976786450923156436e-18
6.715999841690063477e-01 5.173752018956641265e-17 2.586876257632504398e-18
6.718800067901611328e-01 7.269100433971456771e-17 3.634550134267667130e-18
6.721599698066711426e-01 6.725527627982850207e-17 3.362763400401118827e-18
6.724399924278259277e-01 7.246194148448638329e-17 3.623096991506257909e-18
6.727200150489807129e-01 5.960304166799024390e-17 2.980152248835634706e-18
6.729999780654907227e-01 6.789664565702251803e-17 3.394832365569187157e-18
6.732800006866455078e-01 6.340640488961926430e-17 3.170320037685810077e-18
6.735600233078002930e-01 8.159979247646987916e-17 4.079989375669310192e-18
6.738399863243103027e-01 7.892034271417380895e-17 3.946017549298996724e-18
6.741200089454650879e-01 7.708470982091043290e-17 3.854235242891337879e-18
6.743999719619750977e-01 7.428853494801577985e-17 3.714426830118850248e-18
6.746799945831298828e-01 7.720687447121716445e-17 3.860343558124735712e-18
6.749600172042846680e-01 7.675998518220171593e-17 3.837999341828147052e-18
6.752399802207946777e-01 8.074645310422547454e-17 4.037322986083518748e-18
6.755200028419494629e-01 8.902898610793933895e-17 4.451449305396966948e-18
6.758000254631042480e-01 5.673636453712647119e-17 2.836818185497292932e-18
6.760799884796142578e-01 5.874569874158108262e-17 2.937284440770686599e-18
6.763600111007690430e-01 6.570439865807528070e-17 3.285219767467641524e-18
6.766399741172790527e-01 9.465742078077065834e-17 4.732871039038532917e-18
6.769199967384338379e-01 1.023602854635420622e-16 5.118014604049348133e-18
6.772000193595886230e-01 1.040516977626455928e-16 5.202584722696157129e-18
6.774799823760986328e-01 9.409331669023399559e-17 4.704666248102006056e-18
6.777600049972534180e-01 6.043089064247821442e-17 3.021544573482941349e-18
6.780399680137634277e-01 6.263395054639274494e-17 3.131697527319637247e-18
6.783199906349182129e-01 7.610094060967866688e-17 3.805047774946484641e-18
6.786000132560729980e-01 8.305061433132868631e-17 4.152530633848373060e-18
6.788799762725830078e-01 6.933720385484076721e-17 3.466859944587854595e-18
6.791599988937377930e-01 6.885708837498028868e-17 3.442854749621259455e-18
6.794400215148925781e-01 7.767228598850890037e-17 3.883614630297690040e-18
6.797199845314025879e-01 8.733304085907901779e-17 4.366651712081705868e-18
6.800000071525573730e-01 5.519186613225725876e-17 2.759593430689954821e-18
6.802799701690673828e-01 6.917420295205351779e-17 3.458710147602675890e-18
6.805599927902221680e-01 8.428757360189558347e-17 4.214378514658656663e-18
6.808400154113769531e-01 8.590409627706101312e-17 4.295204400262744380e-18
6.811199784278869629e-01 8.835878452331417466e-17 4.417939391601831243e-18
6.814000010490417480e-01 8.108122964173793590e-17 4.054061399368835540e-18
6.816800236701965332e-01 7.156225352815940742e-17 3.578112841844092881e-18
6.819599866867065430e-01 9.227765524568009984e-17 4.613882348693698716e-18
6.822400093078613281e-01 7.782227037717701535e-17 3.891113436140789512e-18
6.825199723243713379e-01 7.794595042236594404e-17 3.897297851990542223e-18
6.827999949455261230e-01 7.898823108140726103e-17 3.949411884942608073e-18
6.830800175666809082e-01 7.004375506430396176e-17 3.502188001369381854e-18
6.833599805831909180e-01 7.191662432002202490e-17 3.595831050564978734e-18
6.836400032043457031e-01 7.519814907169339205e-17 3.759907701738853368e-18
6.839200258255004883e-01 5.984871430991849312e-17 2.992436087727200305e-18
6.841999888420104980e-01 1.034518660870915397e-16 5.172593635226822005e-18
6.844800114631652832e-01 8.144407738051799681e-17 4.072203951743961096e-18
6.847599744796752930e-01 6.051196095995331156e-17 3.025598378869910599e-18
6.850399971008300781e-01 6.694992090234332680e-17 3.347496127835227595e-18
6.853200197219848633e-01 6.305314582849991809e-17 3.152657250065965277e-18
6.855999827384948730e-01 6.688840513454898324e-17 3.344420049932296024e-18
6.858800053596496582e-01 6.814363517048595167e-17 3.407182172114603860e-18
6.861599683761596680e-01 5.994409154326830742e-17 2.997204577163415371e-18
6.864399909973144531e-01 5.430225985323607920e-17 2.715113034020834587e-18
6.867200136184692383e-01 4.582140533457895108e-17 2.291070059933794416e-18
6.869999766349792480e-01 2.429158640135692420e-17 1.214579278708815582e-18
6.872799992561340332e-01 3.360147938022287409e-17 1.680074031049689646e-18
6.875600218772888184e-01 3.348767918027027875e-17 1.674384062411090507e-18
6.878399848937988281e-01 4.129936112698425854e-17 2.064967890913090416e-18
6.881200075149536133e-01 5.953363128842969424e-17 2.976681812575668478e-18
6.883999705314636230e-01 5.225697307063746297e-17 2.612848694890903776e-18
6.886799931526184082e-01 5.850052240802036522e-17 2.925026451273263282e-18
6.889600157737731934e-01 4.993862735039019188e-17 2.496931326160478966e-18
6.892399787902832031e-01 4.442056504105304808e-17 2.221028334770713659e-18
6.895200014114379883e-01 5.161839294646897581e-17 2.580919936836663184e-18
6.898000240325927734e-01 5.314920978400656116e-17 2.657460406482266803e-18
6.900799870491027832e-01 4.482414315319522007e-17 2.241207199018791631e-18
6.903600096702575684e-01 6.683916472704492661e-17 3.341958153634185075e-18
6.906399726867675781e-01 7.680121848137625926e-17 3.840060675914629197e-18
6.909199953079223633e-01 3.682803301710641723e-17 1.841401650855320862e-18
6.912000179290771484e-01 2.549218942964089069e-17 1.274609430123013907e-18
6.914799809455871582e-01 4.826728245294719776e-17 2.413364370801543654e-18
6.917600035667419434e-01 4.628744881785867751e-17 2.314372358174872620e-18
6.920400261878967285e-01 4.655956146088657171e-17 2.327978031685297958e-18
6.923199892044067383e-01 6.944525349517489390e-17 3.472262674758744695e-18
6.926000118255615234e-01 5.578704574404631366e-17 2.789352080407162545e-18
6.928799748420715332e-01 4.859433974098331427e-17 2.429716904331104458e-18
6.931599974632263184e-01 7.679008793905374572e-17 3.839504396952687286e-18
6.934400200843811035e-01 7.090218325167679260e-17 3.545109162583839630e-18
6.937199831008911133e-01 9.888909812357963647e-17 4.944455154333165589e-18
6.940000057220458984e-01 4.422223029121998353e-17 2.211111679997121687e-18
6.942799687385559082e-01 5.536187160047160722e-17 2.768093745459702872e-18
6.945599913597106934e-01 6.453208520674062775e-17 3.226604301696062015e-18
6.948400139808654785e-01 7.836319355822749205e-17 3.918159760629435858e-18
6.951199769973754883e-01 6.855449908946349073e-17 3.427724582241898888e-18
6.953999996185302734e-01 3.757198271642435926e-17 1.878599135821217963e-18
6.956800222396850586e-01 7.570184912517898251e-17 3.785092456258949125e-18
6.959599852561950684e-01 8.913022639747092911e-17 4.456511650745791477e-18
6.962400078773498535e-01 7.469299318032970826e-17 3.734649741734546668e-18
6.965199708938598633e-01 7.013330232869650232e-17 3.506665530025131393e-18
6.967999935150146484e-01 8.296053105389921138e-17 4.148026221822715548e-18
6.970800161361694336e-01 5.626784282073153589e-17 2.813392223754638050e-18
6.973599791526794434e-01 7.354818183000121838e-17 3.677408843345877153e-18
6.976400017738342285e-01 7.011886968136867709e-17 3.505943401350372599e-18
6.979200243949890137e-01 8.375205025588385293e-17 4.187602678230315157e-18
6.981999874114990234e-01 7.559518914827394491e-17 3.779759622849819756e-18
6.984800100326538086e-01 6.695770301754622568e-17 3.347885109518280656e-18
6.987599730491638184e-01 7.756481868332601101e-17 3.878241265038545572e-18
6.990399956703186035e-01 6.899294451878599794e-17 3.449647350016391780e-18
6.993200182914733887e-01 7.689568912477471544e-17 3.844784290802613261e-18
6.995999813079833984e-01 8.213236444205602050e-17 4.106618387538923536e-18
6.998800039291381836e-01 7.857750612877263089e-17 3.928875885465060331e-18
7.001600265502929688e-01 8.410900185125763586e-17 4.205449513536453006e-18
7.004399895668029785e-01 8.213801574000098278e-17 4.106900869718110395e-18
7.007200121879577637e-01 9.085880888458014253e-17 4.542940444229007127e-18
7.009999752044677734e-01 1.108657535685063182e-16 5.543287595707254657e-18
7.012799978256225586e-01 9.076228021581765441e-17 4.538113845354760210e-18
7.015600204467773438e-01 7.414238205994501049e-17 3.707118689406944248e-18
7.018399834632873535e-01 9.028582418298711047e-17 4.514291457303539290e-18
7.021200060844421387e-01 9.050970557885826273e-17 4.525485278942913137e-18
7.023999691009521484e-01 7.351883346186783696e-17 3.675941424939208082e-18
7.026799917221069336e-01 7.766502003400823457e-17 3.883251084418472984e-18
7.029600143432617188e-01 9.544669005148915565e-17 4.772334171702212761e-18
7.032399773597717285e-01 1.228699111144391631e-16 6.143495638440019409e-18
7.035199999809265137e-01 1.118651002450336829e-16 5.593254681379439123e-18
7.038000226020812988e-01 9.641326714086961955e-17 4.820663026171235956e-18
7.040799856185913086e-01 9.077740769486002418e-17 4.538870302024939954e-18
7.043600082397460938e-01 1.045611616106394528e-16 5.228058163250033893e-18
7.046399712562561035e-01 1.239732244677970927e-16 6.198660727081487101e-18
7.049199938774108887e-01 1.013295257760723838e-16 5.066475875213312914e-18
7.052000164985656738e-01 1.044207923694116542e-16 5.221039949342827730e-18
7.054799795150756836e-01 9.518236944983151098e-17 4.759118307055453038e-18
7.057600021362304688e-01 1.146236880308939264e-16 5.731184153390512552e-18
7.060400247573852539e-01 1.125779446445971809e-16 5.628897066793736532e-18
7.063199877738952637e-01 1.204258240149164811e-16 6.021290869873579036e-18
7.066000103950500488e-01 1.036983791445221428e-16 5.184918626353862117e-18
7.068799734115600586e-01 1.104753904938302934e-16 5.523769855563759692e-18
7.071599960327148438e-01 1.427760588776420770e-16 7.138803605626593894e-18
7.074400186538696289e-01 1.244709886732070026e-16 6.223549764532595150e-18
7.077199816703796387e-01 1.039585373733374206e-16 5.197926868666871030e-18
7.080000042915344238e-01 1.240218626878152107e-16 6.201092638082393002e-18
7.082800269126892090e-01 1.006143917405733391e-16 5.030719338874483187e-18
7.085599899291992188e-01 1.015432229242417832e-16 5.077160567185660372e-18
7.088400125503540039e-01 1.242460352512619816e-16 6.212302176153405357e-18
7.091199755668640137e-01 9.390491141647401758e-17 4.695245488105639624e-18
7.093999981880187988e-01 9.687918820141868813e-17 4.843959327352873151e-18
7.096800208091735840e-01 1.251327066934698230e-16 6.256636161854103704e-18
7.099599838256835938e-01 1.377921567206671764e-16 6.889607587879175053e-18
7.102400064468383789e-01 1.124771212540943174e-16 5.623856228140838382e-18
7.105199694633483887e-01 1.002842407970462742e-16 5.014212536160681243e-18
7.107999920845031738e-01 1.090485767290702253e-16 5.452428836453511267e-18
7.110800147056579590e-01 1.171535769209955087e-16 5.857677853433040374e-18
7.113599777221679688e-01 1.187134675027031079e-16 5.935672713390665353e-18
7.116400003433227539e-01 1.038828801257908705e-16 5.194144585315972311e-18
7.119200229644775391e-01 1.103721120312693726e-16 5.518605353409284864e-18
7.121999859809875488e-01 1.349440613750837949e-16 6.747202655163883468e-18
7.124800086021423340e-01 1.149122483332218250e-16 5.745611837634662461e-18
7.127599716186523438e-01 1.098798270702370139e-16 5.493991353511850696e-18
7.130399942398071289e-01 1.260928714787417759e-16 6.304643243064843772e-18
7.133200168609619141e-01 1.073249904128608322e-16 5.366249437924980355e-18
7.135999798774719238e-01 9.919719312325358737e-17 4.959859325290434347e-18
7.138800024986267090e-01 1.106930382566052461e-16 5.534652243702507324e-18
7.141600251197814941e-01 1.228460618430180342e-16 6.142303257587024219e-18
7.144399881362915039e-01 1.175063793784167257e-16 5.875319547947265071e-18
7.147200107574462891e-01 1.247943567357111326e-16 6.239717836785556629e-18
7.149999737739562988e-01 1.138310504807211131e-16 5.691552275881871890e-18
7.152799963951110840e-01 9.983263988726172366e-17 4.991632159799208693e-18
7.155600190162658691e-01 1.246546624738631773e-16 6.232732296512546311e-18
7.158399820327758789e-01 1.179194402891012056e-16 5.895971352710570237e-18
7.161200046539306641e-01 1.242826561913409292e-16 6.214132726848985207e-18
7.163999676704406738e-01 9.063777960746107311e-17 4.531889311245298677e-18
7.166799902915954590e-01 8.736613470102603933e-17 4.368306486897118200e-18
7.169600129127502441e-01 1.048563790625371781e-16 5.242818787690736395e-18
7.172399759292602539e-01 1.021746793689749637e-16 5.108734051166809439e-18
7.175199985504150391e-01 9.318499958575686653e-17 4.659250310160088348e-18
7.178000211715698242e-01 1.273368187711235210e-16 6.366840607683931029e-18
7.180799841880798340e-01 1.379179411133344400e-16 6.895896642076415723e-18
7.207773327827453613e-01 1.349699752893138561e-16 8.758418612793991784e-17
7.230458259582519531e-01 1.327374611381475374e-16 1.610720102430043669e-16
7.253261208534240723e-01 1.315222864961928368e-16 2.574740277275432653e-17
7.276185154914855957e-01 1.767261849598887016e-16 1.869679316403813644e-17
7.299236059188842773e-01 1.900407885020076546e-16 9.640816509085139248e-17
7.322416901588439941e-01 2.041434900270977298e-16 3.995586099352053141e-17
7.345731258392333984e-01 2.021560198605941200e-16 6.089941897631805014e-17
7.369183301925659180e-01 1.977237082058491799e-16 5.605681912030190789e-17
7.392777204513549805e-01 2.096495747611651058e-16 4.988225664600592815e-17
7.416515350341796875e-01 1.980272239336520372e-16 5.354772555079990862e-17
7.440401315689086914e-01 1.930593359933361632e-16 3.010806073411747316e-17
7.464438676834106445e-01 2.000133309065061597e-16 5.000024237985804180e-17
7.488630414009094238e-01 2.061572446847458246e-16 3.329493286265562246e-17
7.512979507446289062e-01 1.895438845644347998e-16 1.775174924036365296e-17
7.537488341331481934e-01 1.918443334049488736e-16 2.209842619501342832e-17
7.562160491943359375e-01 1.728533385668052269e-16 3.166246876272507085e-17
7.586997151374816895e-01 1.400174049173328293e-16 4.781426210123150620e-17
7.612002491950988770e-01 6.512341346559763575e-17 3.957935484846599491e-17
7.637177705764770508e-01 4.442494578957712891e-17 3.564397029235106108e-17
7.662525177001953125e-01 1.913947706681936537e-17 3.631050581250139036e-17
7.688047289848327637e-01 2.132686686120969133e-17 2.619513247727212892e-17
7.713746428489685059e-01 6.578906886557620861e-17 2.954680876233289324e-17
7.739623785018920898e-01 1.345947926332394045e-16 3.731031571017178470e-17
7.765681743621826172e-01 1.615284683573458288e-16 4.009251453943674180e-17
7.791921496391296387e-01 1.964781594918015321e-16 9.335623259000024369e-18
7.818344831466674805e-01 2.074380246754433310e-16 4.486269307846264137e-17
7.844952940940856934e-01 2.774470183016853643e-16 1.995347407476952289e-17
7.871748208999633789e-01 2.759942509180258324e-16 4.269387183446290578e-17
7.898731231689453125e-01 3.097120649795981643e-16 2.163727134915389028e-17
7.925903201103210449e-01 3.201293261511847787e-16 3.528335924994734356e-17
7.953265905380249023e-01 3.312273900541270371e-16 2.712618712242711560e-17
7.980819344520568848e-01 3.324602200390760695e-16 4.015999593380881780e-17
8.008565306663513184e-01 4.090858644723542733e-16 2.621341316880955083e-17
8.036504387855529785e-01 4.570392318828375971e-16 2.838077526620874289e-17
8.064637184143066406e-01 4.867130724262014839e-16 3.276524610304606608e-17
8.092964291572570801e-01 5.398989064590094429e-16 3.630437144107869711e-17
8.121486902236938477e-01 6.379107299121398404e-16 2.653086027248902627e-17
8.150204420089721680e-01 6.093413673924363578e-16 2.534530365954739935e-17
8.179118633270263672e-01 6.621294135773900160e-16 2.459245184247716164e-17
8.208229541778564453e-01 6.624604975806480407e-16 3.577863198735224378e-17
8.237536549568176270e-01 6.477634171546018619e-16 6.432630914011703616e-17
8.267040848731994629e-01 7.627539630958855062e-16 3.538634323621019551e-17
8.296742439270019531e-01 7.630730827587635639e-16 3.453330164898630998e-17
8.326641321182250977e-01 8.385701881387234210e-16 3.503258455800086727e-17
8.356736898422241211e-01 7.952568407435195528e-16 3.729870540309399040e-17
8.387029170989990234e-01 8.113244204782231895e-16 5.679130918213469350e-17
8.417519330978393555e-01 8.563793205525411026e-16 4.048153427279798050e-17
8.448205590248107910e-01 7.795527969618656211e-16 3.928820050773713002e-17
8.479088544845581055e-01 8.003022983729581995e-16 3.934197055627552703e-17
8.510167002677917480e-01 7.088563037500287146e-16 4.680544255232918429e-17
8.541442155838012695e-01 7.874949484522363648e-16 3.821493366294957661e-17
8.572911620140075684e-01 7.670823543959141844e-16 4.308215041399529697e-17
8.604576587677001953e-01 7.580423952663426640e-16 4.469521878292270517e-17
8.636435270309448242e-01 6.797194291556648508e-16 2.862131938833916334e-17
8.668487071990966797e-01 6.989744997500048265e-16 3.705176221174485973e-17
8.700731992721557617e-01 6.153420664281410418e-16 2.808852573834885779e-17
8.733169436454772949e-01 6.406788335837668939e-16 3.322038734585234360e-17
8.765797615051269531e-01 7.568238854321581496e-16 4.337042947491492753e-17
8.798616528511047363e-01 7.750475875340976078e-16 4.384900639883605744e-17
8.831624388694763184e-01 8.185473880568158288e-16 4.902331229793086421e-17
8.864821195602416992e-01 8.240025978744887434e-16 5.385068872195358054e-17
8.898205757141113281e-01 8.825053106567711490e-16 6.896421157302835597e-17
8.931776285171508789e-01 9.226981886742901748e-16 5.284250775648414956e-17
8.965532779693603516e-01 9.859575737905567142e-16 4.305527366153222399e-17
8.999473452568054199e-01 9.483574636245831017e-16 6.174043004871296444e-17
9.033597111701965332e-01 1.115287328737671595e-15 6.517508247538014807e-17
9.067902565002441406e-01 1.160654519271730328e-15 5.657174897778351826e-17
9.102388620376586914e-01 1.287326178951242808e-15 6.447784201089185041e-17
9.137054085731506348e-01 1.325559128607933790e-15 6.846047181487336297e-17
9.171897172927856445e-01 1.478782412447671602e-15 8.247205112368459663e-17
9.206917285919189453e-01 1.585049895460775241e-15 9.958491583741434293e-17
9.242112636566162109e-01 1.609417974562097394e-15 1.010247064116241429e-16
9.277481436729431152e-01 1.600738851468056206e-15 9.993925354205245829e-17
9.313022494316101074e-01 1.432257010237361020e-15 7.013608165555468049e-17
9.348734617233276367e-01 1.271867615905615014e-15 5.961742799320376616e-17
9.384615421295166016e-01 1.576902285541136126e-15 8.366211256224218734e-17
9.420664310455322266e-01 1.725206637297931403e-15 9.573944581388392321e-17
9.456878900527954102e-01 1.703910746696300597e-15 9.185777174930328257e-17
9.493257999420166016e-01 1.975192318054040316e-15 1.207489009098449925e-16
9.529799818992614746e-01 1.946863089374883428e-15 1.193823191285685857e-16
9.566502571105957031e-01 2.012438897843653665e-15 1.274533784455995932e-16
9.603365063667297363e-01 1.955149824456109062e-15 1.021100401671876199e-16
9.640384316444396973e-01 2.004678593739146579e-15 1.153411381721081196e-16
9.677559733390808105e-01 2.116511506732184598e-15 1.340251232715414850e-16
9.714889526367187500e-01 2.214910688940006228e-15 1.338952757677053609e-16
9.752370715141296387e-01 2.203592846457031081e-15 1.202865400346523521e-16
9.790002703666687012e-01 2.235205386597982451e-15 1.363983772408500260e-16
9.827783107757568359e-01 2.130935207274504452e-15 1.321738401210886056e-16
9.865710139274597168e-01 2.009044836824005684e-15 1.361326603583183918e-16
9.903782010078430176e-01 1.674800130123301617e-15 7.395753697154146072e-17
9.941996932029724121e-01 1.673439901089129617e-15 9.691058136002630064e-17
9.980351924896240234e-01 1.574995614376866696e-15 8.826008533262434739e-17
1.001884698867797852e+00 1.663105146220561492e-15 9.721914619828818166e-17
1.005747795104980469e+00 1.811698442091488892e-15 1.077403806641502614e-16
1.009624481201171875e+00 1.942196784868459487e-15 1.273421656666030638e-16
1.013514399528503418e+00 2.025398078420170833e-15 1.366901271516199291e-16
1.017417430877685547e+00 2.030883887303063309e-15 1.337009478807595032e-16
1.021333336830139160e+00 1.987340888100035119e-15 1.140853588882444159e-16
1.025261998176574707e+00 2.027256892222920395e-15 1.151588143302116314e-16
1.029203176498413086e+00 1.899330776748524297e-15 9.486608867081573531e-17
1.041099548339843750e+00 2.260806533912270051e-15 5.176320249322495905e-17
1.045088648796081543e+00 2.277978856368430109e-15 4.071127541612845841e-17
1.049089193344116211e+00 2.324343957593472815e-15 3.444691421453372198e-17
1.053101062774658203e+00 2.330723809752192205e-15 5.958800683317648007e-17
1.057123899459838867e+00 2.319120728924229172e-15 1.873431573098476689e-17
1.061157584190368652e+00 2.369975528286193296e-15 5.792088717430240682e-17
1.065201997756958008e+00 2.420648003806260933e-15 5.978862791022264119e-17
1.069256782531738281e+00 2.490288935147141371e-15 3.571294061182573253e-17
1.073321700096130371e+00 2.620669540344443618e-15 8.702127979493023188e-17
1.077396750450134277e+00 2.751628880802957366e-15 9.302753086690637176e-17
1.081481456756591797e+00 2.894029730554745390e-15 4.577641001797851659e-17
1.085575819015502930e+00 3.001051072890905357e-15 6.914975149314645029e-17
1.089679598808288574e+00 3.075465246647800591e-15 5.968529650810251697e-17
1.093792557716369629e+00 3.112569101385801590e-15 8.192751481771848830e-17
1.097914338111877441e+00 3.099156758182503371e-15 4.386181115471837831e-17
1.102044939994812012e+00 3.079698293801703957e-15 4.222501924582294926e-17
1.106184124946594238e+00 3.066596599931811253e-15 5.922975821860221399e-17
1.110331535339355469e+00 3.072522442430802338e-15 5.025009724696335913e-17
1.114487051963806152e+00 3.039933696818140386e-15 6.738490540798291214e-17
1.118650555610656738e+00 3.133780923967417406e-15 4.137519704554312012e-17
1.122821688652038574e+00 3.107438199307808666e-15 7.784118965214732819e-17
1.127000331878662109e+00 3.096630694175554234e-15 6.267119352629233245e-17
1.131186246871948242e+00 3.010820327388062830e-15 6.428925144867466052e-17
1.135379314422607422e+00 3.056583611704081355e-15 3.680764466936821020e-17
1.139579176902770996e+00 3.032763562919632734e-15 5.772516962392746005e-17
1.143785715103149414e+00 3.105896175827332212e-15 6.680758627998010222e-17
1.147998690605163574e+00 3.195852345375159789e-15 4.222949263857563604e-17
1.152217864990234375e+00 3.325244251364779455e-15 8.118010750344007462e-17
1.156443238258361816e+00 3.354066664977475160e-15 4.637848169863136331e-17
1.160674333572387695e+00 3.275546922525238332e-15 6.259339884404294531e-17
1.164911150932312012e+00 3.083237620971806051e-15 3.699889213571292041e-17
1.169153332710266113e+00 3.047844561029021924e-15 4.096442907951663721e-17
1.173400759696960449e+00 2.961302993049813245e-15 5.272621939724899472e-17
1.177653312683105469e+00 2.980254719969917775e-15 4.741480334853984829e-17
1.181910634040832520e+00 2.962190260062062125e-15 4.851642925344816970e-17
1.186172604560852051e+00 2.955625754720841297e-15 4.885538470741524896e-17
1.190438985824584961e+00 2.933295848648849805e-15 7.250635777465803066e-17
1.194709777832031250e+00 2.910700185989657275e-15 5.620324994105849506e-17
1.198984503746032715e+00 2.874172948930499641e-15 3.264247595653094571e-17
1.203263163566589355e+00 2.909170868003389636e-15 6.287411747416384120e-17
1.207545518875122070e+00 2.908421879119780021e-15 2.743777447864726538e-17
1.211831331253051758e+00 3.101930155810050764e-15 6.504095348469344953e-17
1.216120362281799316e+00 3.189495363106016265e-15 6.353066065251452990e-17
1.220412611961364746e+00 3.314283433269071995e-15 5.026500635032401490e-17
1.224707841873168945e+00 3.354461805847369291e-15 6.596612522133195908e-17
1.229005694389343262e+00 3.307466512109569386e-15 6.348921559510317301e-17
1.233306169509887695e+00 3.239641407649365354e-15 4.805930608589421512e-17
1.237609028816223145e+00 3.216437787092281050e-15 5.627927776551946894e-17
1.241914153099060059e+00 3.127589748397698911e-15 6.311697108456450970e-17
1.246221184730529785e+00 3.111997354146404937e-15 5.778663906960750064e-17
1.250530242919921875e+00 3.191584781628655811e-15 5.644123311201245134e-17
1.254840850830078125e+00 3.295760728536751769e-15 7.497472427952036906e-17
1.259152889251708984e+00 3.468217060114200945e-15 6.256248214146816334e-17
1.263466358184814453e+00 3.684190556389787055e-15 7.851984171391033422e-17
1.267781019210815430e+00 3.753877227509819225e-15 3.543112679457381643e-17
1.272096633911132812e+00 3.811837150991589235e-15 8.627586433156684588e-17
1.276412963867187500e+00 3.801352577170475505e-15 5.159478521178671240e-17
1.280730128288269043e+00 3.848331565524040765e-15 7.297445597457933881e-17
1.285047650337219238e+00 3.807330512195722730e-15 8.066373504297017177e-17
1.289365530014038086e+00 3.792460425290199860e-15 5.559437883577046245e-17
1.293683648109436035e+00 3.771998226866904100e-15 8.130690436517710312e-17
1.298001766204833984e+00 3.766379433811292698e-15 8.608813403718671114e-17
1.302319645881652832e+00 3.793778832072601179e-15 4.937984037683101999e-17
1.306637287139892578e+00 3.770223692842406341e-15 6.238379127682200809e-17
1.310954570770263672e+00 3.804447635559742719e-15 9.362501996696567471e-17
1.315271139144897461e+00 3.777946939255471051e-15 6.488169805571984022e-17
1.319586992263793945e+00 3.737366014268991149e-15 6.761867988398019861e-17
1.323902010917663574e+00 3.528018644981538617e-15 4.969398041242150841e-17
1.328215956687927246e+00 3.278472997841528312e-15 5.740578526325338543e-17
1.332528591156005859e+00 3.020772752760064045e-15 1.373277973771146079e-17
1.336840033531188965e+00 2.700514042326186172e-15 1.680487890189665239e-17
1.341150045394897461e+00 2.375577380682859611e-15 1.553510703079100173e-17
1.345458388328552246e+00 2.181445687743409703e-15 1.798543603521600881e-17
1.349764943122863770e+00 2.135351848819725187e-15 3.145272884660612516e-17
1.354069709777832031e+00 2.043090690864181845e-15 4.173525222257520200e-17
1.358372449874877930e+00 2.028313354066383321e-15 4.953520143948072964e-17
1.362673044204711914e+00 2.077404207315690365e-15 2.964710606596617296e-17
1.366971373558044434e+00 2.152436291607607612e-15 2.722155608397080437e-17
1.371267199516296387e+00 2.157342941712814960e-15 6.940738185800976608e-17
1.375560641288757324e+00 2.154378749913898536e-15 1.133112369489029897e-16
1.379851460456848145e+00 2.231031208233913259e-15 6.725710269462101916e-17
1.384139537811279297e+00 2.290918343428923615e-15 5.137214458683438969e-17
1.388424634933471680e+00 2.183811662523327778e-15 5.583985957179659937e-17
1.392706871032714844e+00 2.247216949064758870e-15 3.752936306254317706e-17
1.396985888481140137e+00 2.196413395196103631e-15 5.245121162207716493e-17
1.401261687278747559e+00 2.072368172927789923e-15 4.770034940471560366e-17
1.405534267425537109e+00 1.987689018641356636e-15 6.852063100646311957e-17
1.409803390502929688e+00 2.055332011017900994e-15 5.499178437697048222e-17
1.414068937301635742e+00 1.980730431221425746e-15 6.096260895767220103e-17
1.418330788612365723e+00 1.996523572281218989e-15 3.443367601601042332e-17
1.422588944435119629e+00 1.960304231698388293e-15 5.035180075763797899e-17
1.426843285560607910e+00 1.967520105376047677e-15 2.200806663925936068e-17
1.431093573570251465e+00 1.963902427658324561e-15 3.395143964505935882e-17
1.435339927673339844e+00 1.931009385459361502e-15 2.389821735233488168e-17
1.439582109451293945e+00 1.929037916274627118e-15 3.886567334212259327e-17
1.443820118904113770e+00 1.964845175328618597e-15 5.915155325476900055e-17
1.448053717613220215e+00 2.003022220810790795e-15 4.733940087262196450e-17
1.452282905578613281e+00 2.060954615721775039e-15 3.863231576515403353e-17
1.456507682800292969e+00 2.090925817769184389e-15 5.552986536543622672e-17
1.460727810859680176e+00 2.100381458317620957e-15 3.179339491007996408e-17
1.464943289756774902e+00 2.083764154200149279e-15 1.844560157306293342e-17
1.469154000282287598e+00 2.093915844072992069e-15 3.075905849364160636e-17
1.473359942436218262e+00 2.078282792240229888e-15 3.339382065052511181e-17
1.477560997009277344e+00 2.053448845017917870e-15 3.705049497104642849e-17
1.481757044792175293e+00 2.169300929345677545e-15 4.968952687200352291e-17
1.485948085784912109e+00 2.186562190261299304e-15 3.283808431906503548e-17
1.490134000778198242e+00 2.178597115941793491e-15 4.372340729462600572e-17
1.494314670562744141e+00 2.212834822944522752e-15 2.156002756919246345e-17
1.498490095138549805e+00 2.300703903310315733e-15 6.144202298837323460e-17
1.502660274505615234e+00 2.316216464706330989e-15 4.493747020583743507e-17
1.506824970245361328e+00 2.356160632674712471e-15 4.224122536838408818e-17
1.510984301567077637e+00 2.387000043493057479e-15 4.102073030072944649e-17
1.515138149261474609e+00 2.433357309663338082e-15 5.378157943613600018e-17
1.519286394119262695e+00 2.481705738534376732e-15 5.128005291487763601e-17
1.523428916931152344e+00 2.501839923448848264e-15 6.840990791838922149e-17
1.527565956115722656e+00 2.568034701243824582e-15 5.677332296689534047e-17
1.531697154045104980e+00 2.624822966401305080e-15 3.835815833165190825e-17
1.535822629928588867e+00 2.640263529996803721e-15 4.570665884000559508e-17
1.539942145347595215e+00 2.706320664937851214e-15 5.086456671063715063e-17
1.544055938720703125e+00 2.718935526621309509e-15 7.138683168129406173e-17
1.548163771629333496e+00 2.754892922265201813e-15 6.033358111521747624e-17
1.552265644073486328e+00 2.801709280292894247e-15 5.576573757146694767e-17
1.556361436843872070e+00 2.823158695616214894e-15 5.100533630728142488e-17
1.560451269149780273e+00 2.883342715859237883e-15 3.394534828702851833e-17
1.564535021781921387e+00 2.876370152395677296e-15 4.528779112142099293e-17
1.568612575531005859e+00 2.868767608177596323e-15 6.772999854209513487e-17
1.572684049606323242e+00 2.883875076066587211e-15 7.097233478506618978e-17
1.576749324798583984e+00 2.911369342017988172e-15 5.387632801222027419e-17
1.580808401107788086e+00 2.874316097498585618e-15 5.853176998284016839e-17
1.584861159324645996e+00 2.875317078684003387e-15 6.571412630207890430e-17
1.588907599449157715e+00 2.857276970973381298e-15 3.829612309443288138e-17
1.592947840690612793e+00 2.822237547286075843e-15 4.465573910664677427e-17
1.596981644630432129e+00 2.879086798815758651e-15 5.993414552358296982e-17
1.601009130477905273e+00 2.917670843629086540e-15 5.278587235430386886e-17
1.605030298233032227e+00 2.877538422588177790e-15 6.052084157100968086e-17
1.609044909477233887e+00 2.857773544038709132e-15 7.561655687785741472e-17
1.613053202629089355e+00 2.874953278033157665e-15 3.923808328878376718e-17
1.617055058479309082e+00 2.841171486514288032e-15 4.814458178960353185e-17
1.621050357818603516e+00 2.795633512962239151e-15 6.352500935456956762e-17
1.625039219856262207e+00 2.864981159145132787e-15 4.641452361228152383e-17
1.629021644592285156e+00 2.837877798898889685e-15 5.158963022220928194e-17
1.632997512817382812e+00 2.852596055148617221e-15 7.114750516902531934e-17
1.636966943740844727e+00 2.884837940769378536e-15 4.561520244275928213e-17
1.640929698944091797e+00 2.925679751903612763e-15 5.042977080217722738e-17
1.644886016845703125e+00 2.955237390114525201e-15 5.950220504259757961e-17
1.648835778236389160e+00 2.976375732587966706e-15 7.925505969468216649e-17
1.652778983116149902e+00 3.016161928911685261e-15 5.668929465154975370e-17
1.656715631484985352e+00 3.043952232878151601e-15 5.068710999946492450e-17
1.660645723342895508e+00 3.055021047674633984e-15 6.106311471081984411e-17
1.664569258689880371e+00 3.061486873677499686e-15 5.611184979209383572e-17
1.668486118316650391e+00 3.042114383140846583e-15 5.560407339254958394e-17
1.672396540641784668e+00 3.064475629431886484e-15 5.672934342808712109e-17
1.676300406455993652e+00 3.030799717031423639e-15 5.160580325754591873e-17
1.680197596549987793e+00 3.021830061636474225e-15 4.865218282685792239e-17
1.684088349342346191e+00 3.034913120781527335e-15 5.343705871100766416e-17
1.687972426414489746e+00 3.025323225510950960e-15 5.357431444440981314e-17
1.691850066184997559e+00 3.043384509045254406e-15 6.836238804655927516e-17
1.695721030235290527e+00 3.037493394897100747e-15 6.138353801034328533e-17
1.699585556983947754e+00 3.010905242441025073e-15 6.868949496543214485e-17
1.703443527221679688e+00 3.010839173871139238e-15 2.915264396556157471e-17
1.707294940948486328e+00 2.985170475679308107e-15 5.952133607580470604e-17
1.711139798164367676e+00 2.940139451346190924e-15 6.938968681034603171e-17
1.714978218078613281e+00 2.862461871401761684e-15 5.618288144565498931e-17
1.718810200691223145e+00 2.822439352885759180e-15 5.418869788129989913e-17
1.722635626792907715e+00 2.725987922940148814e-15 5.116662990928436486e-17
1.726454615592956543e+00 2.717337598966314272e-15 5.081895597166097669e-17
1.730267167091369629e+00 2.667413900571619437e-15 5.529749047903537997e-17
1.734073281288146973e+00 2.573372491119184369e-15 5.142169932297121647e-17
1.737872958183288574e+00 2.577576527394644275e-15 5.544903327597754485e-17
1.741666197776794434e+00 2.490813036783254969e-15 5.649003676815307997e-17
1.745453000068664551e+00 2.462638391616971990e-15 4.664527391595931643e-17
1.749233603477478027e+00 2.359135835901943201e-15 2.253557295077422728e-17
1.753007769584655762e+00 2.335723209965123899e-15 4.738514065177369672e-17
1.756775498390197754e+00 2.299255900486984507e-15 5.821693180681268521e-17
1.760537028312683105e+00 2.222672051835697382e-15 3.026118510039083943e-17
1.764292240142822266e+00 2.173090978268166912e-15 3.845868062841180238e-17
1.768041253089904785e+00 2.145144184964695340e-15 4.342661489084197939e-17
1.771783947944641113e+00 2.065460407484694290e-15 3.989612200968195176e-17
1.775520324707031250e+00 1.830212676494336575e-15 5.191386847871781772e-17
1.779250621795654297e+00 1.998613626078568975e-15 2.701684046289250577e-17
1.782974720001220703e+00 1.930670784038696595e-15 3.798285325284679874e-17
1.786692619323730469e+00 1.903427239839682907e-15 3.038654597658447588e-17
1.790404438972473145e+00 1.896633400327992977e-15 1.251917673892061092e-17
1.794110059738159180e+00 1.852516112786726371e-15 3.674721747125998643e-17
1.797809720039367676e+00 1.846454321499700971e-15 2.875407856793147407e-17
1.801503181457519531e+00 1.793724191192515825e-15 3.526560464527950538e-17
1.805190682411193848e+00 1.764955987688444396e-15 2.539834578914674970e-17
1.808872222900390625e+00 1.769461250055771612e-15 1.929990709226279998e-17
1.812547683715820312e+00 1.799932307421179406e-15 4.512256344842475076e-17
1.816217303276062012e+00 1.766513046003734613e-15 4.060425809719879790e-17
1.819880843162536621e+00 1.741826482514244843e-15 5.187900116153748250e-17
1.823538661003112793e+00 1.773671109682743892e-15 3.047081913739137834e-17
1.827190399169921875e+00 1.712789663686775394e-15 2.478084553570856390e-17
1.830836415290832520e+00 1.713699694709481733e-15 4.626873468368027781e-17
1.834476590156555176e+00 1.640027310056144452e-15 2.434997211771336710e-17
1.838111042976379395e+00 1.603505472832025564e-15 4.149179311596614469e-17
1.841739654541015625e+00 1.594478854471373299e-15 2.386191901269482972e-17
1.845362544059753418e+00 1.663246494843634554e-15 6.081375615208205860e-17
1.848979711532592773e+00 1.627826859242130324e-15 2.809873645583021236e-17
1.852591156959533691e+00 1.517200544682456055e-15 3.285096848428616144e-17
1.856196999549865723e+00 1.521499872164482070e-15 3.699096443672221220e-17
1.859797239303588867e+00 1.475821714659662602e-15 1.777526598517853554e-17
1.863391876220703125e+00 1.448984852154449384e-15 1.335873280061804444e-17
1.866980910301208496e+00 1.453533948476797011e-15 2.635445242633351737e-17
1.870564341545104980e+00 1.513698910478506778e-15 2.655726056891926870e-17
1.874142408370971680e+00 1.537466125582870411e-15 2.537027789660160036e-17
1.877714872360229492e+00 1.533373685898211259e-15 8.945022618052074319e-17
1.881281971931457520e+00 1.668290046648941878e-15 7.635844524308887460e-17
1.884843587875366211e+00 1.616878852519750085e-15 5.917423123844275435e-17
1.888399839401245117e+00 1.625262996389909963e-15 4.144886575089709276e-17
1.891950607299804688e+00 1.593351241860341012e-15 3.680697961615571757e-17
1.895496129989624023e+00 1.562370270660686129e-15 1.732002051761507633e-17
1.899036407470703125e+00 1.609872301859180919e-15 1.500776946412109595e-17
1.902571201324462891e+00 1.630235503306766334e-15 3.570125420413158336e-17
1.906100869178771973e+00 1.646695471054285525e-15 5.990788750221808651e-17
1.909625291824340820e+00 1.751148715373488859e-15 5.711137513963351182e-17
1.913144469261169434e+00 1.799984611705672359e-15 2.541716414808233108e-17
1.916658520698547363e+00 1.827011738986662574e-15 5.562245665448296243e-17
1.920167326927185059e+00 1.768363283597893226e-15 4.410624302572779798e-17
1.923671007156372070e+00 1.741376919777489624e-15 7.766842140068705262e-18
1.927169561386108398e+00 1.691005776228407705e-15 7.162590011321168758e-17
1.930663108825683594e+00 1.673016066978147247e-15 3.395050658532839901e-17
1.934151530265808105e+00 1.647205067251177393e-15 3.890368725435308021e-17
1.937634944915771484e+00 1.623585235879636008e-15 3.942258427005249490e-17
1.941113352775573730e+00 1.584688530029652875e-15 3.405889702407489754e-17
1.944586753845214844e+00 1.513148762579265109e-15 2.519043890526522151e-17
1.948055148124694824e+00 1.521825662211819755e-15 2.774806812438938223e-17
1.951518654823303223e+00 1.509965401005246635e-15 3.404031523879450633e-17
1.954977273941040039e+00 1.515660638784347737e-15 2.546749808835618281e-17
1.958430886268615723e+00 1.512318140895363861e-15 3.554799748896020860e-17
1.961879730224609375e+00 1.529668128512210509e-15 4.610605472697069896e-17
1.965323686599731445e+00 1.561492215131738640e-15 3.743618612962275381e-17
1.968762755393981934e+00 1.484408087645979445e-15 4.118966043414747601e-17
1.972196936607360840e+00 1.501733511307355717e-15 1.605333072147179825e-17
1.975626468658447266e+00 1.455567568704036179e-15 2.031887449291992244e-17
1.979051113128662109e+00 1.394665688038215171e-15 3.078798996274626106e-17
1.982470989227294922e+00 1.400612282844413987e-15 3.605496325150415841e-17
1.985886216163635254e+00 1.391949465134607444e-15 3.499815399218396004e-17
1.989296674728393555e+00 1.397343265063604421e-15 2.923922330591627501e-17
1.992702364921569824e+00 1.389885775237740748e-15 1.218411234255498111e-17
1.996103405952453613e+00 1.373709351769314933e-15 2.992881069537723206e-17
1.999499678611755371e+00 1.343862981202507186e-15 1.957073595098001188e-17
2.002891302108764648e+00 1.368218143051383711e-15 2.383658743361600580e-17
2.006278276443481445e+00 1.375757371556657425e-15 2.004796126178023014e-17
2.009660720825195312e+00 1.463631428241015525e-15 2.675956413133136268e-17
2.013038396835327148e+00 1.481793932212515860e-15 4.804051585109946055e-17
2.016411542892456055e+00 1.507375491889898205e-15 2.958121616709264898e-17
2.019779920578002930e+00 1.499205223838920038e-15 3.529978043946774627e-17
2.023144006729125977e+00 1.547985745392176787e-15 3.075292412221891311e-17
2.026503324508666992e+00 1.527586650923451472e-15 4.261532938093977069e-17
2.029857873916625977e+00 1.502645871670667006e-15 2.058847746996933075e-17
2.033208131790161133e+00 1.539179990872521081e-15 2.623465351257868748e-17
2.036553621292114258e+00 1.553892741408091464e-15 2.867647248286174901e-17
2.039894819259643555e+00 1.557367376436847011e-15 1.185710385817500523e-17
2.043231248855590820e+00 1.533007238269405367e-15 1.775548313364871733e-17
2.046563148498535156e+00 1.541240822033190794e-15 3.712708858704638864e-17
2.049890756607055664e+00 1.569560098075217444e-15 2.975775305342371615e-17
2.053213596343994141e+00 1.577248298500089508e-15 1.926592816706034671e-17
2.056531906127929688e+00 1.608339066345532229e-15 3.658743264669434318e-17
2.059845685958862305e+00 1.619059009446864247e-15 3.412851916187226078e-17
2.063155174255371094e+00 1.630191351714390703e-15 4.184814914129888943e-17
2.066459894180297852e+00 1.634762047376893315e-15 5.306422193915041289e-17
2.069760084152221680e+00 1.644190476991899338e-15 3.655736297706681551e-17
2.073055982589721680e+00 1.649302214949460634e-15 3.351716320602411887e-17
2.076347112655639648e+00 1.666471466911186895e-15 3.718014726025799005e-17
2.079633951187133789e+00 1.684368637811959821e-15 3.696033228427814848e-17
2.082916259765625000e+00 1.715269458518980765e-15 3.242449401278852165e-17
2.086193799972534180e+00 1.703152016933797558e-15 3.393873415085054432e-17
2.089467048645019531e+00 1.727966164760967507e-15 3.628569701156969995e-17
2.092735767364501953e+00 1.733566111333502500e-15 3.173857930524730004e-17
2.095999956130981445e+00 1.749552693542624944e-15 4.020638753128324180e-17
2.099259376525878906e+00 1.772926038326515328e-15 2.433390165277268688e-17
2.102514505386352539e+00 1.763895820075837232e-15 2.783996458172157339e-17
2.105765104293823242e+00 1.785012880846478973e-15 4.731847651184682311e-17
2.109010934829711914e+00 1.790919241587683210e-15 3.882088316631407193e-17
2.112252473831176758e+00 1.806119883100872070e-15 3.405623019378002658e-17
2.115489244461059570e+00 1.815355930357732961e-15 4.637445498340945517e-17
2.118721485137939453e+00 1.803469517008913364e-15 4.491436870569005411e-17
2.121949195861816406e+00 1.839178731999260158e-15 4.463630036225177812e-17
2.125172376632690430e+00 1.856408652695833508e-15 2.792372819927114319e-17
2.128391027450561523e+00 1.855177066790525756e-15 3.082948795971682135e-17
2.131604909896850586e+00 1.849111463855237711e-15 3.627383193286323932e-17
2.134814262390136719e+00 1.853214067935263915e-15 3.035515612669931358e-17
2.138018846511840820e+00 1.858798132640037890e-15 4.164387523466769414e-17
2.141218900680541992e+00 1.892273086473764653e-15 4.550674582956377935e-17
2.144414424896240234e+00 1.875460117745477231e-15 4.425089375380617104e-17
2.147605180740356445e+00 1.887955759541609484e-15 4.777762461754030750e-17
2.150791168212890625e+00 1.900305499912577183e-15 3.161961418954992360e-17
2.153972625732421875e+00 1.912280216446148040e-15 3.343467675534033095e-17
2.157149076461791992e+00 1.899588486522726417e-15 3.012609327147112916e-17
2.160321235656738281e+00 1.885948714973090419e-15 4.158100950811366404e-17
2.163488388061523438e+00 1.913415240595468803e-15 2.354566304909743064e-17
2.166651010513305664e+00 1.920512953176986212e-15 3.126582242411609324e-17
2.169808626174926758e+00 1.886952025499113138e-15 5.182177018931616362e-17
2.172961711883544922e+00 1.880784566851917763e-15 4.548852469503046126e-17
2.176109790802001953e+00 1.872830715718963070e-15 2.793260550160506228e-17
2.179253101348876953e+00 1.860988348083400697e-15 3.718703271167688145e-17
2.182391881942749023e+00 1.896675328458882065e-15 1.609660219367567224e-17
2.185525417327880859e+00 1.897136537898662031e-15 3.231551462144588536e-17
2.188654422760009766e+00 1.863054896716464376e-15 3.652043432579999815e-17
2.191778421401977539e+00 1.865947302473100998e-15 4.050252811674457634e-17
2.194897651672363281e+00 1.866228093895115799e-15 5.437722226906808478e-17
2.198011875152587891e+00 1.885148480596171919e-15 3.938220462127010630e-17
2.201121330261230469e+00 1.867636497928162886e-15 3.155412464609287529e-17
2.204225778579711914e+00 1.852346282680801884e-15 2.429108182118326685e-17
2.207325220108032227e+00 1.841538354032073825e-15 2.471778294016874618e-17
2.210419654846191406e+00 1.867057974425188199e-15 3.696190723616444944e-17
2.213509321212768555e+00 1.865533738636604086e-15 2.622842815128861339e-17
2.216593980789184570e+00 1.875520892359442728e-15 4.783927604295510976e-17
2.219673395156860352e+00 1.880023507748809775e-15 3.535034764467433796e-17
2.222748041152954102e+00 1.864119828889399845e-15 6.808067845406454074e-18
2.225817680358886719e+00 1.845172125375794774e-15 3.921008487941007230e-17
2.228882074356079102e+00 1.843478694755996614e-15 3.324792584280545900e-17
2.231941461563110352e+00 1.831670420196561226e-15 5.256833708809222343e-17
2.234995841979980469e+00 1.818506045888571704e-15 3.493412359532745528e-17
2.238045215606689453e+00 1.812700270309853916e-15 2.964540207390431372e-17
2.241089344024658203e+00 1.817815714036559449e-15 5.798391833697894753e-17
2.244128465652465820e+00 1.802821325046027011e-15 2.942880317614607832e-17
2.247162342071533203e+00 1.831083426364113996e-15 3.888456283859085421e-17
2.250191211700439453e+00 1.816698265820894213e-15 3.624972788981344410e-17
2.253214836120605469e+00 1.811871872087439210e-15 4.167658195608804086e-17
2.256233453750610352e+00 1.766123093210642415e-15 3.834154854495184345e-17
2.259246826171875000e+00 1.796480859919354946e-15 3.088464105423940702e-17
2.262254953384399414e+00 1.784060604055528326e-15 4.048442609621946589e-17
2.265257835388183594e+00 1.772415912734031426e-15 4.003645816368524822e-17
2.268255710601806641e+00 1.757863039667255291e-15 4.750288154016449468e-17
2.271248340606689453e+00 1.750117135122851528e-15 3.263713898721875358e-17
2.274235963821411133e+00 1.754617950567205660e-15 2.052071317982776162e-17
2.277218103408813477e+00 1.735243977722894862e-15 2.843408540232656042e-17
2.280195236206054688e+00 1.740827301273839989e-15 3.705944506527425225e-17
2.283167123794555664e+00 1.731784801045426706e-15 4.294485497592374543e-17
2.286133766174316406e+00 1.732803675801855223e-15 2.770350128734625021e-17
2.289095163345336914e+00 1.704304193500300220e-15 3.006713183740834935e-17
2.292051553726196289e+00 1.624240415864337209e-15 2.707296632181545380e-17
2.295002698898315430e+00 1.528324204862273154e-15 2.788052951896117387e-17
2.297948598861694336e+00 1.466810237012942508e-15 2.078056535181639484e-17
2.300889253616333008e+00 1.431284934051268304e-15 3.087690526115081111e-17
2.303824901580810547e+00 1.454658067076921874e-15 2.772061565421997235e-17
2.306755304336547852e+00 1.469712383648472554e-15 3.171380359154011175e-17
2.309680461883544922e+00 1.463315908468163298e-15 3.271575754135824354e-17
2.312600612640380859e+00 1.452210035980238539e-15 3.326345698598675465e-17
2.315515756607055664e+00 1.452302574329726072e-15 2.614627919029474711e-17
2.318425655364990234e+00 1.422382300138270387e-15 2.847534186255825522e-17
2.321330547332763672e+00 1.397448614786419175e-15 2.265475478779209261e-17
2.324230194091796875e+00 1.364709944342093213e-15 2.047569304780895053e-17
2.327125072479248047e+00 1.337990078262719495e-15 3.979857756312724852e-17
2.330014944076538086e+00 1.316605778597219022e-15 2.173077584559688453e-17
2.332899570465087891e+00 1.308034334566597536e-15 2.540598066620061414e-17
2.335779428482055664e+00 1.324794257856563157e-15 9.881444176457427551e-18
2.338654518127441406e+00 1.325237150208858749e-15 2.135583307190007325e-17
2.341524362564086914e+00 1.340262773539321189e-15 2.953129416276384866e-17
2.344389677047729492e+00 1.341551322410331794e-15 2.870954316375161906e-17
2.347249984741210938e+00 1.347628783806881399e-15 2.465554256215780616e-17
2.350105762481689453e+00 1.338195483752428663e-15 2.053247899686071588e-17
2.352956771850585938e+00 1.341930793170701720e-15 3.570760364251354040e-17
2.355803012847900391e+00 1.268965257511848153e-15 2.322918540109586736e-17
2.358644723892211914e+00 1.225444598802803795e-15 2.924312428968507509e-17
2.361481904983520508e+00 1.240221829721483912e-15 3.870365843862550706e-17
2.364314556121826172e+00 1.275845812021513242e-15 3.712091781967674306e-17
2.367142677307128906e+00 1.262795893040521457e-15 2.699289027543664540e-17
2.369966506958007812e+00 1.282312273299089384e-15 2.839564466489999611e-17
2.372786045074462891e+00 1.290815637056575305e-15 3.178326029321496438e-17
2.375601530075073242e+00 1.272005576396899058e-15 2.850366452673207089e-17
2.378412723541259766e+00 1.242736458783645116e-15 2.694151077886852664e-17
2.381219863891601562e+00 1.220291144472590225e-15 2.319379365140717352e-17
2.384022951126098633e+00 1.222749445843759018e-15 2.020183836241101966e-17
2.386822223663330078e+00 1.215271838985398055e-15 3.352404865744301027e-17
2.389617681503295898e+00 1.187954920557328462e-15 2.144645070800525744e-17
2.392409324645996094e+00 1.191471695475209910e-15 2.702047178578161356e-17
2.395197391510009766e+00 1.186645513499991721e-15 3.340018332379686970e-17
2.397982120513916016e+00 1.188228723957528415e-15 4.496448592464341695e-17
2.400763273239135742e+00 1.137740795740843809e-15 2.258662488381977504e-17
2.403541088104248047e+00 1.144765345851542129e-15 1.516621591045562840e-17
2.406315803527832031e+00 1.136277863961817226e-15 2.142151782998168407e-17
2.409087657928466797e+00 1.143801739994921955e-15 3.034791664197824949e-17
2.411856412887573242e+00 1.110439441543180014e-15 2.168437266759388479e-17
2.414622306823730469e+00 1.086140607385295900e-15 2.361485008989259098e-17
2.417385578155517578e+00 1.073067712635609842e-15 2.859118685298508164e-17
2.420146465301513672e+00 1.070079380397696671e-15 3.086337920377434400e-17
2.422904968261718750e+00 1.051141629521221837e-15 2.197525238435938207e-17
2.425661087036132812e+00 1.067200421289097711e-15 7.945229429430053551e-18
2.428415298461914062e+00 9.951838801685241806e-16 1.560075539292566022e-17
2.431167602539062500e+00 9.945751811168035590e-16 1.674653123584838693e-17
2.433918237686157227e+00 1.000287465433968154e-15 3.499483865228884751e-17
2.436667203903198242e+00 1.007841305257582004e-15 2.843620960213959659e-17
2.439414978027343750e+00 9.709482558443289189e-16 1.979000995083924377e-17
2.442161321640014648e+00 9.284187315626904989e-16 2.397617250762310411e-17
2.444906949996948242e+00 9.422185923393575600e-16 3.124263158846255655e-17
2.447651624679565430e+00 9.012663492846250540e-16 3.146360130857752215e-17
2.450395822525024414e+00 9.006689792985739587e-16 3.256122365932108691e-17
2.453139543533325195e+00 9.201730775794066987e-16 2.575922152934648419e-17
2.455883026123046875e+00 8.953027079403627457e-16 3.075717583056743567e-17
2.458626747131347656e+00 9.018549313038483860e-16 2.362379522103673943e-17
2.461370706558227539e+00 8.970725832836506063e-16 1.812219049716695066e-17
2.464115381240844727e+00 8.825972137315482406e-16 1.577225474932627945e-17
2.466860771179199219e+00 8.742376338168587370e-16 3.139107742119132290e-17
2.469607114791870117e+00 8.611911559072151726e-16 3.075170651235723505e-17
2.472354888916015625e+00 8.047021051383522559e-16 2.246399701237001379e-17
2.475104093551635742e+00 8.801354712890312269e-16 1.549769861476890361e-17
2.477855443954467773e+00 8.124142342439842537e-16 3.808626737302817826e-17
2.480608701705932617e+00 8.205136691647482803e-16 1.310573630154625072e-17
2.483364582061767578e+00 7.847022278855797332e-16 3.307799647520746542e-17
2.486123085021972656e+00 8.160060774568161143e-16 2.309295537165328413e-17
2.488884687423706055e+00 7.840998815809635189e-16 1.178153760049583594e-17
2.491649627685546875e+00 7.713443594887018067e-16 4.536504648191099550e-17
2.494418382644653320e+00 7.943836027144595725e-16 3.632284072979578111e-17
2.497190952301025391e+00 8.294158266217133667e-16 2.742589616505100391e-17
2.499968051910400391e+00 7.697837542229449617e-16 3.121894444444148805e-17
2.502749919891357422e+00 7.736127666610080264e-16 2.434208246903083633e-17
2.505537033081054688e+00 8.088183676246529352e-16 3.985373396637228441e-17
2.508329391479492188e+00 7.698950861159496988e-16 1.095242221249004673e-17
2.511127710342407227e+00 7.229608846294705102e-16 4.100406426574772808e-17
2.513932228088378906e+00 6.622106758007672254e-16 1.418746106809715883e-17
2.516743421554565430e+00 7.398600918997002597e-16 7.004007907366177610e-18
2.519561767578125000e+00 7.387321616513127520e-16 5.010865267093924161e-17
2.522387504577636719e+00 7.112374192438789596e-16 7.973592956326129339e-17
2.525221347808837891e+00 7.299529827903771494e-16 6.920347852829299455e-17
2.528063297271728516e+00 7.176257417320708928e-16 5.564178621103710158e-17
2.530914306640625000e+00 6.716324879708728251e-16 4.922772517090496841e-17
2.533774375915527344e+00 6.230387901220448520e-16 3.611937084271998736e-17
2.536644458770751953e+00 6.787732933535817973e-16 3.503092357933086079e-17
2.539524793624877930e+00 8.126728969302520356e-16 4.326933146044869649e-17
