# 2MASS J03205965+1854233 flux calibrated spectrum (erg/s/cm2/A) as a function of wavelength (um)
6.559745073318481445e-01 9.944166800765485981e-16 9.761582893284411161e-17
6.561540961265563965e-01 1.838570138826657943e-15 1.176572968268158005e-16
6.563336849212646484e-01 2.733184950134731790e-15 1.339477918104351275e-16
6.565132737159729004e-01 2.841640107492356473e-15 1.355699128439863160e-16
6.566928625106811523e-01 1.988728751584111290e-15 1.181809617115659708e-16
6.568724513053894043e-01 1.165759904482187217e-15 9.801464248465797816e-17
6.570520401000976562e-01 7.147827285841710371e-16 8.470025731822073919e-17
6.572316288948059082e-01 5.272488399686808911e-16 7.895982900789464028e-17
6.574112176895141602e-01 3.282833152877079027e-16 7.437024054020131771e-17
6.575908064842224121e-01 5.328187698111475600e-16 8.279443318689856343e-17
6.577703952789306641e-01 6.514827388259954947e-16 8.594029370066633361e-17
6.579499840736389160e-01 6.850793477667716565e-16 8.495417529649491699e-17
6.581295728683471680e-01 6.446175367884993904e-16 8.054006161522614350e-17
6.583091616630554199e-01 5.164500169241358161e-16 7.534569162319325049e-17
6.584887504577636719e-01 5.538995140441757732e-16 7.598616102788080875e-17
6.586683392524719238e-01 6.757486445780550976e-16 7.920640823977424761e-17
6.588479280471801758e-01 6.246803929133828894e-16 7.487702432301050585e-17
6.590275168418884277e-01 5.100988580065046653e-16 7.125965100775280862e-17
6.592071056365966797e-01 6.181505629834402847e-16 7.901274209731843235e-17
6.593866944313049316e-01 6.944670139211910672e-16 8.134012393857723271e-17
6.595662832260131836e-01 5.714872532214048621e-16 7.699107297556943017e-17
6.597458720207214355e-01 5.304434776688096882e-16 7.673271469176706772e-17
6.599254608154296875e-01 5.880754405813146731e-16 7.814588990258736147e-17
6.601050496101379395e-01 5.805628936138794698e-16 7.999354669323480833e-17
6.602846384048461914e-01 4.927648581365374428e-16 7.789570416323702293e-17
6.604642271995544434e-01 5.543908990327016742e-16 7.976993661260457346e-17
6.606438159942626953e-01 4.047278005493920930e-16 7.511678758664267624e-17
6.608234047889709473e-01 3.350497056379508724e-16 7.217962805014448515e-17
6.610029935836791992e-01 3.668872653752962678e-16 7.214792387162655271e-17
6.611825823783874512e-01 5.626451292245764242e-16 7.642827252167815099e-17
6.613621711730957031e-01 6.420420801728134869e-16 7.907724233276286724e-17
6.615417599678039551e-01 5.864127149058544815e-16 7.683989744681923883e-17
6.617213487625122070e-01 5.150913760767399183e-16 7.461201550708321706e-17
6.619009375572204590e-01 4.778776717533918771e-16 7.388604871428217785e-17
6.620805263519287109e-01 4.783398341052375047e-16 7.483403078349244969e-17
6.622601151466369629e-01 3.844901187966779255e-16 7.021380354591016297e-17
6.624397039413452148e-01 5.471909072228033077e-16 7.681739813415779648e-17
6.626192927360534668e-01 6.500476003155506929e-16 8.094387795538473076e-17
6.627988815307617188e-01 4.486700699079322792e-16 7.439704119204803580e-17
6.629784703254699707e-01 4.967475541149679596e-16 7.586276553282259830e-17
6.631580591201782227e-01 4.516220326686727193e-16 7.317080218221982588e-17
6.633376479148864746e-01 4.336624460275989926e-16 7.229810678364168041e-17
6.635172367095947266e-01 4.582513360303585009e-16 7.387433583680842698e-17
6.636968255043029785e-01 4.676199968830238932e-16 7.306899940987169966e-17
6.638764142990112305e-01 6.812492765375245240e-16 7.867104371244012725e-17
6.640560030937194824e-01 6.809798671207384531e-16 7.948709378267064139e-17
6.642355918884277344e-01 5.329735650822582833e-16 7.443217320702438800e-17
6.644151806831359863e-01 4.946378597411535145e-16 7.146356757235938100e-17
6.645947694778442383e-01 4.497434724103402913e-16 7.103117710512076195e-17
6.647743582725524902e-01 5.524872454233068376e-16 7.704967706760758707e-17
6.649540066719055176e-01 5.580947623528079160e-16 7.714566310588824040e-17
6.651335954666137695e-01 3.244645466543506947e-16 6.856306868060954010e-17
6.653131842613220215e-01 2.587668713202942450e-16 6.648177638030771568e-17
6.654927730560302734e-01 3.059156897797839919e-16 6.735592761676395448e-17
6.656723618507385254e-01 3.050504720939433258e-16 6.791420835578824392e-17
6.658519506454467773e-01 2.656570343599547494e-16 6.789513026214032089e-17
6.660315394401550293e-01 3.144949688651675797e-16 6.945067318254834134e-17
6.662111282348632812e-01 3.535343997667630619e-16 7.044261493823213128e-17
6.663907170295715332e-01 3.823680895055690896e-16 7.167533242661785651e-17
6.665703058242797852e-01 3.769809864308113411e-16 7.159545986666973616e-17
6.667498946189880371e-01 3.812956399152267386e-16 7.226722316829140057e-17
6.669294834136962891e-01 5.749594530304370527e-16 7.815365878290045950e-17
6.671090722084045410e-01 3.442949908478927555e-16 7.155294278318451054e-17
6.672886610031127930e-01 3.704328129436047605e-16 7.245611151552910955e-17
6.674682497978210449e-01 3.915765023125258090e-16 7.330150995389300510e-17
6.676478385925292969e-01 3.391668416269784077e-16 7.301995090826975533e-17
6.678274273872375488e-01 2.925883410387868219e-16 6.984865293630475444e-17
6.680070161819458008e-01 3.202428020963372533e-16 7.148446546335492069e-17
6.681866049766540527e-01 3.472767850502443080e-16 7.030611690227108086e-17
6.683661937713623047e-01 2.978021729362718625e-16 6.874369845661151964e-17
6.685457825660705566e-01 2.728880222817667029e-16 6.774129452054015901e-17
6.687253713607788086e-01 3.333241407057162525e-16 6.944548510574640875e-17
6.689049601554870605e-01 5.475576195494052164e-16 7.674736571477660694e-17
6.690845489501953125e-01 3.641887507542420754e-16 6.945058715576463582e-17
6.692641377449035645e-01 3.356998034249685479e-16 6.877894958559607947e-17
6.694437265396118164e-01 3.587814512376482322e-16 7.139786296194306891e-17
6.696233153343200684e-01 3.485273233177468757e-16 7.125405264936704973e-17
6.698029041290283203e-01 3.535313292723292651e-16 7.202064393641179323e-17
6.699824929237365723e-01 4.476940761944585116e-16 7.519591899276194908e-17
6.701620817184448242e-01 4.847807255757184079e-16 7.687027813635708643e-17
6.703416705131530762e-01 2.679524936470139033e-16 7.093156470703467615e-17
6.705212593078613281e-01 2.692256635760759218e-16 7.051062903691869142e-17
6.707008481025695801e-01 4.379249540461990471e-16 7.594277705911362756e-17
6.708804368972778320e-01 5.077734878684955939e-16 7.820458002140922389e-17
6.710600256919860840e-01 4.526935293469494092e-16 7.590305253737638096e-17
6.712396144866943359e-01 3.880295518458984263e-16 7.345021717569533821e-17
6.714192032814025879e-01 5.311878608107686080e-16 7.822673522693584418e-17
6.715987920761108398e-01 4.711177135595921196e-16 7.423695858246187346e-17
6.717783808708190918e-01 4.458545323912589849e-16 7.376350686961612212e-17
6.719579696655273438e-01 2.909484323133432930e-16 7.146653880511967148e-17
6.721375584602355957e-01 2.914086359014983951e-16 7.075790310051284331e-17
6.723171472549438477e-01 4.003673014067065565e-16 7.340032164114613958e-17
6.724967360496520996e-01 3.820754396222927288e-16 7.299150251264283160e-17
6.726763248443603516e-01 3.986563742625916749e-16 7.085593392926772772e-17
6.728559136390686035e-01 6.013982100504407496e-16 7.783812577515843178e-17
6.730355024337768555e-01 5.710122794962320131e-16 7.657755546118682100e-17
6.732150912284851074e-01 4.428817379139720093e-16 7.187284330456081825e-17
6.733946800231933594e-01 3.905908735992770237e-16 7.092615163710612913e-17
6.735742688179016113e-01 3.818616696822294248e-16 6.998082978074582784e-17
6.737538576126098633e-01 4.083171820727209958e-16 7.208628237237910109e-17
6.739334464073181152e-01 4.210801421730507848e-16 7.599631218835805951e-17
6.741130352020263672e-01 4.047728256444945794e-16 7.548308301421585817e-17
6.742926239967346191e-01 4.439819807728961421e-16 7.688316891902311281e-17
6.744722127914428711e-01 5.615643151838799370e-16 7.793341036427964014e-17
6.746518015861511230e-01 7.392745803749107246e-16 8.099740646718426229e-17
6.748313903808593750e-01 6.027837971334711747e-16 7.625095146812638355e-17
6.750109791755676270e-01 4.998581767346409709e-16 7.448072540025880051e-17
6.751905679702758789e-01 4.968719620790959350e-16 7.620098975912818068e-17
6.753701567649841309e-01 4.584396949820041759e-16 7.534937092255788635e-17
6.755497455596923828e-01 5.940186472557244714e-16 7.881663411769436055e-17
6.757293939590454102e-01 5.778866400774703045e-16 7.761540904958975418e-17
6.759089827537536621e-01 5.055860782217705667e-16 7.540581111011360454e-17
6.760885715484619141e-01 5.839710894958347574e-16 7.743091468576592689e-17
6.762681603431701660e-01 4.264788654810536782e-16 7.248426212613551418e-17
6.764477491378784180e-01 3.441062877891122584e-16 7.182106841565989914e-17
6.766273379325866699e-01 4.534827522955536035e-16 7.617834486267892899e-17
6.768069267272949219e-01 5.075344657586922711e-16 7.612793978487239770e-17
6.769865155220031738e-01 6.319459238975750574e-16 8.120014512659855916e-17
6.771661043167114258e-01 6.193413854281614242e-16 7.961928386200151564e-17
6.773456931114196777e-01 6.097806069151469159e-16 7.918886539334322300e-17
6.775252819061279297e-01 5.348785951201924082e-16 7.865793455409238687e-17
6.777048707008361816e-01 4.350952551974388450e-16 7.492953374829537205e-17
6.778844594955444336e-01 6.062649966675679424e-16 7.804547017622342391e-17
6.780640482902526855e-01 6.218298094085169484e-16 8.019923011562979397e-17
6.782436370849609375e-01 5.118343226363103200e-16 7.691905532271811337e-17
6.784232258796691895e-01 5.865007533928097254e-16 7.776039064991314845e-17
6.786028146743774414e-01 4.581076051271212868e-16 7.426882157965741609e-17
6.787824034690856934e-01 4.398117464059876029e-16 7.330759800320139539e-17
6.789619922637939453e-01 4.820968487427839538e-16 7.596791011484543875e-17
6.791415810585021973e-01 3.465328254247590153e-16 7.145675822155684448e-17
6.793211698532104492e-01 3.299516260866640523e-16 7.050348881387113369e-17
6.795007586479187012e-01 4.483457621682522889e-16 7.337402391511185372e-17
6.796803474426269531e-01 5.523766017445717446e-16 7.797894500263945921e-17
6.798599362373352051e-01 5.172937146791603026e-16 7.729583278301356726e-17
6.800395250320434570e-01 4.520159559287051723e-16 7.278290079704675887e-17
6.802191138267517090e-01 5.468851812684037087e-16 7.578321722767459873e-17
6.803987026214599609e-01 6.162121280836488184e-16 7.939120038861859400e-17
6.805782914161682129e-01 5.293359291507154871e-16 7.625310875516392185e-17
6.807578802108764648e-01 5.045447041526806078e-16 7.625735053734509377e-17
6.809374690055847168e-01 5.398911772833657474e-16 7.917940244713561637e-17
6.811170578002929688e-01 5.693832233804251800e-16 8.046010302849431763e-17
6.812966465950012207e-01 5.387183013492145584e-16 7.901174286313846829e-17
6.814762353897094727e-01 4.079080122196379653e-16 7.538558158105300769e-17
6.816558241844177246e-01 4.294197903437002107e-16 7.574220230418176941e-17
6.818354129791259766e-01 5.232953666269306477e-16 7.699181412939827768e-17
6.820150017738342285e-01 5.148357309453467298e-16 7.819061059522442836e-17
6.821945905685424805e-01 3.774328520383919087e-16 7.438149019653203888e-17
6.823741793632507324e-01 3.460462049965614198e-16 7.865107888117554738e-17
6.825537681579589844e-01 5.387231188491020673e-16 8.904842816105678531e-17
6.827333569526672363e-01 5.046627064301449726e-16 9.318321949307865242e-17
6.829129457473754883e-01 6.184741825088506308e-16 1.002653678441902643e-16
6.830925345420837402e-01 5.530959974145866626e-16 1.010151243514083286e-16
6.832721233367919922e-01 6.563639779427852140e-16 1.023658374998135182e-16
6.834517121315002441e-01 6.649014877159573240e-16 9.907410864810569685e-17
6.836313009262084961e-01 6.519060435413858313e-16 9.361289680790809754e-17
6.838108897209167480e-01 6.119724634848450282e-16 8.755248856686688582e-17
6.839904785156250000e-01 5.757732399345116218e-16 8.397436993475850507e-17
6.841700673103332520e-01 5.819000410002387897e-16 8.304722619953966911e-17
6.843496561050415039e-01 5.404057497988227349e-16 8.134600022964880942e-17
6.845292448997497559e-01 5.295856979910370990e-16 8.073771807695691457e-17
6.847088336944580078e-01 4.890757649534489479e-16 7.898721199489259570e-17
6.848884224891662598e-01 4.409372414346517544e-16 7.719022497984769711e-17
6.850680112838745117e-01 3.985361485236407677e-16 7.585743187223285638e-17
6.852476000785827637e-01 5.370256648228044494e-16 7.946939211756200660e-17
6.854271888732910156e-01 5.135474467721321424e-16 7.881419889797100444e-17
6.856067776679992676e-01 3.090753344312793457e-16 7.575547028120711997e-17
6.857863664627075195e-01 2.728365120906618008e-16 7.820301168696782335e-17
6.859659552574157715e-01 2.868704451283466675e-16 8.349076044399060255e-17
6.861455440521240234e-01 3.382451639012473222e-16 9.189981237675567765e-17
6.863251328468322754e-01 5.607840390207811162e-16 1.029806510706221317e-16
6.865047812461853027e-01 6.989530062889682486e-16 1.069370427055734622e-16
6.866843700408935547e-01 3.906412720596386546e-16 9.114487441018058120e-17
6.868639588356018066e-01 2.386872935611410130e-16 7.782944368744907520e-17
6.870435476303100586e-01 5.734723808124137217e-16 8.373240967941939384e-17
6.872231364250183105e-01 4.002048034297317394e-16 7.647970330344424804e-17
6.874027252197265625e-01 2.886270061724948745e-16 7.107153690156844928e-17
6.875823140144348145e-01 3.728870644384944940e-16 7.368348872588019243e-17
6.877619028091430664e-01 5.057533142892940876e-16 7.627472794765360778e-17
6.879414916038513184e-01 5.456354900338483953e-16 8.051186468250543589e-17
6.881210803985595703e-01 7.034738858262604665e-16 8.622577027367063452e-17
6.883006691932678223e-01 4.815568122993501340e-16 7.950578806451433981e-17
6.884802579879760742e-01 4.451769060334555446e-16 7.867174516159957222e-17
6.886598467826843262e-01 4.135920797517471511e-16 7.702255216096074819e-17
6.888394355773925781e-01 3.786033456923789450e-16 7.825210651068407065e-17
6.890190243721008301e-01 4.179418851034736020e-16 7.959088178848889488e-17
6.891986131668090820e-01 4.207330704229133352e-16 7.969441833140093225e-17
6.893782019615173340e-01 4.030104147790543974e-16 7.597416360027633964e-17
6.895577907562255859e-01 4.116663503461644993e-16 7.475251709720902413e-17
6.897373795509338379e-01 3.901637572356240428e-16 7.428694014379477761e-17
6.899169683456420898e-01 6.086388065022481191e-16 8.532508308316369460e-17
6.900965571403503418e-01 6.516682919810033899e-16 8.808717811482116291e-17
6.902761459350585938e-01 5.167070384840682928e-16 8.303333618269367867e-17
6.904557347297668457e-01 5.488349452338647013e-16 8.223948102265918737e-17
6.906353235244750977e-01 4.528612948100649641e-16 7.796360576536027587e-17
6.908149123191833496e-01 4.463887984227396348e-16 7.913456925793524227e-17
6.909945011138916016e-01 5.158010838074206152e-16 8.479143247405878411e-17
6.911740899085998535e-01 4.957559432315291909e-16 8.564662473087530752e-17
6.913536787033081055e-01 5.984480472347132249e-16 8.809764029520873361e-17
6.915332674980163574e-01 5.690528275914367995e-16 8.674815137411012256e-17
6.917128562927246094e-01 4.341939327322214643e-16 8.254710618374520815e-17
6.918924450874328613e-01 5.295597046674682326e-16 8.890493548583598650e-17
6.920720338821411133e-01 5.260312301070028344e-16 9.289158869631695698e-17
6.922516226768493652e-01 3.950459492644794231e-16 9.185538285169422943e-17
6.924312114715576172e-01 6.019848333059735560e-16 9.909822261732284272e-17
6.926108002662658691e-01 4.982658077333620896e-16 9.184945362106344932e-17
6.927903890609741211e-01 3.913069340770621279e-16 8.261424677970491230e-17
6.929699778556823730e-01 4.925506117404413083e-16 8.124389305483526369e-17
6.931495666503906250e-01 5.558876062505000229e-16 8.261091820491999892e-17
6.933291554450988770e-01 7.464173445213102224e-16 8.745012331170222354e-17
6.935087442398071289e-01 6.691842980555118801e-16 8.596719361418655807e-17
6.936883330345153809e-01 6.953736038725491855e-16 8.822061227379331691e-17
6.938679218292236328e-01 7.700933447651664085e-16 9.254638306564142705e-17
6.940475106239318848e-01 6.941296830499470421e-16 9.132988493470664158e-17
6.942270994186401367e-01 7.301472180330944011e-16 9.164866049044987717e-17
6.944066882133483887e-01 6.583597463851939557e-16 8.882710109891719680e-17
6.945862770080566406e-01 8.508920823015501348e-16 9.544956202257593976e-17
6.947658658027648926e-01 1.057210408830062086e-15 1.046637849461552316e-16
6.949454545974731445e-01 1.086778846711052016e-15 1.056147183957910926e-16
6.951250433921813965e-01 9.902201612184955738e-16 9.984651005177301282e-17
6.953046321868896484e-01 8.981495856760844491e-16 9.353664399032050924e-17
6.954842209815979004e-01 8.188522669782681736e-16 8.951805499075009146e-17
6.956638097763061523e-01 7.713438300931097728e-16 8.942735629094487708e-17
6.958433985710144043e-01 7.019221214668905882e-16 8.739273021208084427e-17
6.960229873657226562e-01 6.811813021435073664e-16 8.522298252579504929e-17
6.962025761604309082e-01 7.502036347350961483e-16 8.690328413491076758e-17
6.963821649551391602e-01 9.400221300280087525e-16 9.116541495915149798e-17
6.965617537498474121e-01 9.951928798935887575e-16 9.303524680766026640e-17
6.967413425445556641e-01 8.569052221336676163e-16 9.120661517110153918e-17
6.969209313392639160e-01 8.404547835068050358e-16 9.232448690324040206e-17
6.971005797386169434e-01 8.873737913397928504e-16 9.607787518098141874e-17
6.972801685333251953e-01 1.062823590292397927e-15 9.973022830998275840e-17
6.974597573280334473e-01 9.150219525897980780e-16 9.625722117267271599e-17
6.976393461227416992e-01 1.081062962503861590e-15 1.023881581414626491e-16
6.978189349174499512e-01 1.010612585302761261e-15 1.029525467821300300e-16
6.979985237121582031e-01 9.506432879118672380e-16 1.002801975382121150e-16
6.981781125068664551e-01 8.936278061662857736e-16 9.698819075381847590e-17
6.983577013015747070e-01 8.791627068886688663e-16 9.320632099322603338e-17
6.985372900962829590e-01 1.004310977812544487e-15 9.521959257739639722e-17
6.987168788909912109e-01 8.739858532732873962e-16 9.062427340241930728e-17
6.988964676856994629e-01 1.061100725277682680e-15 9.541487337640791599e-17
6.990760564804077148e-01 8.738734625890985912e-16 9.082914949653644117e-17
6.992556452751159668e-01 9.214419329343936406e-16 9.294542822802680845e-17
6.994352340698242188e-01 7.647242676103174156e-16 8.890185175651238881e-17
6.996148228645324707e-01 8.690028113841495507e-16 9.144294398083038940e-17
6.997944116592407227e-01 1.008620363810819147e-15 9.493960848365944841e-17
6.999740004539489746e-01 9.934671561426765274e-16 9.508670104890607801e-17
7.001535892486572266e-01 1.129157810886315984e-15 1.001625393678825724e-16
7.003331780433654785e-01 1.111746625139030213e-15 1.000368542368888151e-16
7.005127668380737305e-01 1.069063787893938765e-15 9.787012410547761359e-17
7.006923556327819824e-01 1.281212189258842862e-15 1.024619227997676778e-16
7.008719444274902344e-01 1.176441307584419164e-15 1.006903269208057070e-16
7.010515332221984863e-01 1.209854322133877957e-15 1.025707797683796563e-16
7.012311220169067383e-01 1.286743102646176629e-15 1.036361883973479559e-16
7.014107108116149902e-01 1.156949597160440019e-15 9.876643716490537310e-17
7.015902996063232422e-01 1.322339344617183381e-15 1.005447629853310754e-16
7.017698884010314941e-01 1.450118605754349265e-15 1.026187628613526323e-16
7.019494771957397461e-01 1.527653248888929342e-15 1.061348892696338390e-16
7.021290659904479980e-01 1.438794092886914490e-15 1.035672875610447389e-16
7.023086547851562500e-01 1.464813145081553681e-15 1.042997923894073973e-16
7.024882435798645020e-01 1.283901412987256858e-15 1.008036705170601731e-16
7.026678323745727539e-01 1.259604908169977694e-15 1.008080975876985569e-16
7.028474211692810059e-01 1.283341312450884952e-15 1.014646473834941460e-16
7.030270099639892578e-01 1.481344581233997454e-15 1.056522326909315975e-16
7.032065987586975098e-01 1.555136503412015998e-15 1.074093760702310419e-16
7.033861875534057617e-01 1.513958314318603407e-15 1.059824101042382641e-16
7.035657763481140137e-01 1.553282877686068368e-15 1.081478829211183850e-16
7.037453651428222656e-01 1.628050899456679086e-15 1.103764133704546483e-16
7.039249539375305176e-01 1.696292850006050641e-15 1.117736471565098201e-16
7.041045427322387695e-01 1.669271122560099171e-15 1.110436900444338251e-16
7.042841315269470215e-01 1.600129517141625143e-15 1.108733702475867065e-16
7.044637203216552734e-01 1.625892553627956722e-15 1.130443289262892791e-16
7.046433091163635254e-01 1.412476990973960192e-15 1.091557462492325956e-16
7.048228979110717773e-01 1.562297637585459073e-15 1.127862088705033320e-16
7.050024867057800293e-01 1.757582671761714118e-15 1.166605243363547009e-16
7.051820755004882812e-01 1.576394171651901953e-15 1.110964575500698079e-16
7.053616642951965332e-01 1.375689714799995488e-15 1.062931984039866876e-16
7.055412530899047852e-01 1.108424244282543627e-15 9.874494370386879523e-17
7.057208418846130371e-01 9.022385313498361772e-16 9.143421557100672985e-17
7.059004306793212891e-01 6.282653539835183088e-16 8.219137881567800371e-17
7.060800194740295410e-01 4.476685593269224758e-16 7.759168550962173335e-17
7.062596082687377930e-01 4.554540626616103774e-16 7.990170317546182056e-17
7.064391970634460449e-01 3.650265986879745869e-16 7.738819246148878812e-17
7.066187858581542969e-01 4.518716956298759243e-16 7.945235881438831465e-17
7.067983746528625488e-01 3.829384603164264541e-16 7.694713975887551376e-17
7.069779634475708008e-01 3.404307206634002306e-16 7.467933477405523266e-17
7.071575522422790527e-01 6.666518813014583357e-16 8.566689396460530691e-17
7.073371410369873047e-01 5.989512906845006861e-16 8.189509595515131004e-17
7.075167298316955566e-01 6.422915313757798783e-16 8.252886188815473857e-17
7.076963186264038086e-01 7.587360623105847326e-16 8.567354449673023325e-17
7.078759670257568359e-01 8.453548691066711633e-16 8.817546144723772245e-17
7.080555558204650879e-01 8.307981314520731814e-16 8.783845483079381813e-17
7.082351446151733398e-01 5.929617089562287148e-16 8.103899710838342852e-17
7.084147334098815918e-01 6.274588727386138081e-16 8.176398451933920494e-17
7.085943222045898438e-01 7.097311299658647966e-16 8.241299704539321088e-17
7.087739109992980957e-01 6.968222949101500561e-16 8.369970626672149734e-17
7.089534997940063477e-01 5.969789744668190477e-16 8.257539576069452170e-17
7.091330885887145996e-01 5.559713566331597918e-16 8.116632336571249096e-17
7.093126773834228516e-01 3.456823514061564944e-16 7.365793215367475409e-17
7.094922661781311035e-01 4.965075790930989757e-16 7.723965067580896562e-17
7.096718549728393555e-01 5.240815720206602486e-16 7.849560201324008030e-17
7.098514437675476074e-01 3.888886285428714987e-16 7.458563837171012611e-17
7.100310325622558594e-01 4.259251441615657810e-16 7.525172390560722654e-17
7.102106213569641113e-01 3.636793663155870205e-16 7.140084081214825981e-17
7.103902101516723633e-01 4.507683293369587913e-16 7.509655144013717898e-17
7.105697989463806152e-01 5.333279954311250046e-16 7.970585989363376572e-17
7.107493877410888672e-01 4.038671886052021221e-16 7.601648877785945296e-17
7.109289765357971191e-01 4.817352715534247744e-16 7.670457069860556350e-17
7.111085653305053711e-01 5.856564203630747981e-16 7.807177451970261019e-17
7.112881541252136230e-01 5.936381706437296804e-16 7.956830968393354786e-17
7.114677429199218750e-01 7.045355357465253252e-16 8.400148822396044353e-17
7.116473317146301270e-01 6.599611151115374139e-16 8.363832946527006268e-17
7.118269205093383789e-01 5.580013769703731294e-16 8.014464943009109500e-17
7.120065093040466309e-01 6.033372802249426566e-16 7.740410741647430837e-17
7.121860980987548828e-01 7.883507164267592252e-16 8.164941007833325997e-17
7.123656868934631348e-01 8.551104122579949573e-16 8.375397593234987638e-17
7.125452756881713867e-01 5.846766679408975896e-16 7.655009968229496090e-17
7.127248644828796387e-01 5.498697547976134394e-16 7.708525906883716811e-17
7.129044532775878906e-01 4.366974444869499558e-16 7.424703033360031913e-17
7.130840420722961426e-01 4.786357662411844759e-16 7.514881601996072948e-17
7.132636308670043945e-01 4.003112119437305608e-16 7.233387407332847333e-17
7.134432196617126465e-01 4.148495531015053634e-16 7.542251354104227527e-17
7.136228084564208984e-01 4.171415448474366950e-16 7.456071045677022807e-17
7.138023972511291504e-01 5.168000003500294523e-16 7.941238282974485193e-17
7.139819860458374023e-01 5.441721876779073881e-16 7.980739135074097455e-17
7.141615748405456543e-01 3.693076355522958293e-16 7.478893951394095904e-17
7.143411636352539062e-01 3.388379546154273239e-16 7.680135744771916816e-17
7.145207524299621582e-01 4.071843284453275725e-16 8.016148420991777422e-17
7.147003412246704102e-01 4.730690657118292140e-16 8.157227052312901482e-17
7.148799300193786621e-01 4.924190039962616713e-16 8.040582012797613774e-17
7.150595188140869141e-01 4.694593289279866064e-16 7.856304039422030354e-17
7.152391076087951660e-01 6.083715146678301839e-16 8.311833064499472737e-17
7.154186964035034180e-01 4.805771657562913322e-16 7.744297828781940025e-17
7.155982851982116699e-01 4.937067058343250214e-16 7.732358634692594644e-17
7.157778739929199219e-01 6.726804265453040048e-16 8.312758183296552043e-17
7.159574627876281738e-01 5.294923655481615157e-16 7.924149393263629684e-17
7.161370515823364258e-01 4.289135028692585543e-16 7.767184261970057194e-17
7.163166403770446777e-01 3.987121990277716537e-16 7.595548255332244206e-17
7.164962291717529297e-01 5.048024668664419321e-16 7.898382386310357850e-17
7.166758179664611816e-01 4.516765604146522149e-16 7.515655843049422581e-17
7.168554067611694336e-01 3.619082733624374819e-16 7.251739567275193826e-17
7.170349955558776855e-01 3.237124872763072828e-16 7.102651180646596288e-17
7.172145843505859375e-01 3.443062140344438750e-16 7.084126967136838765e-17
7.173941731452941895e-01 4.110528867341155723e-16 7.166895982717874799e-17
7.175737619400024414e-01 3.014343825629963109e-16 6.814693727549126336e-17
7.177533507347106934e-01 3.829956879799253228e-16 7.091962021898941043e-17
7.179329395294189453e-01 5.129108485727113323e-16 7.579801383447194729e-17
7.181125283241271973e-01 4.379378977684242769e-16 7.312375876642271009e-17
7.182921171188354492e-01 3.759412534880566875e-16 7.114678386753117310e-17
7.184717655181884766e-01 4.633333219556474893e-16 7.388080108047614144e-17
7.186513543128967285e-01 3.569377781488308407e-16 6.992407195583488929e-17
7.188309431076049805e-01 4.598145882740755155e-16 7.479946786877753398e-17
7.190105319023132324e-01 5.898608801550083314e-16 8.049774967253283103e-17
7.191901206970214844e-01 3.937711117393024977e-16 7.406036544784915269e-17
7.193697094917297363e-01 3.836186807126308607e-16 7.270803764288825966e-17
7.195492982864379883e-01 4.741128750006425290e-16 7.472799946385295239e-17
7.197288870811462402e-01 5.096564950498011070e-16 7.493173735744721332e-17
7.199084758758544922e-01 4.743595733465303440e-16 7.544586650409587235e-17
7.200880646705627441e-01 3.752552097403399076e-16 7.432494412985791391e-17
7.202676534652709961e-01 3.312620389956256583e-16 7.320897160440547279e-17
7.204472422599792480e-01 2.299664011548883469e-16 6.875619881002842100e-17
7.206268310546875000e-01 2.816297993441251079e-16 7.039048932475148969e-17
7.208064198493957520e-01 5.629427024868587006e-16 8.014697877069604432e-17
7.209860086441040039e-01 5.872261841725738302e-16 8.069666344879468270e-17
7.211655974388122559e-01 5.589690062334927607e-16 8.115866698196270014e-17
7.213451862335205078e-01 6.489149584463940832e-16 8.238053186071172965e-17
7.215247750282287598e-01 5.725305331146261431e-16 7.870953077198099453e-17
7.217043638229370117e-01 5.265897424565986387e-16 7.842451080267482289e-17
7.218839526176452637e-01 4.903813074229638417e-16 7.849026835265033837e-17
7.220635414123535156e-01 5.846745503585294539e-16 8.340000218718128435e-17
7.222431302070617676e-01 5.772981639373653794e-16 8.422842687937559178e-17
7.224227190017700195e-01 3.963582944673519530e-16 7.904393011513413171e-17
7.226023077964782715e-01 4.803432258441715352e-16 8.143327109299560405e-17
7.227818965911865234e-01 4.814971494161279092e-16 8.166375669887737969e-17
7.229614853858947754e-01 5.657598281903080967e-16 8.172147405329887974e-17
7.231410741806030273e-01 6.266235394339434578e-16 8.428628320014000075e-17
7.233206629753112793e-01 6.369561767201434473e-16 8.538368055775695108e-17
7.235002517700195312e-01 5.472869395831982640e-16 8.654171356299648855e-17
7.236798405647277832e-01 5.990931687031657814e-16 9.714963655705412563e-17
7.238594293594360352e-01 8.695892228814455435e-16 1.153419587352757722e-16
7.240390181541442871e-01 9.126177554481351532e-16 1.250277407824592940e-16
7.242186069488525391e-01 7.500867441883750548e-16 1.269300841377638467e-16
7.243981957435607910e-01 9.534477081211078196e-16 1.325792380305783943e-16
7.245777845382690430e-01 8.858559612378723476e-16 1.269092788909969129e-16
7.247573733329772949e-01 6.728995433808468516e-16 1.128446276740842770e-16
7.249369621276855469e-01 6.308932737023747756e-16 9.922810982582836933e-17
7.251165509223937988e-01 6.336011321556283670e-16 9.142141081512440899e-17
7.252961397171020508e-01 8.718905055200170708e-16 9.603598675476173342e-17
7.254757285118103027e-01 1.057732710521162769e-15 1.005383572986674647e-16
7.256553173065185547e-01 1.076124972179605833e-15 9.997488186539634229e-17
7.258349061012268066e-01 1.075641845762315661e-15 9.867908689221977338e-17
7.260144948959350586e-01 1.032246547929464939e-15 9.691131589641024772e-17
7.261940836906433105e-01 1.007197877855023956e-15 9.503963116332936052e-17
7.263736724853515625e-01 9.903890384123544000e-16 9.515265712222860622e-17
7.265532612800598145e-01 1.181660618726281756e-15 1.013061860479085876e-16
7.267328500747680664e-01 1.101476456532690228e-15 9.905260856962421856e-17
7.269124388694763184e-01 1.091906572415492736e-15 1.009838966289232267e-16
7.270920276641845703e-01 1.109445871896050720e-15 1.058996192510890566e-16
7.272716164588928223e-01 7.919183133214759314e-16 1.074511122952180174e-16
7.274512052536010742e-01 8.734689514172254594e-16 1.193555581813912701e-16
7.276307940483093262e-01 1.384831423762355931e-15 1.352600576039688523e-16
7.301819920539855957e-01 1.511348182291639280e-15 2.112383174026385545e-16
7.325015664100646973e-01 1.956668554530536022e-15 1.891321603776202056e-16
7.348345518112182617e-01 2.379913977614564816e-15 2.153626664066075522e-16
7.371813058853149414e-01 2.687869534489573976e-15 2.636793447770139666e-16
7.395422458648681641e-01 2.826354762684442183e-15 2.301396723321610547e-16
7.419177293777465820e-01 2.826510193230263347e-15 2.206974916666519493e-16
7.443079948425292969e-01 2.803336218826332944e-15 2.441229422116882736e-16
7.467134594917297363e-01 2.926523184960841233e-15 2.671988460821943896e-16
7.491343617439270020e-01 2.961701945567970021e-15 2.444890192635797415e-16
7.515710592269897461e-01 3.283656839478724630e-15 2.631013506696313134e-16
7.540237307548522949e-01 3.574672160925121411e-15 2.919935121515774895e-16
7.564927935600280762e-01 3.585115653648293307e-15 2.682159738331691941e-16
7.589783668518066406e-01 2.722835478068705121e-15 2.206140192166779982e-16
7.614807486534118652e-01 1.556661268596192145e-15 1.993134566989474932e-16
7.640001773834228516e-01 1.282184583082290798e-15 1.667415855707816237e-16
7.665368914604187012e-01 1.119024755738312789e-15 1.287850730573609635e-16
7.690910696983337402e-01 1.115703010156536643e-15 1.296541950356928799e-16
7.716629505157470703e-01 1.267787564077809456e-15 1.641345240382512940e-16
7.742527127265930176e-01 1.569020538087816455e-15 1.746736520751241209e-16
7.768604755401611328e-01 1.673133592799578781e-15 1.755771980018280441e-16
7.794864773750305176e-01 1.783038658804666013e-15 1.907435479155429061e-16
7.821308970451354980e-01 2.110094173365549206e-15 2.106649422717963975e-16
7.847938537597656250e-01 2.226366809551620640e-15 2.251380751275224197e-16
7.874754667282104492e-01 2.388149678960718378e-15 2.203252471561132860e-16
7.901758551597595215e-01 2.463114635891565721e-15 2.335568149996217159e-16
7.928951978683471680e-01 2.404409535174448741e-15 2.228372424752041213e-16
7.956335544586181641e-01 2.647420534884628932e-15 2.310866816369709642e-16
7.983910441398620605e-01 2.732943333986527501e-15 2.363154954297105653e-16
8.011677861213684082e-01 3.212358476418304340e-15 2.603930951696836965e-16
8.039638400077819824e-01 3.967268967362174228e-15 2.933978663083455177e-16
8.067793250083923340e-01 4.858502634903045722e-15 3.241509327056297900e-16
8.096141815185546875e-01 5.603009443672264667e-15 3.496004081827996674e-16
8.124686479568481445e-01 6.216707260331107501e-15 3.987235280934411799e-16
8.153426051139831543e-01 6.127979288556798659e-15 4.064884644093785630e-16
8.182362318038940430e-01 5.526402513373164863e-15 3.760986427975683772e-16
8.211494684219360352e-01 5.862866446395675196e-15 3.745217056777972852e-16
8.240824341773986816e-01 6.174984534931728802e-15 3.772769450365379140e-16
8.270350694656372070e-01 6.288856679745281550e-15 3.940481973921730607e-16
8.300073742866516113e-01 5.716106976855553357e-15 4.402853701724007652e-16
8.329994678497314453e-01 5.799295353154819074e-15 3.902730244858198475e-16
8.360112309455871582e-01 5.884169325019120850e-15 3.800013735718221677e-16
8.390427231788635254e-01 5.788679489226880928e-15 3.677088343945737357e-16
8.420938849449157715e-01 5.595425110662549661e-15 3.574704295237557871e-16
8.451647162437438965e-01 4.162725208072893049e-15 3.215420712280865449e-16
8.482551574707031250e-01 3.683601021458498062e-15 2.742290607257274722e-16
8.513652682304382324e-01 3.722235464732187582e-15 2.794824649437170497e-16
8.544949293136596680e-01 4.430776407528041680e-15 2.999594864435897604e-16
8.576440811157226562e-01 4.749292559431180644e-15 3.043069095151520586e-16
8.608127236366271973e-01 4.804330642761396944e-15 3.047799244766343819e-16
8.640007376670837402e-01 4.970674361074985462e-15 3.227828156771364847e-16
8.672081232070922852e-01 5.219029926924103474e-15 3.264822056044900398e-16
8.704347610473632812e-01 4.871330101856264846e-15 3.035249922257179326e-16
8.736806511878967285e-01 5.422094641083534047e-15 3.463226024351623387e-16
8.769456148147583008e-01 6.329833169118129210e-15 4.125997012446999332e-16
8.802295923233032227e-01 6.926075754316429051e-15 3.818548404790921870e-16
8.835325241088867188e-01 7.136859903240661690e-15 3.970884898074443633e-16
8.868542909622192383e-01 6.561740202164515964e-15 3.725478012733395451e-16
8.901948332786560059e-01 6.770120471584440899e-15 3.888420946703317156e-16
8.935539722442626953e-01 7.207441464669468029e-15 3.950468757067654825e-16
8.969316482543945312e-01 6.915468360717963447e-15 3.910471861298306763e-16
9.003277420997619629e-01 7.207381325330212973e-15 3.897569961324847667e-16
9.037421941757202148e-01 8.020338984149420064e-15 4.166408689662705984e-16
9.071747660636901855e-01 8.156909494367019925e-15 4.267439603237646725e-16
9.106253385543823242e-01 8.670294469631956852e-15 4.462186506794599272e-16
9.140939116477966309e-01 8.837080339144012114e-15 4.517378644242097448e-16
9.175802469253540039e-01 9.843355480482120917e-15 4.867254073434958746e-16
9.210841655731201172e-01 1.054522138013713750e-14 5.087076593301986804e-16
9.317005276679992676e-01 9.748713948186556177e-15 3.261974701853145864e-16
9.352735877037048340e-01 9.677647036878973125e-15 4.414093564236276201e-16
9.388635754585266113e-01 9.923861726953905893e-15 4.220412069308291953e-16
9.424703121185302734e-01 1.066355272990151051e-14 3.807855937320816413e-16
9.460936188697814941e-01 1.100700510825534245e-14 3.876829300820142056e-16
9.497333765029907227e-01 1.140683091738073709e-14 4.456666498956461404e-16
9.533893465995788574e-01 1.178690900037384498e-14 4.578684771381995571e-16
9.570614099502563477e-01 1.178419256571200044e-14 4.438534435231503020e-16
9.607493877410888672e-01 1.182126296264858489e-14 3.825749243633767491e-16
9.644531011581420898e-01 1.202800083518378374e-14 3.955774624388814966e-16
9.681724309921264648e-01 1.202010902921421542e-14 3.324529143799060012e-16
9.719070792198181152e-01 1.252444091633889839e-14 3.412713743937705220e-16
9.756569266319274902e-01 1.260842931525684579e-14 3.470572711680074357e-16
9.794217348098754883e-01 1.266744887695563093e-14 3.534541698647903187e-16
9.832014441490173340e-01 1.248391377794456913e-14 3.639706662401036947e-16
9.869958162307739258e-01 1.185589983392770774e-14 3.651460568033170449e-16
9.908045530319213867e-01 1.067967346095365436e-14 3.140519706337535806e-16
9.946275949478149414e-01 9.547700324308901892e-15 2.563381631627201489e-16
9.984647035598754883e-01 9.401989481557480877e-15 2.497582788795507354e-16
1.002315759658813477e+00 1.025129755930810627e-14 2.804761404699647508e-16
1.006180405616760254e+00 1.070315744941627983e-14 3.039218271615065723e-16
1.010058522224426270e+00 1.103156228746213913e-14 3.154920589929838997e-16
1.013949990272521973e+00 1.143994651748659122e-14 3.221904749492097118e-16
1.017854452133178711e+00 1.160056175197789891e-14 3.495956436224713620e-16
1.021771788597106934e+00 1.132923931128045417e-14 3.269954016914077390e-16
1.025701880455017090e+00 1.147242430178316286e-14 3.014707785099486441e-16
1.029644370079040527e+00 1.171751074397235290e-14 2.831551468634524926e-16
1.033599257469177246e+00 1.198018074311359496e-14 2.938289796087183549e-16
1.037566065788269043e+00 1.234133441599914727e-14 2.904037107189199728e-16
1.041544795036315918e+00 1.295203500657413076e-14 3.422700262385833421e-16
1.045535206794738770e+00 1.319863255554122247e-14 3.118986805329351407e-16
1.049537062644958496e+00 1.337366937299248187e-14 3.023240583251889449e-16
1.053550124168395996e+00 1.282125566061690855e-14 3.235901174852086381e-16
1.057574152946472168e+00 1.268183657859769248e-14 2.981711087243603137e-16
1.061609029769897461e+00 1.284001489929974954e-14 2.654586698316196329e-16
1.065654635429382324e+00 1.312782060115076296e-14 2.305651475694787305e-16
1.069710493087768555e+00 1.339226767541534455e-14 2.505380785866167257e-16
1.073776602745056152e+00 1.385062346119601134e-14 2.392231742491773665e-16
1.077852725982666016e+00 1.422826293633397410e-14 2.624370915505267301e-16
1.081938624382019043e+00 1.477687092967753385e-14 2.501186384590482368e-16
1.086034059524536133e+00 1.508239401968626547e-14 2.896033439931034641e-16
1.090138792991638184e+00 1.534490816476521274e-14 2.626589347733685516e-16
1.094252705574035645e+00 1.544805475488415791e-14 2.703117186331335450e-16
1.098375558853149414e+00 1.541219476802919985e-14 3.073608603366978368e-16
1.102507114410400391e+00 1.555626660202768380e-14 3.075583778320856989e-16
1.106647133827209473e+00 1.506671882796437739e-14 2.990402439375820310e-16
1.110795497894287109e+00 1.478339308337139196e-14 2.868779625457535494e-16
1.114951968193054199e+00 1.488171666788867115e-14 2.770060582433006959e-16
1.119116306304931641e+00 1.480532954263938383e-14 3.192314712270952204e-16
1.123288393020629883e+00 1.494222700757462385e-14 3.876755714832849338e-16
1.127467870712280273e+00 1.515086477501051410e-14 4.269708592745104182e-16
1.131654500961303711e+00 1.500231044265516039e-14 3.189533797225997929e-16
1.135848283767700195e+00 1.442492535196158304e-14 2.740225699750546348e-16
1.140048980712890625e+00 1.347857355647697972e-14 2.113066491386803351e-16
1.144256234169006348e+00 1.401639543227020321e-14 2.096283989374837483e-16
1.148469924926757812e+00 1.496005705111432688e-14 2.355869676857330619e-16
1.152689814567565918e+00 1.581762031196889268e-14 3.176339141490144066e-16
1.156915783882141113e+00 1.615135806945066504e-14 2.827849140561635582e-16
1.161147475242614746e+00 1.570690294136738857e-14 2.196441929618514260e-16
1.165384888648986816e+00 1.537832022640260587e-14 2.017051733395282178e-16
1.169627785682678223e+00 1.471064481166350912e-14 1.747828928555403239e-16
1.173875808715820312e+00 1.431658475581007450e-14 1.535100706668323972e-16
1.178128838539123535e+00 1.434103351479962263e-14 2.133258962755957820e-16
1.182386636734008789e+00 1.421584882145901507e-14 1.130083829655901748e-16
1.186649203300476074e+00 1.453214617055682140e-14 1.242460749559313841e-16
1.190916061401367188e+00 1.455202264569709081e-14 1.176760771354432044e-16
1.195187330245971680e+00 1.398929884828753814e-14 1.596749749802962078e-16
1.199462532997131348e+00 1.370407320879386132e-14 1.699699854747923852e-16
1.203741550445556641e+00 1.343159710922225622e-14 1.194461774718576794e-16
1.208024263381958008e+00 1.382962212630178822e-14 1.389561123390925935e-16
1.212310433387756348e+00 1.438902978972284030e-14 1.894430082343727330e-16
1.216599941253662109e+00 1.475492769414596395e-14 1.696723725078407062e-16
1.220892548561096191e+00 1.494203049593086086e-14 1.223491182007757768e-16
1.225188016891479492e+00 1.528803837268655902e-14 1.521741541252245563e-16
1.229486227035522461e+00 1.524632030596839022e-14 1.156325042710737981e-16
1.233786940574645996e+00 1.510058828739328785e-14 1.716860345212601951e-16
1.238090038299560547e+00 1.446084632518874341e-14 1.692386651690669028e-16
1.242395401000976562e+00 1.408192783030042666e-14 1.665353727527946041e-16
1.246702671051025391e+00 1.363015349051992578e-14 1.656795386038227395e-16
1.251011848449707031e+00 1.391980487716300632e-14 1.444305921563155434e-16
1.255322694778442383e+00 1.402613207599889139e-14 1.241483882343113218e-16
1.259634971618652344e+00 1.458952757053561672e-14 1.442544622428458523e-16
1.263948559761047363e+00 1.504171441536143045e-14 1.067832268163080016e-16
1.268263220787048340e+00 1.511010046739095364e-14 1.415109489964687752e-16
1.272578954696655273e+00 1.538096466326393380e-14 1.264091721100922528e-16
1.276895403861999512e+00 1.590094124892440369e-14 1.065906525522607564e-16
1.281212568283081055e+00 1.560194200667542469e-14 1.158176074398284644e-16
1.285530209541320801e+00 1.545316066949020684e-14 1.941878221070953065e-16
1.289848089218139648e+00 1.538019386328193239e-14 1.426189872054856077e-16
1.294166207313537598e+00 1.562818647551315193e-14 1.331841386689261724e-16
1.298484325408935547e+00 1.549447216039369357e-14 1.393382300774226898e-16
1.302802205085754395e+00 1.543508668046169457e-14 9.468956171065201878e-17
1.307119846343994141e+00 1.505373550694886348e-14 1.703793406163326275e-16
1.311437010765075684e+00 1.521675377391153161e-14 1.009672140503292573e-16
1.315753579139709473e+00 1.510176905132176034e-14 7.628382693439169108e-17
1.320069313049316406e+00 1.533658013682780846e-14 1.220761485986332777e-16
1.324384093284606934e+00 1.529932932187345884e-14 1.149076425915711297e-16
1.328697919845581055e+00 1.481512971383911609e-14 1.639163998194435108e-16
1.333010554313659668e+00 1.383342106907022376e-14 1.451478967137419273e-16
1.337321758270263672e+00 1.273080948250909436e-14 8.037057561643647834e-17
1.341631531715393066e+00 1.183294185292532719e-14 1.157971595350861535e-16
1.345939755439758301e+00 1.143792719094033697e-14 1.812001865175063143e-16
1.350246071815490723e+00 1.092303534406223464e-14 1.779221822465219729e-16
1.354550600051879883e+00 1.054022896794602066e-14 2.294106946019303225e-16
1.358853101730346680e+00 1.003525757094616069e-14 2.016949560046019628e-16
1.363153457641601562e+00 9.732035869455119004e-15 2.036273425597544414e-16
1.367451548576354980e+00 1.055400426476721734e-14 1.655206934564329565e-16
1.371747136116027832e+00 1.187629808136348580e-14 2.302564040602045380e-16
1.376040339469909668e+00 1.117899176006353912e-14 1.948920108887290496e-16
1.380330801010131836e+00 1.158279354184334545e-14 2.040921386546704379e-16
1.384618520736694336e+00 1.087111561252733505e-14 1.362280177393335049e-16
1.388903379440307617e+00 1.063953511068211483e-14 1.586525929780704665e-16
1.393185138702392578e+00 1.162682824367225476e-14 2.165182046351196298e-16
1.397463917732238770e+00 1.065183318204330001e-14 1.335182799317281930e-16
1.401739358901977539e+00 1.012931549754106722e-14 1.479776485020613329e-16
1.406011581420898438e+00 1.061845330765790255e-14 1.086047116123742707e-16
1.410280227661132812e+00 1.052128761717951999e-14 1.095412918240211116e-16
1.414545416831970215e+00 1.035976182226991393e-14 7.931894450775086192e-17
1.418806910514831543e+00 1.014029135047158844e-14 8.282032063134902298e-17
1.423064589500427246e+00 1.003873972339232312e-14 9.045967769541105562e-17
1.427318453788757324e+00 9.886333932225804116e-15 4.347274179052038642e-17
1.431568384170532227e+00 9.772365649172738006e-15 5.014545889947540113e-17
1.435814261436462402e+00 9.803911697227329913e-15 8.070945496978720272e-17
1.440055966377258301e+00 9.891884539129161547e-15 7.625581529012819535e-17
1.444293379783630371e+00 9.968357214706121544e-15 6.295219008909904617e-17
1.448526620864868164e+00 1.017984609504246976e-14 6.464950514905375514e-17
1.452755331993103027e+00 1.007060594990097716e-14 6.836389682399657188e-17
1.456979513168334961e+00 1.007902630442963215e-14 3.801528204158132764e-17
1.461199164390563965e+00 1.006793525501828435e-14 5.294997175294458870e-17
1.465414166450500488e+00 9.817494717569499874e-15 6.686443013167474628e-17
1.469624280929565430e+00 9.641731992882443536e-15 7.091568945671855844e-17
1.473829746246337891e+00 9.683744827066256833e-15 9.100007148086949839e-17
1.478030204772949219e+00 9.748792722250650827e-15 7.177196035705385099e-17
1.482225656509399414e+00 9.813941414355768084e-15 2.900025082694970531e-17
1.486416101455688477e+00 9.702804762445373099e-15 3.431806925360001218e-17
1.490601420402526855e+00 9.924236115516592294e-15 4.263152557733355897e-17
1.494781494140625000e+00 9.939362429888659589e-15 3.841664000095940730e-17
1.498956441879272461e+00 1.002973322206416815e-14 4.408240037175156951e-17
1.503125905990600586e+00 9.970604393115187203e-15 4.276240209385169901e-17
1.507290124893188477e+00 1.011039871073003693e-14 3.108692972740047505e-17
1.511448740959167480e+00 1.006332061952164292e-14 3.247430682927646497e-17
1.515601992607116699e+00 1.017486892944440349e-14 3.872602209366649072e-17
1.519749522209167480e+00 1.009653278138348403e-14 5.761226277903642198e-17
1.523891568183898926e+00 1.029185010869085315e-14 3.353049074005357325e-17
1.528027892112731934e+00 1.034837007616229085e-14 4.111512153478909758e-17
1.532158493995666504e+00 1.040161456722669617e-14 2.720442351912360606e-17
1.536283254623413086e+00 1.045087207420837550e-14 3.753356844877739666e-17
1.540402173995971680e+00 1.052237690154968902e-14 4.032747353807120420e-17
1.544515252113342285e+00 1.045922466610125015e-14 2.054086826263322869e-17
1.548622488975524902e+00 1.060111793135939603e-14 2.044632648170209295e-17
1.552723646163940430e+00 1.063391674114297705e-14 3.253791701838179280e-17
1.556818842887878418e+00 1.068841314690342423e-14 3.698970050474623117e-17
1.560907959938049316e+00 1.063155521328603206e-14 3.911602782631789263e-17
1.564990997314453125e+00 1.070349626259518155e-14 3.834219043710718460e-17
1.569067955017089844e+00 1.065577103821508526e-14 3.272745718394219356e-17
1.573138713836669922e+00 1.076291731791096523e-14 6.270327489916958908e-17
1.577203273773193359e+00 1.066701201245809708e-14 1.672036916743455977e-17
1.581261634826660156e+00 1.061543787036567724e-14 3.426271101828551335e-17
1.585313677787780762e+00 1.035871065438237135e-14 4.039566961649252602e-17
1.589359521865844727e+00 1.025873450858499902e-14 3.195451645851549302e-17
1.593398928642272949e+00 1.031322837324660444e-14 3.741898077288165084e-17
1.597432136535644531e+00 1.048368613058500709e-14 2.874495972885868949e-17
1.601458907127380371e+00 1.049721832895034179e-14 2.347793680926403895e-17
1.605479240417480469e+00 1.053986813191049032e-14 6.284451764312424366e-17
1.609493255615234375e+00 1.023990581320048318e-14 3.362651648300362913e-17
1.613500714302062988e+00 1.017805800849081593e-14 2.830508162271524043e-17
1.617501854896545410e+00 1.024113994020463270e-14 3.204608866104756339e-17
1.621496438980102539e+00 1.038657719131409057e-14 6.509276807826377118e-17
1.625484704971313477e+00 1.033174197237474168e-14 5.331137027129145671e-17
1.629466295242309570e+00 1.031176470031374900e-14 2.293204723581579387e-17
1.633441448211669922e+00 1.025573685898466605e-14 2.097976864129264007e-17
1.637410044670104980e+00 1.041240576697471595e-14 4.147144447289734020e-17
1.641372203826904297e+00 1.032714766566883435e-14 3.413840893327594478e-17
1.645327806472778320e+00 1.042608026687518938e-14 3.562159671114272679e-17
1.649276733398437500e+00 1.061379208534916213e-14 3.682323536955360967e-17
1.653219223022460938e+00 1.072524129241709395e-14 3.683601365565632884e-17
1.657155156135559082e+00 1.062257751107808373e-14 3.299810406292464379e-17
1.661084532737731934e+00 1.064068284032564440e-14 4.109522618669597216e-17
1.665007233619689941e+00 1.054680702581439755e-14 2.914795881457207436e-17
1.668923497200012207e+00 1.061908858236834327e-14 4.475169536642537569e-17
1.672833085060119629e+00 1.048890300650714633e-14 4.258767838742334808e-17
1.676736235618591309e+00 1.062065898145255274e-14 3.701130646234611625e-17
1.680632710456848145e+00 1.059317699747888697e-14 3.448595383072377467e-17
1.684522747993469238e+00 1.062615622528023315e-14 4.713407479225160176e-17
1.688406109809875488e+00 1.056434314892140333e-14 3.644186540249726137e-17
1.692282915115356445e+00 1.052086664180473460e-14 3.549050512766532297e-17
1.696153283119201660e+00 1.043690280684225757e-14 3.554745154975592360e-17
1.700016975402832031e+00 1.035136179653199304e-14 5.747141708177579285e-17
1.703874230384826660e+00 1.026820348990235485e-14 4.571351782164488479e-17
1.707724928855895996e+00 1.029222534428648680e-14 4.755360756404869655e-17
1.711569190025329590e+00 1.004300453428174852e-14 4.745632119784510986e-17
1.715406775474548340e+00 9.991404134167963802e-15 5.266527934716098806e-17
1.719238042831420898e+00 9.784509560537522910e-15 2.337336298186386009e-17
1.723062753677368164e+00 9.760288653410786192e-15 1.334613649425008694e-17
1.726881027221679688e+00 9.560600636095584887e-15 3.590312928698637487e-17
1.730692863464355469e+00 9.481323434430265901e-15 4.544901854897492866e-17
1.734498143196105957e+00 9.238913616354399450e-15 7.225518603601752891e-17
1.738297104835510254e+00 9.256149889798077207e-15 3.338176697463898909e-17
1.742089748382568359e+00 9.087394668683655696e-15 1.296108888219032787e-17
1.745875835418701172e+00 9.002890426700830423e-15 4.893915494240971917e-17
1.749655604362487793e+00 8.875820238019634795e-15 4.458804926276033491e-17
1.753429055213928223e+00 8.693686131503331610e-15 3.269637835396735121e-17
1.757196187973022461e+00 8.537615228774043247e-15 2.174035128836779838e-17
1.760957002639770508e+00 8.434110343718409508e-15 2.381263393743769522e-17
1.764711499214172363e+00 8.317891494124488722e-15 4.752888148117826144e-17
1.768459796905517578e+00 8.117427594629602478e-15 2.899937070677794889e-17
1.772201776504516602e+00 7.993216989178337367e-15 1.222377068984322347e-17
1.775937557220458984e+00 7.939496465597575131e-15 2.784785588476532928e-17
1.779667139053344727e+00 7.725351289938637428e-15 5.490225365619019271e-17
1.783390522003173828e+00 7.644828949840854621e-15 4.481141780665170429e-17
1.787107706069946289e+00 7.488332836572044598e-15 3.550149339492247738e-17
1.790818810462951660e+00 7.345753474626622731e-15 5.748678940627947832e-17
1.794523835182189941e+00 7.246075484426683921e-15 7.554467819134900682e-17
1.798222780227661133e+00 7.080192552036401743e-15 5.070005372169015428e-17
1.801915645599365234e+00 7.042495774235322734e-15 4.506225205560228440e-17
1.805602431297302246e+00 6.820095838988918246e-15 3.476181856501020940e-17
1.809283256530761719e+00 6.949665198380987688e-15 8.327335090923206518e-17
1.812958121299743652e+00 6.939385606533109499e-15 1.080630274251602452e-16
1.816627025604248047e+00 6.784198582684280998e-15 8.572160699904201437e-17
1.820289969444274902e+00 6.982143406194032953e-15 4.463574449688014248e-17
1.823947072029113770e+00 6.770937434862067672e-15 7.678134629434028532e-17
1.827598214149475098e+00 7.026560966915101208e-15 1.150409444016452752e-16
1.831243515014648438e+00 6.722834857303969583e-15 1.024098170386217375e-16
1.834883093833923340e+00 6.425356462711785677e-15 1.027217501563379345e-16
1.838516831398010254e+00 6.702094408557500785e-15 8.530315948820858915e-17
1.842144727706909180e+00 6.323875562883616089e-15 1.560534459096410442e-16
1.845767021179199219e+00 6.482903034115295587e-15 6.547939229657105632e-17
1.849383592605590820e+00 6.728036486633058241e-15 9.300364850826074075e-17
1.852994441986083984e+00 5.952424933974766880e-15 4.158562186720925972e-17
1.856599569320678711e+00 6.448111579323298828e-15 9.971692724573290572e-17
1.860199213027954102e+00 6.153860803776627433e-15 9.422262818103318530e-17
1.863793253898620605e+00 6.034565107001805401e-15 1.236303746475061137e-16
1.867381572723388672e+00 6.269172057567565237e-15 2.452070914446145746e-16
1.870964527130126953e+00 5.629477529208067044e-15 2.603698811729730084e-16
1.874541878700256348e+00 4.941637224610160792e-15 1.831493813827058705e-16
1.878113746643066406e+00 6.787156845252566642e-15 3.430167916607064146e-16
1.881680250167846680e+00 6.792511364028634702e-15 2.089175265365005767e-16
1.885241270065307617e+00 6.599749535123131811e-15 6.731155103126170965e-17
1.888796925544738770e+00 6.157154067875552153e-15 4.099021726229359040e-17
1.892347097396850586e+00 6.278103172963414580e-15 7.443196144878757442e-17
1.895892024040222168e+00 5.747940592595738099e-15 9.337449673792541454e-17
1.899431705474853516e+00 6.241526596235079383e-15 1.694913853898141038e-16
1.902966022491455078e+00 5.765474174603902116e-15 9.832494109348377032e-17
1.906494975090026855e+00 6.054102345446699465e-15 1.484883564296964726e-16
1.910018801689147949e+00 6.596975925737347604e-15 1.382254670127469544e-16
1.913537383079528809e+00 6.948371355554056744e-15 1.365962123735931085e-16
1.917050838470458984e+00 6.128822086339316688e-15 1.112026543058318158e-16
1.920559167861938477e+00 6.800999904709543672e-15 7.670601330159385598e-17
1.924062252044677734e+00 6.266973160036493073e-15 7.828195118718498388e-17
1.927560329437255859e+00 6.063566668082845390e-15 6.196624373849504057e-17
1.931053161621093750e+00 5.977004136038192167e-15 8.477626529034701180e-17
1.934541106224060059e+00 5.873401842193624184e-15 1.362480818322715911e-16
1.938023924827575684e+00 6.106600600484573746e-15 6.868323486255634353e-17
1.941501736640930176e+00 5.713236805713782160e-15 4.834561314823351927e-17
1.944974660873413086e+00 5.566032220359878185e-15 6.074864711170678468e-17
1.948442459106445312e+00 5.338701706327506416e-15 3.285524666241428570e-17
1.951905488967895508e+00 5.251015585078320363e-15 6.629472768275232464e-17
1.955363512039184570e+00 5.527032282369448435e-15 6.295759654158269276e-17
1.958816647529602051e+00 5.678064609611994593e-15 5.194483812085180308e-17
1.962264895439147949e+00 5.945310280734304384e-15 5.607960298309406849e-17
1.965708255767822266e+00 5.981852129111802155e-15 7.945847995092120706e-17
1.969146728515625000e+00 5.891353434961258198e-15 5.551367909520978907e-17
1.972580432891845703e+00 5.682900320707869393e-15 5.301182831915130411e-17
1.976009368896484375e+00 5.352302514361568717e-15 4.768877880230721191e-17
1.979433536529541016e+00 5.061331026870192346e-15 6.268927900320519185e-17
1.982852935791015625e+00 4.952609265892419371e-15 8.335311759006177874e-17
1.986267566680908203e+00 5.117538862700566835e-15 5.012037547458034312e-17
1.989677429199218750e+00 5.073596910979381869e-15 6.540212039246880269e-17
1.993082642555236816e+00 5.089783287084937921e-15 8.518720200121845552e-17
1.996483087539672852e+00 5.227736578588930427e-15 9.259878661180788646e-17
1.999879002571105957e+00 5.215512622610629992e-15 1.238031428989663893e-16
2.003270149230957031e+00 5.077992588459158060e-15 5.594145720335281244e-17
2.006656646728515625e+00 5.115404339673485998e-15 7.640511808197156664e-17
2.010038375854492188e+00 5.442958756640301973e-15 7.631173931698168045e-17
2.013415575027465820e+00 5.447870700701429661e-15 9.164784654472712499e-17
2.016788244247436523e+00 5.334844741802183959e-15 7.213773962392479983e-17
2.020156145095825195e+00 5.459818100422451567e-15 7.319324193787716442e-17
2.023519515991210938e+00 5.562077423529147857e-15 6.519002466596530597e-17
2.026878356933593750e+00 5.468207114732058158e-15 7.635106017458000117e-17
2.030232667922973633e+00 5.344022767302157931e-15 8.095591508765860242e-17
2.033582210540771484e+00 5.278596671906814891e-15 6.105814500969962552e-17
2.036927223205566406e+00 5.368707848483990006e-15 5.976700871773295526e-17
2.040267944335937500e+00 5.284746978136828366e-15 3.926811656246434251e-17
2.043603897094726562e+00 5.310167283916877173e-15 6.834853773438268726e-17
2.046935319900512695e+00 5.213927400449843569e-15 8.830498469627372574e-17
2.050262212753295898e+00 5.157563287040700661e-15 7.018109351576736605e-17
2.053584575653076172e+00 5.176520307916725530e-15 6.803676343534410050e-17
2.056902408599853516e+00 5.294766530869899485e-15 5.889203030066416343e-17
2.060215711593627930e+00 5.318032831865080606e-15 5.490375581618258901e-17
2.063524723052978516e+00 5.430066915183091522e-15 6.117701417244594581e-17
2.066828966140747070e+00 5.335965366391401399e-15 5.411735189910597539e-17
2.070128679275512695e+00 5.401896716939781629e-15 5.967851362707958214e-17
2.073423862457275391e+00 5.414992269820806739e-15 6.161419566979247199e-17
2.076714754104614258e+00 5.470613535335207625e-15 6.379824365450808372e-17
2.080000877380371094e+00 5.446590410401654786e-15 7.066706543436472002e-17
2.083282709121704102e+00 5.391626865970796864e-15 7.035691240932673719e-17
2.086559772491455078e+00 5.385954286323034815e-15 8.206489297385129514e-17
2.089832544326782227e+00 5.406646454191510118e-15 7.527835250388653361e-17
2.093100786209106445e+00 5.418011942277768320e-15 7.552806840464894203e-17
2.096364259719848633e+00 5.472053914862013563e-15 8.562162402404150481e-17
2.099623441696166992e+00 5.444859498573940623e-15 7.952924690668634368e-17
2.102878093719482422e+00 5.469241341960655658e-15 7.837469467746442935e-17
2.106127977371215820e+00 5.481202717725307261e-15 7.516859556276809747e-17
2.109373569488525391e+00 5.471967093984919997e-15 9.900483061744315568e-17
2.112614393234252930e+00 5.493232703158686461e-15 7.842447109800542034e-17
2.115850687026977539e+00 5.472640061661513539e-15 7.743149040347226380e-17
2.119082450866699219e+00 5.456836120931642803e-15 7.007108511174271379e-17
2.122309684753417969e+00 5.467554899362672347e-15 6.613119738437304128e-17
2.125532388687133789e+00 5.515212361106988301e-15 7.407834504564360530e-17
2.128750324249267578e+00 5.545484048092436113e-15 6.007039871408270454e-17
2.131963729858398438e+00 5.527119526763015628e-15 6.801067085010172779e-17
2.135172605514526367e+00 5.565511718613790418e-15 5.325639915650363270e-17
2.138376712799072266e+00 5.521524450629927347e-15 5.523377110208919514e-17
2.141576290130615234e+00 5.576843748898632075e-15 8.828414636228228986e-17
2.144771099090576172e+00 5.605674632840800323e-15 8.231820876463953433e-17
2.147961378097534180e+00 5.653032668438261882e-15 8.984273330734450546e-17
2.151146888732910156e+00 5.609054294300344981e-15 7.525121436234989388e-17
2.154327869415283203e+00 5.523665749920586218e-15 1.026976494220105895e-16
2.157503843307495117e+00 5.528191446957765945e-15 9.234261870226756442e-17
2.160675287246704102e+00 5.545948645664005097e-15 8.619637558342295013e-17
2.163841962814331055e+00 5.547050212011909315e-15 1.055229344350222087e-16
2.167004108428955078e+00 5.601587698870298324e-15 8.916533194266767961e-17
2.170161247253417969e+00 5.579774059379658327e-15 7.605655078928662120e-17
2.173313617706298828e+00 5.587033555254101308e-15 7.506006946640114024e-17
2.176461219787597656e+00 5.496289645065327231e-15 7.973612808660830611e-17
2.179604291915893555e+00 5.534856749219710034e-15 8.226202665743493269e-17
2.182742118835449219e+00 5.489884381918190212e-15 1.194062875139979222e-16
2.185875415802001953e+00 5.613111158601219453e-15 8.123001627287907409e-17
2.189003705978393555e+00 5.544149971200510590e-15 8.219261627787438304e-17
2.192127227783203125e+00 5.549639168215192084e-15 8.791775167303560157e-17
2.195245981216430664e+00 5.505129280902873110e-15 9.063860017062872572e-17
2.198359727859497070e+00 5.518322242572832464e-15 9.100500809476521485e-17
2.201468467712402344e+00 5.478798838220999556e-15 1.054844738452609431e-16
2.204572439193725586e+00 5.409719913240622347e-15 9.784610278048907366e-17
2.207671165466308594e+00 5.184563309267378739e-15 1.039661805221974106e-16
2.210765361785888672e+00 5.136071096553543672e-15 1.012258899714868401e-16
2.213854312896728516e+00 5.306614827736092638e-15 7.494938608299664472e-17
2.216938257217407227e+00 5.492821045146320871e-15 6.370092750980244512e-17
2.220017433166503906e+00 5.551827477834423569e-15 1.142075036862164462e-16
2.223091363906860352e+00 5.512220640737286112e-15 1.121692644824367818e-16
2.226160287857055664e+00 5.504666800913672262e-15 8.734097517551462644e-17
2.229224205017089844e+00 5.524453490561532717e-15 8.965972125117837319e-17
2.232283115386962891e+00 5.467608685954822995e-15 8.443919249945410323e-17
2.235336780548095703e+00 5.420140959590692004e-15 1.016363303739907520e-16
2.238385677337646484e+00 5.498834132038879149e-15 1.287222470354763360e-16
2.241429328918457031e+00 5.535061307676471948e-15 1.093840150110727291e-16
2.244467735290527344e+00 5.457726352559207073e-15 1.076621359956476454e-16
2.247501134872436523e+00 5.497241710098041065e-15 1.045730465416806147e-16
2.250529289245605469e+00 5.475088410395552094e-15 1.031355125161818593e-16
2.253552436828613281e+00 5.397641223412776024e-15 1.060343835164861959e-16
2.256570339202880859e+00 5.373649438698271594e-15 7.819438253881767016e-17
2.259583234786987305e+00 5.398478091964663272e-15 7.809314224928608000e-17
2.262590885162353516e+00 5.315986400264514217e-15 9.927389592709440452e-17
2.265593290328979492e+00 5.277969020492899455e-15 9.619508336505773255e-17
2.268590450286865234e+00 5.276428267561843882e-15 9.820981078710618972e-17
2.271582603454589844e+00 5.312234044308177666e-15 9.514926237299468860e-17
2.274569511413574219e+00 5.320418500161022343e-15 9.208446555925711512e-17
2.277551174163818359e+00 5.306544524001470531e-15 1.013864953592201359e-16
2.280527591705322266e+00 5.237107304084404752e-15 9.215975884733414191e-17
2.283499002456665039e+00 5.220306829092089332e-15 8.904198938716867255e-17
2.286464929580688477e+00 5.242601159780296144e-15 1.156398364000234681e-16
2.289425849914550781e+00 5.205316463508056352e-15 8.553475020738873563e-17
2.292381525039672852e+00 5.083889208321468872e-15 5.637112128329245671e-17
2.295332193374633789e+00 4.778903984234243729e-15 8.018320928152586693e-17
2.298277378082275391e+00 4.478728213221528504e-15 7.853502213251190738e-17
2.301217555999755859e+00 4.455231095748220585e-15 7.688905182753958995e-17
2.304152488708496094e+00 4.619339494114005004e-15 5.812856906505732058e-17
2.307082414627075195e+00 4.620152222226895505e-15 8.046725648643167621e-17
2.310007095336914062e+00 4.626608307350867783e-15 8.868628848888106980e-17
2.312926769256591797e+00 4.621134356929236867e-15 1.003106907243132698e-16
2.315841197967529297e+00 4.639263826615794284e-15 8.029937852675281414e-17
2.318750619888305664e+00 4.558827883878631415e-15 9.554880384374760181e-17
2.321654796600341797e+00 4.430599801158539158e-15 6.630105396007713019e-17
2.324553966522216797e+00 4.269925697877397300e-15 6.437935457843883672e-17
2.327448368072509766e+00 4.051503852867772634e-15 8.343726501941557314e-17
2.330337524414062500e+00 4.082283336105099400e-15 6.884152414457449091e-17
2.333221673965454102e+00 4.184595175254525456e-15 9.175702776813922422e-17
2.336101055145263672e+00 4.145665540998717813e-15 1.055459035862715811e-16
2.338975429534912109e+00 4.102778568813338078e-15 9.195175270177910736e-17
2.341844797134399414e+00 4.095102756245319608e-15 8.656343201715968085e-17
2.344709634780883789e+00 4.198475504161181676e-15 7.190180786088997507e-17
2.347569465637207031e+00 4.316016995702240053e-15 6.897902141471550538e-17
2.350424528121948242e+00 4.204947259394678158e-15 8.165801937414871189e-17
2.353275060653686523e+00 4.054014882039908008e-15 5.838327451927464887e-17
2.356120824813842773e+00 3.821889314493129644e-15 5.983274641537376947e-17
2.358962059020996094e+00 3.805208694662850707e-15 7.382934382893044270e-17
2.361798763275146484e+00 3.851915785440347337e-15 9.426856648353193024e-17
2.364630699157714844e+00 3.918987665852205482e-15 8.235348636340369586e-17
2.367458581924438477e+00 3.953988337782174053e-15 7.973590309348169169e-17
2.370281934738159180e+00 3.955367307420304054e-15 8.575258987606580057e-17
2.373100996017456055e+00 3.945939407200890064e-15 8.389281654380567697e-17
2.375915765762329102e+00 4.013516966282259027e-15 8.185002453793452067e-17
2.378726720809936523e+00 3.957077466940810487e-15 9.334597555040458614e-17
2.381533384323120117e+00 3.854956633720990275e-15 8.788618646086057804e-17
2.384335994720458984e+00 3.750750405385029976e-15 8.289241769353914487e-17
2.387134790420532227e+00 3.617211002569179629e-15 8.211809723085070588e-17
2.389929771423339844e+00 3.587558073151701082e-15 9.430218310362608529e-17
2.392721176147460938e+00 3.775024675587443715e-15 6.020217189438485206e-17
2.395508766174316406e+00 3.740645725840759800e-15 7.017788405499066030e-17
2.398293018341064453e+00 3.652970192503414426e-15 8.475683647211936628e-17
2.401073932647705078e+00 3.627546922108050229e-15 8.677229843055177055e-17
2.403851509094238281e+00 3.607579814442424607e-15 7.761959789221172272e-17
2.406625747680664062e+00 3.520199260328960543e-15 7.741127410930146780e-17
2.409397125244140625e+00 3.513289377303496774e-15 8.151348776007854647e-17
2.412165641784667969e+00 3.390630747969838356e-15 8.959645186048541721e-17
2.414931297302246094e+00 3.392191194416917591e-15 6.444992301085696062e-17
2.417694330215454102e+00 3.221538195984172820e-15 6.820229220208331197e-17
2.420454978942871094e+00 3.278986511565801232e-15 8.680678855337278159e-17
2.423213005065917969e+00 3.252198459334173543e-15 6.611638092524099145e-17
2.425969123840332031e+00 3.305991404231926022e-15 9.194347427820867666e-17
2.428723096847534180e+00 3.299552259766898830e-15 6.894517980149473591e-17
2.431475162506103516e+00 3.246445835072895962e-15 7.155114283817159515e-17
2.434225559234619141e+00 3.155342571156249248e-15 6.123213748846647957e-17
2.436974287033081055e+00 3.076424511460566086e-15 6.167128436694843175e-17
2.439721822738647461e+00 3.120040143738821332e-15 1.039592983795009694e-16
2.442468166351318359e+00 3.237659138794553478e-15 8.806705446487897286e-17
2.445213556289672852e+00 3.073654290206570897e-15 6.581609451054954113e-17
2.447958230972290039e+00 2.940486099579854747e-15 7.318845752521415770e-17
2.450702428817749023e+00 2.931237770345258668e-15 3.860414861093537783e-17
2.453446149826049805e+00 2.931796388573972879e-15 5.340175464246390094e-17
2.456189632415771484e+00 2.974172599892158271e-15 5.587241740070668654e-17
2.458933353424072266e+00 2.958369717953471603e-15 5.667845527680285883e-17
2.461677551269531250e+00 2.862252018989079431e-15 6.758209864857065352e-17
2.464421987533569336e+00 2.751486579267818644e-15 6.619755712183449537e-17
2.467167615890502930e+00 2.863052253365997932e-15 8.025056163572238466e-17
2.469914197921752930e+00 2.772879031625436440e-15 7.047459704943588154e-17
2.472661972045898438e+00 2.697320939873274273e-15 7.349107989795545777e-17
2.475411415100097656e+00 2.637033793368923074e-15 7.215538173202933080e-17
2.478163003921508789e+00 2.671905716290908991e-15 6.950179294440411845e-17
2.480916500091552734e+00 2.672213189250762302e-15 7.656565067781095782e-17
2.483672618865966797e+00 2.560171270877989284e-15 6.961211236833909064e-17
2.486431598663330078e+00 2.588084606380044311e-15 6.812909002659481923e-17
2.489193439483642578e+00 2.588855618120282538e-15 5.158578879544458567e-17
2.491958856582641602e+00 2.443646854148346509e-15 6.788648126165546643e-17
2.494727849960327148e+00 2.542454941511455152e-15 7.252375503730124594e-17
2.497501134872436523e+00 2.453398532711848455e-15 1.097449966303908704e-16
2.500278711318969727e+00 2.589344144372611456e-15 7.955373807026281372e-17
2.503061056137084961e+00 2.488504660243750187e-15 6.357784965209945503e-17
2.505848646163940430e+00 2.299744214981076611e-15 7.154924363148517340e-17
2.508641719818115234e+00 2.364862625658329526e-15 4.340020466824438632e-17
2.511440753936767578e+00 2.474976697043151756e-15 6.437357093159586595e-17
2.514245986938476562e+00 2.280947495090319618e-15 6.466185991868284716e-17
2.517058134078979492e+00 2.243650728598581452e-15 1.307834355381706716e-16
2.519877195358276367e+00 2.143744039502883982e-15 1.774165697514601598e-16
2.522703886032104492e+00 2.359227738976720293e-15 1.233583579574292757e-16
2.525538444519042969e+00 2.472190170404921922e-15 1.194224208446651564e-16
2.528381586074829102e+00 2.248171766954551280e-15 1.323499832694480976e-16
2.531233549118041992e+00 2.034488436010103984e-15 1.129137402686243075e-16
2.534094810485839844e+00 2.134893392237023797e-15 1.417104252555471630e-16
2.536965847015380859e+00 2.317554565004755970e-15 1.269207270706746468e-16
2.539847373962402344e+00 2.641176631513943857e-15 2.099049551947622773e-16
2.542739391326904297e+00 2.007626268395591544e-15 1.787823706742383166e-16
