# DENIS-P J0652197-253450 flux calibrated spectrum (erg/s/cm2/A) as a function of wavelength (um)
7.301378250122070312e-01 6.894958834328739853e-16 5.521540438376806772e-17
7.324571013450622559e-01 7.014430184560998746e-16 5.547700521557163804e-17
7.347898483276367188e-01 6.889483295720332835e-16 5.204634972562431064e-17
7.371363639831542969e-01 7.521411696623811569e-16 5.243203095803328532e-17
7.442622184753417969e-01 7.440020830117737884e-16 7.864196004210276280e-17
7.466673851013183594e-01 7.093288951950374108e-16 7.999199821112810906e-17
7.490879893302917480e-01 8.104621938774775151e-16 7.745721241180021275e-17
7.515243291854858398e-01 8.424948623602670182e-16 7.667207242669958015e-17
7.539767622947692871e-01 8.512241721564330239e-16 7.294038275078705449e-17
7.564454674720764160e-01 7.411217474746355401e-16 7.724273440513256331e-17
7.589306831359863281e-01 7.338159824254487928e-16 9.614286510734848502e-17
7.614327669143676758e-01 6.533427702386067348e-16 1.065158952772206639e-16
7.639518976211547852e-01 4.829716220190608325e-16 1.024017305209534191e-16
7.664882540702819824e-01 3.871338939135158088e-16 9.251284585488607709e-17
7.690421342849731445e-01 4.596365525364745023e-16 7.428269836161360568e-17
7.716136574745178223e-01 4.630396132811870607e-16 7.626793844918577253e-17
7.742030620574951172e-01 5.321752365294711053e-16 6.615739584873382077e-17
7.768104672431945801e-01 5.839812009516426056e-16 6.079594199041011659e-17
7.794361710548400879e-01 6.333556514196022301e-16 5.857662964182014419e-17
7.820802330970764160e-01 7.291512661058009541e-16 5.889604708971872093e-17
7.847427725791931152e-01 7.028830274059913886e-16 5.799964138606235548e-17
7.874240279197692871e-01 6.837656526051394401e-16 5.780698771267630512e-17
7.901241183280944824e-01 7.821941633287597499e-16 5.748759673455733007e-17
7.928430438041687012e-01 7.266161494342280366e-16 5.888212398564822837e-17
7.955810427665710449e-01 7.597087737713878897e-16 6.258854163948603393e-17
7.983382344245910645e-01 8.429231963337816772e-16 6.985251090668170176e-17
8.011145591735839844e-01 9.983216078425093294e-16 6.340038963220477868e-17
8.039102554321289062e-01 1.176209220556871486e-15 6.258216904004692540e-17
8.067253232002258301e-01 1.428520218511430268e-15 6.149553826528296528e-17
8.095598816871643066e-01 1.693563709849997285e-15 6.205534101663435229e-17
8.124139308929443359e-01 1.951982132991614792e-15 6.182746930148824423e-17
8.152875304222106934e-01 2.042320949673364500e-15 6.141136436614956918e-17
8.181807994842529297e-01 2.063162195340556559e-15 5.543946114192908122e-17
8.210936784744262695e-01 2.045326434328459571e-15 5.606868419900836852e-17
8.240262269973754883e-01 2.002815544771660745e-15 5.674993691661724127e-17
8.269784450531005859e-01 2.028358035054350986e-15 5.572205581767924738e-17
8.299504518508911133e-01 1.952002673540585709e-15 5.337425254145773787e-17
8.329421281814575195e-01 1.840316297247422683e-15 5.246103191030939447e-17
8.359535336494445801e-01 1.853530646499300209e-15 5.534762424160099387e-17
8.389846086502075195e-01 1.791975068156435695e-15 5.739634216938048006e-17
8.420354127883911133e-01 1.633929096352387117e-15 5.444286732248029305e-17
8.451058864593505859e-01 1.388651965870946452e-15 5.350427540758372319e-17
8.481959700584411621e-01 1.216623280052742291e-15 4.769061183454462941e-17
8.513056635856628418e-01 1.228181256376264033e-15 4.426265957083912531e-17
8.544349670410156250e-01 1.307805318033483655e-15 4.236364809904193628e-17
8.575837612152099609e-01 1.442317326431018752e-15 4.228345790173859556e-17
8.607519865036010742e-01 1.458215393697153122e-15 4.084252581828347241e-17
8.639396429061889648e-01 1.516811121284955891e-15 4.091680001984583388e-17
8.671466708183288574e-01 1.620351581724374310e-15 4.122523912665460684e-17
8.703729510307312012e-01 1.689742532466696322e-15 4.394591226195786974e-17
8.736184239387512207e-01 1.832935040386811897e-15 4.269783237523580967e-17
8.768830299377441406e-01 2.079510354739038183e-15 4.374048030246910021e-17
8.801666498184204102e-01 2.216877075927057086e-15 4.467861892238999101e-17
8.834692239761352539e-01 2.334290030218369623e-15 4.455423081059671692e-17
8.867906332015991211e-01 2.314336475079900070e-15 4.409254822350637006e-17
8.901308178901672363e-01 2.317563882367175768e-15 4.401095843660658962e-17
8.934895992279052734e-01 2.479251884086181024e-15 4.355789838022149551e-17
8.968669772148132324e-01 2.680835349379100639e-15 4.369641142815472511e-17
9.002627134323120117e-01 2.791929861400369722e-15 4.296436982093509646e-17
9.036767482757568359e-01 3.000173334999313088e-15 4.554151388507060821e-17
9.071090221405029297e-01 3.202913000265234823e-15 4.570097445483613068e-17
9.105592966079711914e-01 3.513220132360058735e-15 4.710510692719999473e-17
9.140274524688720703e-01 3.777982938155729359e-15 4.641672722143336510e-17
9.175134301185607910e-01 3.872482168916155376e-15 4.704571866794113755e-17
9.210171103477478027e-01 3.809254124018937246e-15 4.486436398329999849e-17
9.245381951332092285e-01 3.665669333965124524e-15 4.417610008281912628e-17
9.280766844749450684e-01 3.547056133987552644e-15 4.416108510034006372e-17
9.316323995590209961e-01 3.523702376840567516e-15 4.562513522755481889e-17
9.352051615715026855e-01 3.562543072636913458e-15 4.667889384477592169e-17
9.387948513031005859e-01 3.745655925723768986e-15 4.702661410451361283e-17
9.424012899398803711e-01 3.906761592291536911e-15 4.634356144189182469e-17
9.460242986679077148e-01 4.150866746811332844e-15 4.639304338613474681e-17
9.496636986732482910e-01 4.414812801087613509e-15 4.621825019653494143e-17
9.533193707466125488e-01 4.452794605475443590e-15 4.422905287691232090e-17
9.569911360740661621e-01 4.441496880024965732e-15 4.297191370812158007e-17
9.606788158416748047e-01 4.471666076023795774e-15 4.307605574724200626e-17
9.643822312355041504e-01 4.564160803314544490e-15 4.298870547455640654e-17
9.681012034416198730e-01 4.693310034364775798e-15 4.261676536648316275e-17
9.718355536460876465e-01 4.839654034244269404e-15 4.104407002889324271e-17
9.755851030349731445e-01 4.888047567619749345e-15 3.989443125250989337e-17
9.793496727943420410e-01 5.023483477204502071e-15 3.948656503607224648e-17
9.831290841102600098e-01 4.950173622652589631e-15 3.949631253241057136e-17
9.869231581687927246e-01 4.641785020183296709e-15 3.871881900489237895e-17
9.907316565513610840e-01 4.296395053962620558e-15 3.809179293952003249e-17
9.945544600486755371e-01 3.993111095549955677e-15 3.788343606938527545e-17
9.983912706375122070e-01 4.076113548117299076e-15 3.783000020181434987e-17
1.002241969108581543e+00 4.229886026944212896e-15 3.662689908808047323e-17
1.006106376647949219e+00 4.481638194911820652e-15 3.648435601620288529e-17
1.009984254837036133e+00 4.663225118144197559e-15 3.679813870976875081e-17
1.013875484466552734e+00 4.813329520793026631e-15 3.769850164547556995e-17
1.017779707908630371e+00 4.796939009747182292e-15 3.764473821438207336e-17
1.021696805953979492e+00 4.741027635448346808e-15 3.795964587358101100e-17
1.025626659393310547e+00 4.751607923992500274e-15 3.763560283169703773e-17
1.029569029808044434e+00 4.826364087301849431e-15 3.699820061272082608e-17
1.033523559570312500e+00 5.015355772559123432e-15 3.738877213691121427e-17
1.037490248680114746e+00 5.263854910492801048e-15 3.759380704970595834e-17
1.041468739509582520e+00 5.374991138886722405e-15 3.720281862648684343e-17
1.045458912849426270e+00 5.399030780962746703e-15 3.598661166312767663e-17
1.049460411071777344e+00 5.278248964881967001e-15 3.441276489012508278e-17
1.053473353385925293e+00 5.110319177374644806e-15 3.239481477241011901e-17
1.057497143745422363e+00 5.083352612949383273e-15 3.144192917652863283e-17
1.061531901359558105e+00 5.147796997158858578e-15 3.143423308810943946e-17
1.065577268600463867e+00 5.394058697562363960e-15 3.255525472402090426e-17
1.069633007049560547e+00 5.615290574374504767e-15 3.401505645160958708e-17
1.073698878288269043e+00 5.862134609929247481e-15 3.507403292413467438e-17
1.077774763107299805e+00 6.049051487982222072e-15 3.623603308759201617e-17
1.081860423088073730e+00 6.322151427319479960e-15 3.630070206788141188e-17
1.085955739021301270e+00 6.600213285661753540e-15 3.696933531806517563e-17
1.090060234069824219e+00 6.728488802226892038e-15 3.725785260700122147e-17
1.094174027442932129e+00 6.661295796103576528e-15 3.642536149491560336e-17
1.098296642303466797e+00 6.605146405546562585e-15 3.599420848987336364e-17
1.102428078651428223e+00 6.539362438731004604e-15 3.521153019427568885e-17
1.106567978858947754e+00 6.370108315210650310e-15 3.364718607215010419e-17
1.110716223716735840e+00 6.322081547101331481e-15 3.237808918042429679e-17
1.114872574806213379e+00 6.369300669295443335e-15 3.280896094405826849e-17
1.119036674499511719e+00 6.430120599523617489e-15 3.350547348960751948e-17
1.123208522796630859e+00 6.554876694192914369e-15 3.516991970074182135e-17
1.127387881278991699e+00 6.471131393730828948e-15 3.642365419413129391e-17
1.131574511528015137e+00 6.264153387355083508e-15 3.594254278881330153e-17
1.135768175125122070e+00 6.020899500947278146e-15 3.583549569138158911e-17
1.139968633651733398e+00 6.017446994654269618e-15 3.551302760138391680e-17
1.144175767898559570e+00 6.217840166898060128e-15 3.506865294143062949e-17
1.148389339447021484e+00 6.591690016630007143e-15 3.584471048340542984e-17
1.152609109878540039e+00 6.748728654501533544e-15 3.505479601180914117e-17
1.156834959983825684e+00 6.754422409972976951e-15 3.415121699788071586e-17
1.161066651344299316e+00 6.562217505230293763e-15 3.259632258707293698e-17
1.165303945541381836e+00 6.410021354718220196e-15 3.092090465229373176e-17
1.169546604156494141e+00 6.143320325780994920e-15 2.915701478791830491e-17
1.173794507980346680e+00 5.977080369003445054e-15 2.792360246781803513e-17
1.178047537803649902e+00 5.969116988749833749e-15 2.694069352442332425e-17
1.182305335998535156e+00 6.025848290941611396e-15 2.634022491979760530e-17
1.186567664146423340e+00 6.113421756808812627e-15 2.605729440871874260e-17
1.190834522247314453e+00 5.937450662016731731e-15 2.647723746209966369e-17
1.195105671882629395e+00 5.720567028839320875e-15 2.727500187770908060e-17
1.199380755424499512e+00 5.631222840595884530e-15 2.786969345293672921e-17
1.203659772872924805e+00 5.685587532733033661e-15 2.866183800346446084e-17
1.207942366600036621e+00 5.926024187558271220e-15 2.912325589275879074e-17
1.212228536605834961e+00 6.137496127235674351e-15 2.885905440510935370e-17
1.216517925262451172e+00 6.311475000535813132e-15 2.961609341044033484e-17
1.220810532569885254e+00 6.495876190735442451e-15 2.961552431017889836e-17
1.225105881690979004e+00 6.585654906880820253e-15 2.948104128619002712e-17
1.229404091835021973e+00 6.571128291835409002e-15 2.925404969121567548e-17
1.233704805374145508e+00 6.372178040217266193e-15 2.825660222137473259e-17
1.238007903099060059e+00 6.108564869889256468e-15 2.684410033557305700e-17
1.242313146591186523e+00 5.936010706006399421e-15 2.597690072498471384e-17
1.246620416641235352e+00 5.873553461091182704e-15 2.520789903363499082e-17
1.250929474830627441e+00 6.047418831976389408e-15 2.512896284214028049e-17
1.255240321159362793e+00 6.214773484112525934e-15 2.565917899734187081e-17
1.259552478790283203e+00 6.488126262784539230e-15 2.760641675321212645e-17
1.263866066932678223e+00 6.655099326577937693e-15 2.931415263452377847e-17
1.268180847167968750e+00 6.769023987434220208e-15 3.122201824759773510e-17
1.272496461868286133e+00 6.900128594043188068e-15 3.270360129507616424e-17
1.276812911033630371e+00 7.002603487034960578e-15 3.260919682612671230e-17
1.281130075454711914e+00 6.892113121263320624e-15 3.155304600257410614e-17
1.285447716712951660e+00 6.845007925000614474e-15 3.041647006242419421e-17
1.289765596389770508e+00 6.820798876335139316e-15 2.896370929620956276e-17
1.294083714485168457e+00 6.829704580742571030e-15 2.894535250405578597e-17
1.298401832580566406e+00 6.788072487868548541e-15 2.824930979709446509e-17
1.302719712257385254e+00 6.783263034794038623e-15 2.811329814333359586e-17
1.307037353515625000e+00 6.768395912503831144e-15 2.844937831749144079e-17
1.311354517936706543e+00 6.782801401837785030e-15 2.873116235624130499e-17
1.315671086311340332e+00 6.785249327055349958e-15 2.749477384029706941e-17
1.319986820220947266e+00 6.791817644044833430e-15 2.779941949681667419e-17
1.324301719665527344e+00 6.604395087322348021e-15 2.613199708983840653e-17
1.328615546226501465e+00 6.116946260902337770e-15 2.488616217129881539e-17
1.332928180694580078e+00 5.530245501854857623e-15 2.320944556295790191e-17
1.337239384651184082e+00 4.975527012829805348e-15 2.297994099328261417e-17
1.341549277305603027e+00 4.658504603529149343e-15 2.216304058138239552e-17
1.345857381820678711e+00 4.527729916253137032e-15 2.429470156354379890e-17
1.350163817405700684e+00 4.422729594529125827e-15 2.717439851724915627e-17
1.354468464851379395e+00 4.303535541707974310e-15 3.155712896607766789e-17
1.358770966529846191e+00 4.247168887199989640e-15 3.905948175964376766e-17
1.363071322441101074e+00 4.203438270199144622e-15 4.733098348270862489e-17
1.367369413375854492e+00 4.214165518959646708e-15 4.863898102428157607e-17
1.371665120124816895e+00 4.129519398958156340e-15 4.299981947326666902e-17
1.375958323478698730e+00 4.118563451301895592e-15 4.219307353056615134e-17
1.380248904228210449e+00 4.236642385247986822e-15 4.153981591360852326e-17
1.384536623954772949e+00 4.297189570867145092e-15 4.054527681080131681e-17
1.388821482658386230e+00 4.360290984338748704e-15 3.954698892545802005e-17
1.393103480339050293e+00 4.213516691722049914e-15 4.072062586577275783e-17
1.397382140159606934e+00 3.998147976970803374e-15 4.189919280253831166e-17
1.401657700538635254e+00 3.978055931945457743e-15 3.944461043540355692e-17
1.405929923057556152e+00 3.933768814298266650e-15 3.906016004774606114e-17
1.410198688507080078e+00 3.909326831572296559e-15 3.770507607698414141e-17
1.414463877677917480e+00 3.870050337324588280e-15 3.576152589228464716e-17
1.418725490570068359e+00 3.823648178408103199e-15 3.216024951174723185e-17
1.422983288764953613e+00 3.792116953430088241e-15 2.870365363779024150e-17
1.427237272262573242e+00 3.768616024308517679e-15 2.695757793508675665e-17
1.431487202644348145e+00 3.724997215656710228e-15 2.708617805055915076e-17
1.435733199119567871e+00 3.730461001682974093e-15 2.692864481162087685e-17
1.439974904060363770e+00 3.741570685819161496e-15 2.588485537514226314e-17
1.444212555885314941e+00 3.784541937782793034e-15 2.596190559484035256e-17
1.448445796966552734e+00 3.839131093650964555e-15 2.707778547606418774e-17
1.452674508094787598e+00 3.842310855334957198e-15 2.836406621783517173e-17
1.456898808479309082e+00 3.884205104906154893e-15 2.857685346733076278e-17
1.461118578910827637e+00 3.847491732356838126e-15 2.741215007763159769e-17
1.465333580970764160e+00 3.790623210827605283e-15 2.763325380100579688e-17
1.469543933868408203e+00 3.795778253344594955e-15 2.701200311067029566e-17
1.473749399185180664e+00 3.789541973270435168e-15 2.753348754732577622e-17
1.477949976921081543e+00 3.806811280999055844e-15 2.793324739376040343e-17
1.482145547866821289e+00 3.819820860035934643e-15 2.967323504715549799e-17
1.486336112022399902e+00 3.863890290215681381e-15 2.810460282073443843e-17
1.490521550178527832e+00 3.903897350380396494e-15 2.550991921889035228e-17
1.494701743125915527e+00 3.931976492581876551e-15 2.350001756853552947e-17
1.498876690864562988e+00 3.969608895878964233e-15 2.588119096502865322e-17
1.503046393394470215e+00 3.987358047772204470e-15 2.813881170214718144e-17
1.507210612297058105e+00 4.021977554875908606e-15 2.869843909120870721e-17
1.511369347572326660e+00 4.039360788535934985e-15 2.744587423120538463e-17
1.515522718429565430e+00 4.108950050867032910e-15 2.451758207087376200e-17
1.519670367240905762e+00 4.168653591670725897e-15 2.484844604408884754e-17
1.523812532424926758e+00 4.230415846052720460e-15 2.678627379331069994e-17
1.527948856353759766e+00 4.241672066888782858e-15 2.827042937249416900e-17
1.532079577445983887e+00 4.285949867173554154e-15 2.784107300374239445e-17
1.536204457283020020e+00 4.343795864723918460e-15 2.751601914714988138e-17
1.540323615074157715e+00 4.343774265383763475e-15 2.644276553725212882e-17
1.544436812400817871e+00 4.382031355479451204e-15 2.559025499998150233e-17
1.548544049263000488e+00 4.467737960730903957e-15 2.599588452004280583e-17
1.552645325660705566e+00 4.478912866404029941e-15 2.570128910796572034e-17
1.556740641593933105e+00 4.482954484111853835e-15 2.659750952316487392e-17
1.560829877853393555e+00 4.518807271186760233e-15 2.670191626008131707e-17
1.564913034439086914e+00 4.527637589661886314e-15 2.610374225447482021e-17
1.568990111351013184e+00 4.548677041038735880e-15 2.453908214935524029e-17
1.573060989379882812e+00 4.613508095788632773e-15 2.340847349014428590e-17
1.577125668525695801e+00 4.625463118806179968e-15 2.640335038106397705e-17
1.581184148788452148e+00 4.621631988785748768e-15 2.919020458281638259e-17
1.585236310958862305e+00 4.559930720775956514e-15 2.925191556523528867e-17
1.589282274246215820e+00 4.568680571121093437e-15 2.745124594210330399e-17
1.593321800231933594e+00 4.616634494396948396e-15 2.396629431674799585e-17
1.597355127334594727e+00 4.688531074476367036e-15 2.475323590122276894e-17
1.601382017135620117e+00 4.706891784157524877e-15 2.657408211385614707e-17
1.605402469635009766e+00 4.642756566973797391e-15 2.842114498882378085e-17
1.609416604042053223e+00 4.574413713624584168e-15 2.875911113477824669e-17
1.613424301147460938e+00 4.563317582015552834e-15 2.761769287932244933e-17
1.617425441741943359e+00 4.583876342194835585e-15 2.757267440166486335e-17
1.621420264244079590e+00 4.626710798337485553e-15 2.614650418342136153e-17
1.625408530235290527e+00 4.625617278802580251e-15 2.521054932031761072e-17
1.629390358924865723e+00 4.616212671989215754e-15 2.513052125041433040e-17
1.633365631103515625e+00 4.657518233662071711e-15 2.476861649753257994e-17
1.637334346771240234e+00 4.725820429429816727e-15 2.597249185231980621e-17
1.641296505928039551e+00 4.744629643056545720e-15 2.611630381925705049e-17
1.645252227783203125e+00 4.811632066766729013e-15 2.659877841822453026e-17
1.649201393127441406e+00 4.854661340487247470e-15 2.618222515099385148e-17
1.653144001960754395e+00 4.857645437560424370e-15 2.465267389979347226e-17
1.657080054283142090e+00 4.851128366064249783e-15 2.239916755904178280e-17
1.661009550094604492e+00 4.871913707556923059e-15 2.262883591047835604e-17
1.664932370185852051e+00 4.847969356687464870e-15 2.669769598459607152e-17
1.668848752975463867e+00 4.829405782615439624e-15 2.814746401135448611e-17
1.672758460044860840e+00 4.819275692082751819e-15 2.797147637295015416e-17
1.676661729812622070e+00 4.894076324621831828e-15 2.544798489770605689e-17
1.680558323860168457e+00 4.890388343169486604e-15 2.273106219930010941e-17
1.684448480606079102e+00 4.913505989882424596e-15 2.389634130670561141e-17
1.688331961631774902e+00 4.867792468752057261e-15 2.513043356926939978e-17
1.692208886146545410e+00 4.798311203121734259e-15 2.620522077202282565e-17
1.696079373359680176e+00 4.745760855557603838e-15 2.725370363129706524e-17
1.699943304061889648e+00 4.736244863911675401e-15 2.615124392833129038e-17
1.703800559043884277e+00 4.721066880529825593e-15 2.592570982559625717e-17
1.707651376724243164e+00 4.660179611182344722e-15 2.565040591976513340e-17
1.711495757102966309e+00 4.554995483308779333e-15 2.433903348129296587e-17
1.715333580970764160e+00 4.500977651163530838e-15 2.379707136139312256e-17
1.719164848327636719e+00 4.396800645464250812e-15 2.303971968179059637e-17
1.722989797592163086e+00 4.342599007169448133e-15 2.268083248378343936e-17
1.726808071136474609e+00 4.281225117393769666e-15 2.283291791120743903e-17
1.730620026588439941e+00 4.215834597382211307e-15 2.296935804452561073e-17
1.734425544738769531e+00 4.142094873609567310e-15 2.326916634882300540e-17
1.738224625587463379e+00 4.057768508545665440e-15 2.381733232331699642e-17
1.742017269134521484e+00 3.989127499599018703e-15 2.349402216345574513e-17
1.745803594589233398e+00 3.947318376839020065e-15 2.246713864433649019e-17
1.749583482742309570e+00 3.855931145126806348e-15 2.099859361767312187e-17
1.753357052803039551e+00 3.762411931486353556e-15 1.929889627755426018e-17
1.757124304771423340e+00 3.677798422253332478e-15 1.956748843989512869e-17
1.760885238647460938e+00 3.641575058264002324e-15 2.280647625574656895e-17
1.764639854431152344e+00 3.596255407454108238e-15 2.472980849191404209e-17
1.768388271331787109e+00 3.521405858762324294e-15 2.494629820183142050e-17
1.772130370140075684e+00 3.417215935810598640e-15 2.213047778938863303e-17
1.775866270065307617e+00 3.376924907850316522e-15 1.934140508923336027e-17
1.779595971107482910e+00 3.295299307338734988e-15 1.918739067662088695e-17
1.783319473266601562e+00 3.254104495223732532e-15 2.129931843808922530e-17
1.787036776542663574e+00 3.183850735545513608e-15 2.175154138769441574e-17
1.790748000144958496e+00 3.170705419478837307e-15 2.191202600705827885e-17
1.794453144073486328e+00 3.135697336010580261e-15 2.311800074624016470e-17
1.798152208328247070e+00 3.122080857866993756e-15 2.435319315901864859e-17
1.801845192909240723e+00 3.075020977866965710e-15 2.608692236389916695e-17
1.805532097816467285e+00 3.026971975142781456e-15 2.687788073742849754e-17
1.809213042259216309e+00 3.049583307911498190e-15 2.684467274455694369e-17
1.812888026237487793e+00 3.046571682267535525e-15 2.760083659279984373e-17
1.816556930541992188e+00 3.025634510119066915e-15 2.859814178757542750e-17
1.820219993591308594e+00 2.973057269258861171e-15 2.822654247791455556e-17
1.823877215385437012e+00 2.914313840300880934e-15 2.946477560662478438e-17
1.827528476715087891e+00 2.973200629585183961e-15 3.158581558972100689e-17
1.831174015998840332e+00 2.883438007065803992e-15 3.381105055149685897e-17
1.834813594818115234e+00 2.829331024702856981e-15 3.930459853620038124e-17
1.838447451591491699e+00 2.776911543729077350e-15 4.447499683408148751e-17
1.842075467109680176e+00 2.684685961157318689e-15 4.581637938517707888e-17
1.845697879791259766e+00 2.693245652605797021e-15 4.621273124748798763e-17
1.849314570426940918e+00 2.667827676166353162e-15 4.488558943781810918e-17
1.852925539016723633e+00 2.580424463921550046e-15 4.497269155631994299e-17
1.856530785560607910e+00 2.514303166234748040e-15 4.118597782606038993e-17
1.860130429267883301e+00 2.460410694965693180e-15 3.546277472481009527e-17
1.863724589347839355e+00 2.493179011563173043e-15 3.488728862904470285e-17
1.867313146591186523e+00 2.555313536925485872e-15 4.315965723739151566e-17
1.870896100997924805e+00 2.479502394080331483e-15 6.169834309914626639e-17
1.874473571777343750e+00 2.479923369455116870e-15 6.026453469512644992e-17
1.878045558929443359e+00 2.484562780665465487e-15 4.310613865175933477e-17
1.881612181663513184e+00 2.580496038205593035e-15 3.195255438610251724e-17
1.885173320770263672e+00 2.586558676525565689e-15 2.736074245692265213e-17
1.888728976249694824e+00 2.627471003152658836e-15 2.750030933295627428e-17
1.892279386520385742e+00 2.571200275125950716e-15 2.742775401270679801e-17
1.895824432373046875e+00 2.579013730547898009e-15 3.053906815537190355e-17
1.899364113807678223e+00 2.630068429685414148e-15 3.507611080183340758e-17
1.902898550033569336e+00 2.659473601965820812e-15 4.047740167845766558e-17
1.906427621841430664e+00 2.669536776895675527e-15 3.781436979695954785e-17
1.909951567649841309e+00 2.726853378854005895e-15 3.672885075293885900e-17
1.913470268249511719e+00 2.714151272776980407e-15 3.331362383577687067e-17
1.916983842849731445e+00 2.737855489805892002e-15 3.320358896197261672e-17
1.920492172241210938e+00 2.731174729192660522e-15 3.247552443913814303e-17
1.923995375633239746e+00 2.662646587386235421e-15 3.079463718614873719e-17
1.927493453025817871e+00 2.661995430808033677e-15 2.918723004133364190e-17
1.930986523628234863e+00 2.617837909201772492e-15 2.598288785825837266e-17
1.934474468231201172e+00 2.609084670724846552e-15 2.394856783622098447e-17
1.937957406044006348e+00 2.603986802931796546e-15 2.296188198614935647e-17
1.941435337066650391e+00 2.526871017589633721e-15 2.158874728006030457e-17
1.944908380508422852e+00 2.487188159285480191e-15 2.089128678552906780e-17
1.948376297950744629e+00 2.424938225684103964e-15 2.134442459689174190e-17
1.951839327812194824e+00 2.435838692682319555e-15 2.335863254951551577e-17
1.955297470092773438e+00 2.457001599111231435e-15 2.517655219714168128e-17
1.958750724792480469e+00 2.470042730125395457e-15 2.535735402671107186e-17
1.962198972702026367e+00 2.491187213587704556e-15 2.440331037797201143e-17
1.965642452239990234e+00 2.491081122711060955e-15 2.324193390869653462e-17
1.969081163406372070e+00 2.454634777298366106e-15 2.227356845483173108e-17
1.972514986991882324e+00 2.359269878865846194e-15 2.098398064497176009e-17
1.975943922996520996e+00 2.288456865684202618e-15 1.929565372955305231e-17
1.979368209838867188e+00 2.239964017695657110e-15 1.765555475256863627e-17
1.982787609100341797e+00 2.252498411249126246e-15 1.602469538302643754e-17
1.986202359199523926e+00 2.278091723508651745e-15 1.528237026643154966e-17
1.989612340927124023e+00 2.296019811111999452e-15 1.506791707518227681e-17
1.993017673492431641e+00 2.306222534719914313e-15 1.647169220552151795e-17
1.996418237686157227e+00 2.354772980948873114e-15 2.170942796834811599e-17
1.999814152717590332e+00 2.318603615309930421e-15 2.876797520222236493e-17
2.003205299377441406e+00 2.256164581603079672e-15 3.467133493216425881e-17
2.006591796875000000e+00 2.269367284151932451e-15 3.266570980557633515e-17
2.009973764419555664e+00 2.278798572503135458e-15 2.797900702524683692e-17
2.013351202011108398e+00 2.259445563724269204e-15 2.560774159813087333e-17
2.016723871231079102e+00 2.293637742706083546e-15 2.392781552901325411e-17
2.020091772079467773e+00 2.319252866064000843e-15 2.205329687515376023e-17
2.023455381393432617e+00 2.321342072828403574e-15 2.118755641116596062e-17
2.026814222335815430e+00 2.317940388512230304e-15 1.994650425092815108e-17
2.030168533325195312e+00 2.332097485434401866e-15 1.947736545779625122e-17
2.033518314361572266e+00 2.328706389030069275e-15 1.835314097855298110e-17
2.036863565444946289e+00 2.351546420694544670e-15 1.913590364657313629e-17
2.040204048156738281e+00 2.342947342214019013e-15 1.900762116845596255e-17
2.043540239334106445e+00 2.351006860707143681e-15 1.917517321897347873e-17
2.046871662139892578e+00 2.343285308359973479e-15 1.874603357154219308e-17
2.050198793411254883e+00 2.351816412446481978e-15 2.010474224774832017e-17
2.053521156311035156e+00 2.353224604721292253e-15 2.208360477279770317e-17
2.056839227676391602e+00 2.350809713788670242e-15 2.209589998542269137e-17
2.060152530670166016e+00 2.375518723651262251e-15 2.069099823508915300e-17
2.063461542129516602e+00 2.394658491885657235e-15 1.856031663477301241e-17
2.066765785217285156e+00 2.374189728957020254e-15 1.867795495276785379e-17
2.070065736770629883e+00 2.403504903986781148e-15 1.939674512657438293e-17
2.073361158370971680e+00 2.409550178131335089e-15 1.886372813781868807e-17
2.076651811599731445e+00 2.428232548574212751e-15 1.791662453441894754e-17
2.079938173294067383e+00 2.447122230330930903e-15 1.656758063648989003e-17
2.083220005035400391e+00 2.451808440111615320e-15 1.645164796491813299e-17
2.086497306823730469e+00 2.447045785607441203e-15 1.680659116576463716e-17
2.089770078659057617e+00 2.465230312435570149e-15 1.693978875108160100e-17
2.093038320541381836e+00 2.477314084461099998e-15 1.646214323253020580e-17
2.096302032470703125e+00 2.493053862445216221e-15 1.607083551759464542e-17
2.099561214447021484e+00 2.498392287595286448e-15 1.581402075281530692e-17
2.102815866470336914e+00 2.507992770777703502e-15 1.641279032846284196e-17
2.106065988540649414e+00 2.516805936835647683e-15 1.693615081074759278e-17
2.109311580657958984e+00 2.532444706140803831e-15 1.749592543795815299e-17
2.112552642822265625e+00 2.544775600028695121e-15 1.758313508993961869e-17
2.115788936614990234e+00 2.558147920925235574e-15 1.757977011920775298e-17
2.119020938873291016e+00 2.569798647356481662e-15 1.748908796301478966e-17
2.122248172760009766e+00 2.568333915632442163e-15 1.745529267190832316e-17
2.125470876693725586e+00 2.589955066885818620e-15 1.748119831433225888e-17
2.128688812255859375e+00 2.586137065876069861e-15 1.840785070426723835e-17
2.131902456283569336e+00 2.589859563921015698e-15 1.712209439500461298e-17
2.135111331939697266e+00 2.613139417443352888e-15 1.656402375985591201e-17
2.138315677642822266e+00 2.620728620892514606e-15 1.621186650331248643e-17
2.141515254974365234e+00 2.639238831888862831e-15 1.618726449753393428e-17
2.144710063934326172e+00 2.629868741668098947e-15 1.689604247720612157e-17
2.147900342941284180e+00 2.641218771403069758e-15 1.849005095045908292e-17
2.151086091995239258e+00 2.626456681198321812e-15 1.947780882660457964e-17
2.154267072677612305e+00 2.619069706865317058e-15 1.974121125778229046e-17
2.157443284988403320e+00 2.640615048669914255e-15 1.859991377069592584e-17
2.160614728927612305e+00 2.645329210537858064e-15 1.773667800960293680e-17
2.163781642913818359e+00 2.660589144357354725e-15 1.754303502820427302e-17
2.166943550109863281e+00 2.677310845285575495e-15 1.837858174547266202e-17
2.170100927352905273e+00 2.675360128408048842e-15 1.785773920097252261e-17
2.173253536224365234e+00 2.652951660030199513e-15 1.779947425298551245e-17
2.176401138305664062e+00 2.640035678133992314e-15 1.831436771452017048e-17
2.179544210433959961e+00 2.659867260528057248e-15 1.872735914203319592e-17
2.182682275772094727e+00 2.649611385602702179e-15 1.880058282421761504e-17
2.185815572738647461e+00 2.664321383281193986e-15 1.860939656923823375e-17
2.188944101333618164e+00 2.655321022941906604e-15 1.796223031031144617e-17
2.192067623138427734e+00 2.656875328400118245e-15 1.886017456990716026e-17
2.195186376571655273e+00 2.652897026405101610e-15 1.913343368526405295e-17
2.198300123214721680e+00 2.670524417312174041e-15 1.954291124953495313e-17
2.201409101486206055e+00 2.642033617098328395e-15 1.963107877666575525e-17
2.204513072967529297e+00 2.617910754035236362e-15 1.981083670430210390e-17
2.207612037658691406e+00 2.594610995238638695e-15 1.856779434751049178e-17
2.210706233978271484e+00 2.610876780682999838e-15 1.919093928144873943e-17
2.213795185089111328e+00 2.646322568426750545e-15 1.974794450796847210e-17
2.216879367828369141e+00 2.656644511921991449e-15 1.889407243140958333e-17
2.219958543777465820e+00 2.650474300417717498e-15 1.853468892503489450e-17
2.223032712936401367e+00 2.665086889307275060e-15 1.830689000178269111e-17
2.226101636886596680e+00 2.663975582080477418e-15 1.862992553768057479e-17
2.229165792465209961e+00 2.657530508384819447e-15 1.929363871758087314e-17
2.232224702835083008e+00 2.630379290777056477e-15 1.915252170507932662e-17
2.235278606414794922e+00 2.631530832068848698e-15 1.898948606070634997e-17
2.238327503204345703e+00 2.633210498403253975e-15 1.840568183670112431e-17
2.241371154785156250e+00 2.640192379229234360e-15 1.837702499155983722e-17
2.244409799575805664e+00 2.633750270148891778e-15 1.851018618092984872e-17
2.247443199157714844e+00 2.627629821830269018e-15 1.877943512467708433e-17
2.250471591949462891e+00 2.619274265322078972e-15 1.901871200610907354e-17
2.253494739532470703e+00 2.602413650990508497e-15 1.910242268409943994e-17
2.256512880325317383e+00 2.599930150389158888e-15 1.894181564200491898e-17
2.259525775909423828e+00 2.599764555447970672e-15 1.891994333224779183e-17
2.262533426284790039e+00 2.582590750684152919e-15 1.968540634493701300e-17
2.265535831451416016e+00 2.557551397972131733e-15 1.913377117495397459e-17
2.268533229827880859e+00 2.553529897296805129e-15 1.894990050531201228e-17
2.271525382995605469e+00 2.541204720881307805e-15 1.895435073700754757e-17
2.274512529373168945e+00 2.539656768170200571e-15 1.922147217221929679e-17
2.277494192123413086e+00 2.530040826636496126e-15 1.910154918137258395e-17
2.280470848083496094e+00 2.516442559701275589e-15 1.896659135571210727e-17
2.283442258834838867e+00 2.528572283264193983e-15 1.897346688096364803e-17
2.286408424377441406e+00 2.524632944784751046e-15 1.894824448972568111e-17
2.289369344711303711e+00 2.496058923583837665e-15 1.900087633774120516e-17
2.292325258255004883e+00 2.376463588903924423e-15 1.858733731666266961e-17
2.295275688171386719e+00 2.236562121621247026e-15 1.888313214062795699e-17
2.298221111297607422e+00 2.151521919541046594e-15 1.826827390206626556e-17
2.301161527633666992e+00 2.183376287588439067e-15 1.857351678298813362e-17
2.304096698760986328e+00 2.213178506562871184e-15 1.835819008901200478e-17
2.307026624679565430e+00 2.237899586644961566e-15 1.839846220431476148e-17
2.309951305389404297e+00 2.231962944475892989e-15 1.800673593598924927e-17
2.312870979309082031e+00 2.215548504749288716e-15 1.825186925615811392e-17
2.315785646438598633e+00 2.195598125984371367e-15 1.845894565070463887e-17
2.318695068359375000e+00 2.165870234151060815e-15 1.887718802074615093e-17
2.321599483489990234e+00 2.073383130156837388e-15 1.897577471487267098e-17
2.324498653411865234e+00 2.011650521927996725e-15 1.781834720584152233e-17
2.327393054962158203e+00 1.983262847975479290e-15 1.741686186064910950e-17
2.330282449722290039e+00 2.003682694751412335e-15 1.760411900771886390e-17
2.333166599273681641e+00 2.019924763273250358e-15 1.768734826659272444e-17
2.336045980453491211e+00 2.017142471799756795e-15 1.787751047197376508e-17
2.338920593261718750e+00 2.028030233303763571e-15 1.849985304071783630e-17
2.341790199279785156e+00 2.024063366253534869e-15 1.893163635738684143e-17
2.344654798507690430e+00 2.028035950776157538e-15 1.893002335519236302e-17
2.347514867782592773e+00 2.037241293088680461e-15 1.942363842264970697e-17
2.350370168685913086e+00 1.982954104466205097e-15 1.995758847113636165e-17
2.353220701217651367e+00 1.904122865647615501e-15 1.904453493047175396e-17
2.356066465377807617e+00 1.859987366897982927e-15 1.858918192942866286e-17
2.358907699584960938e+00 1.883466908437635319e-15 1.896205178851041625e-17
2.361744403839111328e+00 1.908616587191036378e-15 1.896853523015160688e-17
2.364576816558837891e+00 1.925890553600866952e-15 1.943142880965873138e-17
2.367404460906982422e+00 1.927992042343004871e-15 2.182773133955545001e-17
2.370228052139282227e+00 1.936424043574684617e-15 2.343977235016206736e-17
2.373047113418579102e+00 1.930201316027680900e-15 2.252392790211070575e-17
2.375862121582031250e+00 1.923600176511491323e-15 2.115904845853493308e-17
2.378672838211059570e+00 1.890290605860715963e-15 1.939113684202127340e-17
2.381479740142822266e+00 1.838856859479303524e-15 1.921735612149123293e-17
2.384282588958740234e+00 1.795286966980200009e-15 1.901073798500406236e-17
2.387081384658813477e+00 1.771215878806008896e-15 1.907263591024140542e-17
2.389876365661621094e+00 1.782191202340938085e-15 1.909432624026377091e-17
2.392667770385742188e+00 1.793018612747452993e-15 1.922710858091323312e-17
2.395455598831176758e+00 1.786649348500574282e-15 1.899129262316416578e-17
2.398239850997924805e+00 1.764807121647964452e-15 1.880558726692356086e-17
2.401020765304565430e+00 1.736742273127469312e-15 1.862209213727969762e-17
2.403798341751098633e+00 1.730532886349384850e-15 1.893417745622860433e-17
2.406572818756103516e+00 1.695277045744055921e-15 1.903742944900992345e-17
2.409344196319580078e+00 1.664244723171973746e-15 1.905329642751991563e-17
2.412112712860107422e+00 1.639997028628280111e-15 1.950684452046641602e-17
2.414878606796264648e+00 1.632030048484642976e-15 2.038227126942721159e-17
2.417641639709472656e+00 1.604498830720918045e-15 2.051875772485968626e-17
2.420402050018310547e+00 1.581397383513096291e-15 1.999552959147294392e-17
2.423160314559936523e+00 1.580071353434169684e-15 1.924124013449808905e-17
2.425916433334350586e+00 1.554439289417307302e-15 1.850834322252508057e-17
2.428670406341552734e+00 1.559592214351928838e-15 1.873359608385184575e-17
2.431422472000122070e+00 1.548075636763704150e-15 2.013595011789872080e-17
2.434172868728637695e+00 1.510620369231711023e-15 2.114756057418779663e-17
2.436921834945678711e+00 1.482201672697500399e-15 2.115807238541212050e-17
2.439669370651245117e+00 1.494083215606873283e-15 2.043809603460719032e-17
2.442415714263916016e+00 1.472865993190218721e-15 2.077056308384940363e-17
2.445161104202270508e+00 1.448806763477289167e-15 2.258004218050507805e-17
2.447905778884887695e+00 1.423728341370575877e-15 2.486694345694675834e-17
2.450649976730346680e+00 1.393450619275378877e-15 2.538168306288748151e-17
2.453393697738647461e+00 1.392837579179803578e-15 2.343163951037944599e-17
2.456137180328369141e+00 1.386310555046498753e-15 2.057445510422533183e-17
2.458880901336669922e+00 1.397152576771353797e-15 2.015060610399193534e-17
2.461625099182128906e+00 1.376943217682813445e-15 2.030750572258099363e-17
2.464369773864746094e+00 1.355085532478916225e-15 2.069616976827883453e-17
2.467115163803100586e+00 1.351047726419354975e-15 2.135260375878866623e-17
2.469861745834350586e+00 1.317231735945239950e-15 2.294016022326371396e-17
2.472609519958496094e+00 1.309593722222492703e-15 2.354962855295400986e-17
2.475358963012695312e+00 1.279336858313621841e-15 2.312654883069028769e-17
2.478110313415527344e+00 1.297045140867157057e-15 2.347849102027444948e-17
2.480863809585571289e+00 1.274215697114522341e-15 2.578764014647135601e-17
2.483619928359985352e+00 1.289758328180165125e-15 2.852242167430232335e-17
2.486378669738769531e+00 1.257589605030222900e-15 2.967909810333727385e-17
2.489140748977661133e+00 1.233315546586045974e-15 3.013280997804505975e-17
2.491905927658081055e+00 1.249686046478511430e-15 3.146956693515525459e-17
2.494674921035766602e+00 1.245391060040340094e-15 2.974440897578201071e-17
2.497448205947875977e+00 1.235773530319859547e-15 2.753555880757960900e-17
2.500225543975830078e+00 1.229659117110985973e-15 2.711288109509358760e-17
2.503007888793945312e+00 1.206009851344527501e-15 2.934193597693820956e-17
2.505795478820800781e+00 1.198382531412739340e-15 3.150267401199207697e-17
2.508588314056396484e+00 1.200818492289924301e-15 3.388355458654835695e-17
2.511387348175048828e+00 1.189596682167344110e-15 3.699898477994152635e-17
2.514192342758178711e+00 1.174325419282177922e-15 4.559972754785964009e-17
2.517004251480102539e+00 1.166228101943782031e-15 4.930565220205236404e-17
2.519823312759399414e+00 1.123543358874559261e-15 4.639740097360167616e-17
2.522649765014648438e+00 1.149846061227410236e-15 4.473395068792488814e-17
2.525484323501586914e+00 1.198339756248902998e-15 4.977961345815544805e-17
2.528327226638793945e+00 1.107404522493167856e-15 6.340076682656410286e-17
2.531178951263427734e+00 1.081650485731900854e-15 8.336491649431923513e-17
2.534039974212646484e+00 1.034799822869844621e-15 9.713102830199413272e-17
2.536911010742187500e+00 1.169581928898435434e-15 1.023574598145695811e-16
2.539792060852050781e+00 1.121524773482133856e-15 8.825322965970750790e-17
2.546149969100952148e+00 1.118897806675343051e-15 8.649513336834240246e-17
2.549069881439208984e+00 9.456042889086514053e-16 1.234497581063939350e-16
2.552000045776367188e+00 9.666995385809013484e-16 1.280479955745721121e-16
2.554939985275268555e+00 1.253744710724398817e-15 1.147202100822115141e-16
