# 2MASS J03510004-0052452 flux calibrated spectrum (erg/s/cm2/A) as a function of wavelength (um)
6.441659927368164062e-01 1.203715027332178788e-15 1.198207380881114912e-16
6.444439888000488281e-01 1.000426590595554673e-15 1.173874771284459033e-16
6.447219848632812500e-01 7.239438663647591258e-16 1.127486614881383249e-16
6.449999809265136719e-01 9.136664881159543838e-16 1.150561115853570475e-16
6.452779769897460938e-01 9.220487261619829400e-16 1.146473387789680425e-16
6.455560326576232910e-01 9.524961724839860200e-16 1.146351097407920586e-16
6.458340287208557129e-01 1.156995231060473344e-15 1.185758378836640850e-16
6.461120247840881348e-01 1.079974525166639814e-15 1.171311305478932698e-16
6.463900208473205566e-01 9.685567641968748087e-16 1.190925809210484116e-16
6.466680169105529785e-01 1.004698177748558109e-15 1.198561414183287608e-16
6.469460129737854004e-01 1.127135202087391121e-15 1.210578032377967951e-16
6.472240090370178223e-01 1.406842845446179806e-15 1.231354824131829879e-16
6.475020051002502441e-01 9.568493924372810898e-16 1.145665662465134645e-16
6.477800011634826660e-01 1.004762022856957402e-15 1.163160863292876201e-16
6.480579972267150879e-01 1.043803677220039427e-15 1.150126746770306629e-16
6.483359932899475098e-01 1.092401345535807655e-15 1.134656351733196876e-16
6.486139893531799316e-01 9.978891975229360091e-16 1.130559094548650215e-16
6.488919854164123535e-01 1.006014255190354478e-15 1.121988047564722755e-16
6.491699814796447754e-01 1.227173393048149822e-15 1.143896554745455233e-16
6.494479775428771973e-01 1.190581781485000861e-15 1.144260249517182549e-16
6.497260332107543945e-01 1.213699639956175667e-15 1.214668142722022154e-16
6.500040292739868164e-01 1.285352909821495509e-15 1.223472123766444547e-16
6.502820253372192383e-01 1.297559078107903604e-15 1.207293662124989402e-16
6.505600214004516602e-01 1.467252494090527659e-15 1.217771327333627088e-16
6.508380174636840820e-01 1.502503570135528283e-15 1.206558993392144305e-16
6.511160135269165039e-01 1.465781303740265346e-15 1.194403144156759035e-16
6.513940095901489258e-01 1.369268675664215857e-15 1.176062895615233306e-16
6.516720056533813477e-01 1.575005672893115341e-15 1.202783344029758261e-16
6.519500017166137695e-01 1.674000636900211964e-15 1.222758895555076824e-16
6.522279977798461914e-01 1.669031094598670984e-15 1.233362689263516596e-16
6.525059938430786133e-01 1.799623987428378841e-15 1.237043179768234540e-16
6.527839899063110352e-01 1.929494255274960372e-15 1.244788369628589057e-16
6.530619859695434570e-01 2.079976222860028048e-15 1.294287783926048293e-16
6.533399820327758789e-01 1.798261958449193926e-15 1.275548768154822999e-16
6.559228897094726562e-01 1.996479526567961765e-15 2.607240468240437127e-16
6.581150889396667480e-01 1.325364840425657335e-15 2.251771445222145243e-16
6.602987647056579590e-01 1.236505684423642483e-15 2.743472747614286505e-16
6.624747514724731445e-01 1.215921725014178917e-15 2.990783074806492711e-16
6.646440029144287109e-01 1.009750835158048417e-15 2.262823107601445727e-16
6.668075323104858398e-01 1.119278971501607486e-15 1.541967364543698170e-16
6.689661741256713867e-01 8.879397152276771298e-16 3.529034925699566167e-16
6.711207628250122070e-01 1.039631192921864743e-15 2.226675447181776426e-16
6.732721328735351562e-01 9.532968303773781474e-16 1.950353976848314417e-16
6.754212379455566406e-01 1.034632427983643490e-15 2.008906585165146021e-16
6.775687932968139648e-01 1.020338958756963985e-15 1.838434454736419645e-16
6.797156333923339844e-01 1.117588823134479936e-15 1.473621334820932743e-16
6.818625330924987793e-01 1.134344617138827692e-15 1.551820342953735810e-16
6.840102672576904297e-01 1.251348878033090029e-15 1.585803040099782323e-16
6.861594915390014648e-01 1.269197556297632645e-15 1.537392327837340880e-16
6.883109807968139648e-01 1.258982021316390563e-15 1.673839144774862011e-16
6.904653906822204590e-01 1.525924772280938535e-15 2.295998476469640484e-16
6.926234960556030273e-01 1.636492218050778630e-15 2.878618442535486226e-16
6.947858929634094238e-01 2.109978976884722621e-15 3.774150378767199667e-16
6.969532370567321777e-01 2.397829359723703709e-15 1.959954168863155852e-16
6.991261839866638184e-01 2.595215353246504639e-15 1.946558475151227100e-16
7.013052701950073242e-01 3.035297038464870346e-15 1.867471670610583120e-16
7.034912109375000000e-01 3.119681848802132763e-15 1.480992241997719267e-16
7.056844830513000488e-01 2.507048964316225398e-15 1.819761216367504568e-16
7.078856825828552246e-01 1.898373206001653310e-15 1.110630394533226655e-16
7.100953459739685059e-01 1.311887593322775755e-15 1.431645028932969788e-16
7.123140096664428711e-01 1.400872851354813091e-15 1.358890589766439754e-16
7.145422101020812988e-01 1.191345593445187426e-15 1.373273870955307816e-16
7.167804241180419922e-01 1.267799951934663050e-15 1.465634475872814734e-16
7.190291285514831543e-01 1.512756586324686368e-15 1.743552470962953091e-16
7.212888598442077637e-01 1.666198722302171011e-15 1.740694528859357878e-16
7.235599756240844727e-01 2.064638573767620805e-15 1.650484858232284849e-16
7.258429527282714844e-01 2.815335922831847804e-15 2.358937524313167288e-16
7.281382083892822266e-01 3.309770865242574710e-15 1.537998750488015756e-16
7.304461598396301270e-01 4.052596525369730682e-15 2.658523548636356707e-16
7.327672243118286133e-01 4.926471946722519799e-15 3.246961307560859407e-16
7.351017594337463379e-01 5.454009148470181575e-15 3.785085044720660650e-16
7.374501228332519531e-01 6.104114982300856002e-15 5.343359646383576220e-16
7.398127317428588867e-01 6.202264078031000799e-15 4.067726439631823808e-16
7.421898245811462402e-01 6.324854309454168433e-15 3.243539559151748051e-16
7.445818781852722168e-01 6.207738451969105342e-15 3.677122754659219563e-16
7.469890713691711426e-01 6.552028969424245411e-15 4.396829444584457458e-16
7.494117617607116699e-01 6.947686529416201642e-15 5.148004731989172696e-16
7.518502473831176758e-01 7.341292152093434331e-15 5.560790356965794948e-16
7.543048262596130371e-01 7.961775126176257739e-15 3.834692058672200784e-16
7.567756772041320801e-01 8.195895032797346352e-15 4.989816035133511768e-16
7.592631578445434570e-01 5.457316388612735991e-15 2.965758545171048475e-16
7.617674469947814941e-01 3.852773406299442316e-15 2.525077213565585926e-16
7.642888426780700684e-01 3.098255303368387982e-15 2.339940692888621467e-16
7.668275237083435059e-01 2.547509610624195189e-15 1.919471949684810677e-16
7.693837285041809082e-01 2.748992490754628357e-15 2.595325096952733274e-16
7.719576358795166016e-01 3.580949522097223031e-15 2.506169585298297824e-16
7.745494246482849121e-01 4.082777579829822284e-15 2.708433376866540253e-16
7.771592736244201660e-01 4.275313250938408277e-15 2.443768932771869535e-16
7.797874212265014648e-01 4.716000776472297623e-15 3.347647849303182072e-16
7.824339270591735840e-01 5.043138876745538110e-15 3.308962001717506056e-16
7.850989699363708496e-01 5.424598470475617759e-15 3.157122875592700178e-16
7.877827286720275879e-01 5.632904200996184316e-15 3.199571667046553422e-16
7.904852628707885742e-01 5.758950326844149495e-15 3.402682491562050151e-16
7.932067513465881348e-01 5.986824636028658525e-15 2.643301837178604896e-16
7.959473133087158203e-01 6.304210845980160252e-15 3.324194036389302529e-16
7.987070083618164062e-01 6.547243233272258614e-15 3.806792646274216249e-16
8.014859557151794434e-01 7.753264413682455641e-15 4.486230066398004621e-16
8.042842149734497070e-01 9.101493532090703525e-15 4.474149258987790163e-16
8.071019053459167480e-01 1.068028417170862471e-14 5.430995792688874269e-16
8.099390268325805664e-01 1.200799476400258442e-14 6.378215796944413252e-16
8.127956986427307129e-01 1.323586897093546877e-14 6.057921934643224326e-16
8.156719207763671875e-01 1.355425086811646793e-14 5.764986707142757266e-16
8.185677528381347656e-01 1.144766383466902515e-14 5.035629929668128738e-16
8.214832544326782227e-01 1.257723902104010069e-14 5.881469619257984581e-16
8.244184255599975586e-01 1.348040145357715450e-14 5.885237857082082150e-16
8.273733258247375488e-01 1.321471093494600360e-14 5.688231228440532739e-16
8.303478956222534180e-01 1.195730915947183434e-14 5.150592947038626617e-16
8.333421945571899414e-01 1.223561030462170726e-14 5.156651350193863000e-16
8.363562226295471191e-01 1.231849671367527682e-14 5.126890318196491124e-16
8.393899798393249512e-01 1.191396309542904278e-14 5.520080894729569206e-16
8.424433469772338867e-01 1.111380918664053169e-14 4.306846487619672963e-16
8.455164432525634766e-01 8.316706495031279955e-15 3.956268550476182630e-16
8.486091494560241699e-01 8.163086905651345537e-15 3.917241507431440742e-16
8.517214655876159668e-01 8.038786514707671471e-15 4.098483529435607538e-16
8.548533916473388672e-01 9.162684886266248691e-15 4.626900533717670516e-16
8.580047488212585449e-01 9.747541654587556226e-15 4.468416963517246685e-16
8.611755967140197754e-01 1.027517626512415225e-14 4.849076216991289427e-16
8.643658757209777832e-01 1.036798735922070044e-14 4.350186781250511359e-16
8.675754070281982422e-01 1.076162559266640242e-14 4.606012701238379470e-16
8.708042502403259277e-01 1.068574414608662593e-14 4.856599457749683716e-16
8.740522861480712891e-01 1.191559956308313808e-14 5.788374875003224600e-16
8.773194551467895508e-01 1.315644353850438028e-14 5.436236809050010253e-16
8.806055784225463867e-01 1.451729090672787548e-14 6.093084389866118469e-16
8.839107155799865723e-01 1.491919109954109590e-14 4.981392821868659785e-16
8.872346282005310059e-01 1.307746788056828383e-14 5.493833461276526574e-16
8.905772566795349121e-01 1.402159197940160834e-14 5.560423485820515429e-16
8.939385414123535156e-01 1.455204805668550844e-14 5.984243832517493079e-16
8.973183631896972656e-01 1.558165556758868420e-14 5.921650744693360453e-16
9.007165431976318359e-01 1.641025030164715293e-14 6.381922624879834884e-16
9.041330218315124512e-01 1.746247698037380752e-14 6.273363705986171549e-16
9.075676798820495605e-01 1.779850680901085003e-14 6.620611744855768414e-16
9.110203385353088379e-01 1.956624932333752426e-14 7.459291359063365250e-16
9.144909381866455078e-01 2.044196111211996070e-14 7.572911829212465064e-16
9.179792404174804688e-01 2.138992142317139994e-14 7.529633210168098622e-16
9.214852452278137207e-01 2.084131004169605117e-14 7.111177229005200863e-16
9.250086545944213867e-01 2.027503802327045024e-14 7.327030340723158456e-16
9.285494685173034668e-01 1.918041226333603438e-14 6.211447185728658296e-16
9.321074485778808594e-01 1.806852227787068138e-14 6.140112717888861291e-16
9.356824755668640137e-01 1.754969426888668832e-14 7.160795889659765743e-16
9.392744302749633789e-01 1.910528044091457794e-14 7.778713306824474281e-16
9.428830146789550781e-01 1.918463556961104433e-14 8.425414491723660047e-16
9.465082287788391113e-01 1.947881350032425185e-14 8.641495772941784267e-16
9.501498341560363770e-01 2.085066975576321119e-14 8.184914309427378416e-16
9.538076519966125488e-01 2.083811333935311344e-14 8.143389577979420410e-16
9.574815630912780762e-01 2.080946837914286751e-14 8.183970926482373939e-16
9.611713290214538574e-01 2.133310584120137049e-14 8.553141236818096165e-16
9.648768305778503418e-01 2.130204514302555530e-14 8.728189065697669873e-16
9.685978889465332031e-01 2.199528740024457585e-14 8.652898424598603252e-16
9.723342657089233398e-01 2.175216183932827951e-14 8.877101163594120110e-16
9.760858416557312012e-01 2.198766918591697067e-14 8.470117184910597782e-16
9.798524379730224609e-01 2.194268665422008380e-14 9.587221822836603478e-16
9.836338162422180176e-01 2.210774627058563480e-14 9.368967902108771978e-16
9.874297976493835449e-01 2.086412063896560948e-14 8.971476515786010186e-16
9.912402033805847168e-01 1.851617410829689558e-14 8.778540939247201757e-16
9.950648546218872070e-01 1.899242685322009849e-14 1.064917773375365778e-15
9.989035725593566895e-01 1.909033539159322307e-14 1.016759397521867312e-15
1.002756118774414062e+00 1.963628200741650981e-14 1.141071223410329311e-15
1.006622314453125000e+00 1.938307336629609828e-14 1.193288898784425605e-15
1.010501980781555176e+00 2.024585604417164508e-14 1.318929401729774381e-15
1.014394879341125488e+00 2.058065767503516885e-14 1.482856323286609566e-15
1.018300890922546387e+00 2.085041225774724588e-14 1.852843279262603345e-15
1.030095219612121582e+00 2.112247924040532715e-14 4.782376607559749547e-16
1.034051418304443359e+00 2.141418552897844663e-14 5.087317468296362246e-16
1.038019657135009766e+00 2.204917394228299993e-14 4.798819634648323652e-16
1.041999697685241699e+00 2.231470860685185603e-14 4.369395900307462789e-16
1.045991420745849609e+00 2.253081212268484568e-14 4.837885323571284018e-16
1.049994468688964844e+00 2.272830293653486933e-14 4.487244388352341646e-16
1.054008841514587402e+00 2.213942022061526210e-14 4.162790800186746054e-16
1.058034181594848633e+00 2.196780965143564635e-14 4.350068990731283808e-16
1.062070250511169434e+00 2.209509837461723358e-14 4.302429740195333821e-16
1.066117048263549805e+00 2.278767994613739578e-14 4.565334473342083730e-16
1.070174098014831543e+00 2.299795587529327584e-14 4.534365889999282442e-16
1.074241399765014648e+00 2.342677985736792146e-14 4.796156245424800912e-16
1.078318595886230469e+00 2.382809729151343092e-14 4.472675951055159714e-16
1.082405567169189453e+00 2.420164898564794442e-14 4.082353639839721507e-16
1.086502075195312500e+00 2.481667622051750288e-14 4.198915696595957895e-16
1.090607881546020508e+00 2.460475874150984399e-14 4.575458634644140755e-16
1.094722867012023926e+00 2.432310842808652757e-14 4.494695631310219319e-16
1.098846673965454102e+00 2.429875961898475545e-14 3.617909328294631596e-16
1.102979183197021484e+00 2.442031392911343107e-14 3.119648020423801795e-16
1.107120275497436523e+00 2.440346474972664853e-14 3.492924058273543225e-16
1.111269593238830566e+00 2.428779223638370677e-14 3.970807076922414644e-16
1.115426898002624512e+00 2.468300764517719625e-14 3.822730629967989978e-16
1.119592070579528809e+00 2.491887074560373422e-14 3.818943863298171221e-16
1.123764991760253906e+00 2.538685136676405163e-14 3.806529007269383348e-16
1.127945303916931152e+00 2.572182409828292077e-14 4.594238413875952661e-16
1.132132887840270996e+00 2.446459850566178040e-14 4.101324795578053682e-16
1.136327385902404785e+00 2.330491214504876174e-14 2.981188044398673607e-16
1.140528798103332520e+00 2.305494933418222869e-14 3.436371638852313845e-16
1.144736766815185547e+00 2.364737264782135889e-14 4.123434208385963039e-16
1.148951172828674316e+00 2.465364948322536220e-14 4.087081407174380588e-16
1.153171896934509277e+00 2.526248829538228075e-14 4.478346836637027255e-16
1.157398462295532227e+00 2.530649504512393067e-14 3.850076029878910996e-16
1.161630868911743164e+00 2.464365280038186695e-14 4.100120950001768507e-16
1.165868878364562988e+00 2.410354054749926783e-14 3.125970062583871079e-16
1.170112371444702148e+00 2.348654819619207940e-14 2.914263971236111337e-16
1.174360990524291992e+00 2.286680807000399801e-14 2.543177778252818291e-16
1.178614497184753418e+00 2.296446249849294630e-14 2.763104059655885000e-16
1.182873010635375977e+00 2.304655693174083309e-14 3.356021564080178881e-16
1.187135934829711914e+00 2.307066687755147949e-14 3.016373263632025209e-16
1.191403388977050781e+00 2.295530607233312731e-14 3.241661792986803674e-16
1.195675015449523926e+00 2.233589967712626412e-14 1.850760372305745817e-16
1.199950695037841797e+00 2.217319311828818557e-14 2.285230305429874174e-16
1.204230189323425293e+00 2.202637012127701965e-14 2.146614554751790000e-16
1.208513259887695312e+00 2.250354274398094073e-14 3.574754852516597112e-16
1.212799906730651855e+00 2.286423647797613395e-14 2.444480440447563147e-16
1.217089772224426270e+00 2.299338867364168065e-14 2.631883833049616928e-16
1.221382617950439453e+00 2.332760754583749346e-14 3.000794474847446507e-16
1.225678443908691406e+00 2.352295028413328021e-14 2.439305863233227423e-16
1.229977011680603027e+00 2.331181376950298978e-14 2.499700900559235139e-16
1.234277963638305664e+00 2.280332803280497173e-14 1.904897291989422346e-16
1.238581418991088867e+00 2.213808021449270580e-14 1.969096963086479964e-16
1.242886900901794434e+00 2.167005724168502567e-14 2.713304345708844514e-16
1.247194409370422363e+00 2.129795905608800055e-14 1.726439096705966012e-16
1.251503825187683105e+00 2.175555166518319122e-14 2.443201950092801188e-16
1.255814790725708008e+00 2.233708382918652563e-14 2.900549449028880147e-16
1.260127186775207520e+00 2.280104612604506864e-14 2.539110431919221547e-16
1.264440894126892090e+00 2.320349689027400436e-14 2.336387389674889677e-16
1.268755793571472168e+00 2.344945323530002457e-14 2.468817814604547332e-16
1.273071527481079102e+00 2.386501945768424587e-14 3.113309302302583442e-16
1.277388095855712891e+00 2.353781910048938220e-14 3.256980648535693712e-16
1.281705379486083984e+00 2.279016683487053441e-14 2.697582620114416649e-16
1.286023020744323730e+00 2.263089414760062479e-14 2.348121972367913941e-16
1.290341019630432129e+00 2.278969080235417749e-14 2.115585090915904809e-16
1.294659018516540527e+00 2.298965664647607821e-14 2.023881333579214000e-16
1.298977136611938477e+00 2.294160616144423626e-14 2.326697862153892515e-16
1.303295016288757324e+00 2.318936668664790812e-14 2.224967881699670960e-16
1.307612657546997070e+00 2.270842815546049442e-14 2.123283296917466314e-16
1.311929702758789062e+00 2.274680383016879776e-14 2.473574963394564296e-16
1.316246151924133301e+00 2.283664353268637787e-14 2.833280209940311749e-16
1.320561766624450684e+00 2.303327545512788566e-14 2.564285839298395455e-16
1.324876546859741211e+00 2.287897654532425329e-14 2.155330259081240734e-16
1.329190254211425781e+00 2.201402885123552450e-14 1.012450210046939665e-16
1.333502650260925293e+00 2.080012729980054709e-14 1.666808903661549327e-16
1.337813735008239746e+00 1.991738683162179446e-14 1.482439741895238061e-16
1.342123389244079590e+00 1.950003675785065560e-14 2.289013631028344710e-16
1.346431374549865723e+00 1.969276724653711008e-14 4.542790691450910526e-16
1.350737571716308594e+00 2.023200874954993178e-14 7.544219646915409708e-16
1.355041861534118652e+00 2.112618416251661746e-14 1.067124611840318451e-15
1.359344005584716797e+00 2.222192292374372546e-14 1.266729725805807241e-15
1.363644123077392578e+00 2.435095887139224896e-14 6.458008947553728514e-16
1.367941975593566895e+00 2.425620298964880489e-14 9.262446097453255235e-16
1.372237324714660645e+00 2.565104941334214045e-14 5.303944026974281422e-16
1.376530170440673828e+00 2.428180371344661886e-14 1.694502778220926685e-16
1.380820393562316895e+00 2.290927491384753961e-14 3.166694083198877754e-16
1.385107755661010742e+00 2.344847745334478761e-14 2.408875410509728632e-16
1.389392256736755371e+00 2.326000415225123324e-14 3.902324727834700479e-16
1.393673658370971680e+00 2.240679972294323807e-14 2.506094675822025022e-16
1.397952079772949219e+00 2.084920438876446125e-14 1.697418689141849614e-16
1.402227163314819336e+00 2.003823302220656549e-14 1.833783582111503494e-16
1.406498908996582031e+00 1.985637166029927819e-14 2.931124691446800219e-16
1.410767197608947754e+00 1.952445671771999708e-14 2.346577990123746961e-16
1.415031909942626953e+00 1.880401792663053545e-14 2.491291451579776038e-16
1.419293045997619629e+00 1.828950809161164481e-14 1.430134133913304930e-16
1.423550367355346680e+00 1.786428569362872448e-14 1.467687869025416370e-16
1.427803754806518555e+00 1.745364242673394517e-14 1.245105874634911411e-16
1.432053208351135254e+00 1.731223705245341776e-14 7.396707932708787244e-17
1.436298608779907227e+00 1.729595707920719011e-14 9.333908679026324453e-17
1.440539836883544922e+00 1.736691811139636638e-14 1.995659122218986772e-16
1.444776773452758789e+00 1.722140632138755012e-14 1.489486923667495831e-16
1.449009418487548828e+00 1.707118164006021094e-14 1.417119869725436631e-16
1.453237652778625488e+00 1.687401608686193294e-14 1.893475714440188149e-16
1.457461357116699219e+00 1.674490116064606543e-14 1.320427088329417993e-16
1.461680412292480469e+00 1.648272074654833635e-14 5.826275761274812295e-17
1.465894937515258789e+00 1.632566220340254948e-14 9.824473766129062876e-17
1.470104575157165527e+00 1.605655814199396375e-14 6.799196333336822852e-17
1.474309325218200684e+00 1.597258329560317242e-14 8.381279178262484686e-17
1.478509306907653809e+00 1.605680378154866750e-14 9.692308171344320199e-17
1.482704162597656250e+00 1.592469713496309780e-14 9.752617578933316426e-17
1.486894130706787109e+00 1.580841645196402745e-14 7.757011263924635039e-17
1.491078853607177734e+00 1.600901248859868536e-14 8.023358788955279653e-17
1.495258331298828125e+00 1.581242122373864578e-14 6.573952405560673246e-17
1.499432563781738281e+00 1.584193523975277462e-14 6.259050040317655950e-17
1.503601551055908203e+00 1.569408055661185297e-14 6.100514589349212793e-17
1.507765054702758789e+00 1.565290459097992692e-14 5.221925363470504490e-17
1.511923074722290039e+00 1.553733372159065568e-14 3.653810952112903124e-17
1.516075611114501953e+00 1.560634149580346353e-14 5.119370187637200034e-17
1.520222663879394531e+00 1.557712563538676820e-14 3.802954263534174184e-17
1.524363994598388672e+00 1.577910064165955611e-14 8.018357985844029069e-17
1.528499603271484375e+00 1.581628369397812539e-14 3.976762115588306401e-17
1.532629489898681641e+00 1.582758819569218128e-14 4.727626052210456679e-17
1.536753654479980469e+00 1.590454113895023447e-14 4.143630584047608759e-17
1.540871977806091309e+00 1.581900266973881169e-14 3.812750398092517180e-17
1.544984340667724609e+00 1.585655502842238385e-14 4.962930481468721229e-17
1.549090862274169922e+00 1.580173844420787455e-14 6.087651599951768191e-17
1.553191423416137695e+00 1.582071706442405440e-14 4.047450654631372998e-17
1.557285904884338379e+00 1.591629965032401867e-14 3.539118720587730604e-17
1.561374306678771973e+00 1.594224935169610141e-14 4.014010389443814259e-17
1.565456628799438477e+00 1.602666804335125400e-14 7.495341610694100307e-17
1.569532871246337891e+00 1.592666733359841130e-14 8.271882226146631627e-17
1.573602914810180664e+00 1.608126609306537169e-14 6.369818127016876907e-17
1.577666759490966797e+00 1.614374154918895438e-14 4.466100328406506174e-17
1.581724405288696289e+00 1.608310923675859705e-14 4.658721245440299431e-17
1.585775732994079590e+00 1.577223967478679628e-14 4.447575122280013587e-17
1.589820861816406250e+00 1.563431899405127307e-14 4.859676503453931975e-17
1.593859553337097168e+00 1.570631679456788860e-14 2.760069762645693482e-17
1.597892045974731445e+00 1.600503821001016819e-14 1.652432239917581689e-17
1.601918101310729980e+00 1.607603820571491815e-14 2.538440283274155586e-17
1.605937719345092773e+00 1.592438373277261371e-14 6.257555159514650118e-17
1.609950900077819824e+00 1.552215489117585862e-14 6.379142768626064677e-17
1.613957762718200684e+00 1.548997441544377324e-14 4.526447455431434818e-17
1.617958068847656250e+00 1.556121835663733244e-14 6.369538209097588962e-17
1.621952056884765625e+00 1.571977614809975943e-14 4.792443594137866907e-17
1.625939369201660156e+00 1.564253860177142880e-14 3.695911136569402021e-17
1.629920363426208496e+00 1.565734473768943397e-14 2.717268129029749618e-17
1.633894801139831543e+00 1.567567283660212252e-14 3.539745061747555756e-17
1.637862682342529297e+00 1.571983205227427821e-14 7.540076199965458086e-17
1.641824007034301758e+00 1.571433480844659780e-14 4.515620322957605729e-17
1.645778775215148926e+00 1.579622425972124905e-14 4.328661291780615435e-17
1.649727106094360352e+00 1.598502790366423260e-14 5.286114248132374417e-17
1.653668761253356934e+00 1.612345680416810839e-14 1.016682645087189742e-17
1.657603979110717773e+00 1.599161104373029302e-14 3.424113153046522996e-17
1.661532521247863770e+00 1.597436375885830095e-14 3.381870362652419958e-17
1.665454626083374023e+00 1.585103745580396933e-14 1.835769543500569807e-17
1.669370055198669434e+00 1.592263376270358632e-14 3.093561854102982501e-17
1.673278927803039551e+00 1.575276638732941992e-14 6.512240099652787085e-17
1.677181243896484375e+00 1.588724133803551264e-14 5.145613650623302412e-17
1.681077003479003906e+00 1.586777990903939783e-14 2.504187892161192284e-17
1.684966206550598145e+00 1.583563500869109714e-14 3.082091836857077198e-17
1.688848853111267090e+00 1.589054984872748794e-14 5.341941991162558339e-17
1.692725062370300293e+00 1.569773804487809704e-14 4.191358243647428413e-17
1.696594595909118652e+00 1.543910331069757447e-14 5.065270921215006918e-17
1.700457572937011719e+00 1.539199980850076283e-14 4.696157123858734316e-17
1.704314112663269043e+00 1.524700470858977169e-14 7.539729445852675857e-17
1.708163976669311523e+00 1.521998266350646500e-14 5.860247076415630078e-17
1.712007522583007812e+00 1.504097919076321371e-14 2.571003737012408116e-17
1.715844392776489258e+00 1.479487715607026577e-14 4.075302156728278461e-17
1.719674944877624512e+00 1.459698484860324358e-14 3.560515236056517260e-17
1.723498821258544922e+00 1.450920343614749142e-14 3.281761325326557315e-17
1.727316379547119141e+00 1.440231804259936577e-14 6.703566975336302386e-17
1.731127500534057617e+00 1.437136915277258814e-14 6.992646085344394243e-17
1.734932065010070801e+00 1.399960978035446474e-14 4.739347201490333081e-17
1.738730311393737793e+00 1.381209532055720224e-14 3.489214252487916402e-17
1.742522120475769043e+00 1.373488826741497276e-14 4.984104650788853631e-17
1.746307611465454102e+00 1.361154756480053782e-14 4.810832811771655775e-17
1.750086665153503418e+00 1.342239070811854923e-14 4.374908298083965170e-17
1.753859400749206543e+00 1.317975727334460764e-14 5.249986307698508380e-17
1.757625818252563477e+00 1.291971731150459018e-14 4.706252697798821508e-17
1.761385917663574219e+00 1.286042077003205289e-14 6.693461475228864557e-17
1.765139698982238770e+00 1.266367280407677126e-14 9.189999104776798910e-17
1.768887162208557129e+00 1.260574845597878593e-14 1.066301586983162890e-16
1.772628545761108398e+00 1.227933160426013248e-14 1.098055131640052499e-16
1.776363611221313477e+00 1.224521057604588750e-14 1.064811470740485363e-16
1.780092477798461914e+00 1.216694134358780113e-14 9.829635373151393769e-17
1.783815145492553711e+00 1.194573276018170982e-14 4.254104525321005859e-17
1.787531614303588867e+00 1.188255765484369508e-14 8.836755263780723675e-17
1.791242003440856934e+00 1.174502491519801434e-14 1.291998280339399520e-16
1.794946312904357910e+00 1.181430204588804905e-14 1.498203951485926650e-16
1.798644542694091797e+00 1.182123331649543099e-14 2.001940665616265460e-16
1.802336692810058594e+00 1.180938756072807960e-14 1.760080730741844660e-16
1.806022882461547852e+00 1.199321403907299688e-14 1.843839583731086149e-16
1.809702992439270020e+00 1.210683165048589971e-14 1.783903532383371857e-16
1.813377141952514648e+00 1.237564941475831348e-14 2.622196423110987901e-16
1.817045331001281738e+00 1.233930831318931498e-14 2.472067774144043675e-16
1.820707678794860840e+00 1.264432403046264128e-14 1.540822281878128763e-16
1.824364066123962402e+00 1.291910744778256709e-14 2.313348093509572708e-16
1.828014612197875977e+00 1.326333147315134769e-14 3.368038049925961216e-16
1.831659197807312012e+00 1.416816933685807051e-14 5.757720223246499437e-16
1.835298061370849609e+00 1.474957952811700029e-14 4.929650226098854747e-16
1.838931202888488770e+00 1.440247728479344957e-14 3.477568409731006827e-16
1.842558503150939941e+00 1.503394204103742499e-14 1.817764468543250564e-16
1.846180081367492676e+00 1.446251836822662340e-14 3.219960014784760448e-16
1.849795937538146973e+00 1.434544316832302852e-14 3.090843606261235244e-16
1.853406190872192383e+00 1.399462753255871494e-14 2.514242338681223340e-16
1.857010722160339355e+00 1.387043386776639492e-14 2.983885050242290502e-16
1.860609650611877441e+00 1.373988999696850941e-14 3.962825908976910999e-16
1.864203095436096191e+00 1.336398439827357620e-14 1.585183514908204607e-16
1.867790818214416504e+00 1.282046622591006754e-14 5.766309666727250077e-16
1.871373057365417480e+00 1.202219018916561924e-14 5.396753956400527144e-16
1.874949812889099121e+00 1.217491277065441135e-14 5.885766193882932019e-16
1.878521084785461426e+00 1.388695016320490652e-14 5.409208517098717563e-16
1.882086992263793945e+00 1.314025165668466708e-14 3.658365739437865116e-16
1.885647416114807129e+00 1.313976207164115409e-14 2.209213995323027033e-16
1.889202356338500977e+00 1.217817215343544590e-14 1.946778703717513218e-16
1.892752051353454590e+00 1.265984336812223457e-14 2.357544419812729981e-16
1.896296381950378418e+00 1.249490572450108819e-14 3.078808856267527738e-16
1.899835348129272461e+00 1.257567963338420552e-14 3.632129158594459180e-16
1.903369069099426270e+00 1.280028227780994482e-14 2.821578185076197573e-16
1.906897425651550293e+00 1.390039427014372678e-14 2.627158977390714033e-16
1.910420656204223633e+00 1.311164227185820583e-14 3.015551641673188538e-16
1.913938760757446289e+00 1.293929647808037334e-14 1.390739425629895472e-16
1.917451500892639160e+00 1.207720752018862781e-14 1.299545740946129362e-16
1.920959234237670898e+00 1.208315030334656398e-14 1.348813941718767775e-16
1.924461722373962402e+00 1.154778821123216698e-14 1.009634354892911150e-16
1.927959203720092773e+00 1.109170755594782523e-14 2.230496095169485354e-16
1.931451559066772461e+00 1.105959314878562569e-14 9.561837965943066208e-17
1.934938907623291016e+00 1.092484545347051708e-14 9.679244011621902701e-17
1.938421130180358887e+00 1.073674484687375461e-14 1.038961017807019181e-16
1.941898465156555176e+00 1.013424014709640372e-14 6.997276311541221071e-17
1.945370674133300781e+00 9.696120825458589415e-15 1.044850543768396738e-16
1.948837995529174805e+00 9.693523822442307730e-15 6.860874228531226807e-17
1.952300429344177246e+00 9.930621896905942464e-15 1.020599394918465081e-16
1.955757856369018555e+00 1.020955492863446709e-14 9.598484714057125503e-17
1.959210395812988281e+00 1.047716736502293799e-14 1.118516535969960209e-16
1.962658047676086426e+00 1.025828134595821797e-14 1.489836589456034247e-16
1.966100931167602539e+00 9.991909812837474619e-15 9.608335442535896999e-17
1.969538927078247070e+00 9.618502961336941603e-15 1.267629936540281351e-16
1.972972154617309570e+00 9.056644831599482831e-15 1.120070444381477824e-16
1.976400494575500488e+00 8.399036403438503440e-15 8.527588238032904051e-17
1.979824066162109375e+00 8.152059383711041801e-15 6.167681655088518640e-17
1.983242869377136230e+00 8.038904252287339819e-15 5.634165380115086766e-17
1.986657023429870605e+00 8.187266308163666795e-15 4.781647232782824789e-17
1.990066409111022949e+00 8.298928967534306700e-15 1.795302875317740629e-17
1.993471026420593262e+00 8.494573249559315975e-15 9.794079179956924385e-17
1.996870994567871094e+00 8.766562305186249848e-15 2.517434064705595951e-16
2.000266313552856445e+00 9.117826868412608199e-15 2.990413556683253022e-16
2.003656864166259766e+00 9.565434653125565179e-15 1.342585999625182523e-16
2.007042884826660156e+00 1.009613552293122177e-14 1.435617613455592457e-16
2.010424137115478516e+00 1.025436890077485036e-14 1.175369122691872830e-16
2.013800859451293945e+00 9.837942092916218684e-15 7.728509928738507917e-17
2.017172813415527344e+00 9.540430240522618233e-15 1.067566511575878980e-16
2.020540237426757812e+00 9.263019327000309583e-15 1.442119650116953280e-16
2.023903131484985352e+00 8.910097120296174567e-15 8.626227871718627495e-17
2.027261495590209961e+00 8.732540379826833621e-15 8.872856734434988015e-17
2.030615091323852539e+00 8.524361704248355209e-15 5.454811447489909008e-17
2.033964157104492188e+00 8.402531261378874683e-15 5.923877117855659178e-17
2.037308931350708008e+00 8.356405235203194504e-15 5.018256622175452995e-17
2.040648937225341797e+00 8.247659757302898409e-15 3.521951083282560046e-17
2.043984413146972656e+00 8.381536702748229595e-15 9.113179172161244251e-17
2.047315359115600586e+00 8.408602793544793508e-15 7.793005531971512506e-17
2.050641536712646484e+00 8.481597551840327348e-15 1.249989019575832453e-16
2.053963422775268555e+00 8.514816489965746499e-15 8.200850572585478035e-17
2.057280778884887695e+00 8.672152859918232787e-15 5.513795049993105242e-17
2.060593605041503906e+00 8.651497114466489419e-15 6.226335377963428726e-17
2.063901901245117188e+00 8.576471171163439766e-15 4.972443389385326068e-17
2.067205667495727539e+00 8.502736953104952922e-15 6.587824555305432542e-17
2.070505142211914062e+00 8.495110268447875201e-15 5.726239846715099340e-17
2.073799848556518555e+00 8.423556313195620926e-15 5.322415896494876589e-17
2.077090024948120117e+00 8.412714291470765882e-15 7.028015004848181622e-17
2.080375671386718750e+00 8.340450522608712502e-15 6.451745403606578980e-17
2.083657026290893555e+00 8.266718845649067421e-15 8.092988205942033353e-17
2.086933612823486328e+00 8.232415705351162766e-15 4.155054610051456114e-17
2.090205907821655273e+00 8.265553328313645504e-15 5.545174642838671879e-17
2.093473434448242188e+00 8.232143807775094135e-15 5.523780112603355350e-17
2.096736669540405273e+00 8.181154118416279764e-15 4.867231971168991330e-17
2.099995136260986328e+00 8.176980787085157826e-15 4.463061928580476392e-17
2.103249073028564453e+00 8.218031391840890237e-15 3.043476068012896676e-17
2.106498718261718750e+00 8.206643033865056169e-15 7.089655842351143202e-17
2.109743595123291016e+00 8.231824476353979264e-15 6.338497760303169067e-17
2.112983942031860352e+00 8.224453595646972343e-15 8.227813351832256525e-17
2.116219758987426758e+00 8.178960303082891126e-15 5.236526755643290535e-17
2.119451045989990234e+00 8.237915490277684938e-15 6.838702479392355454e-17
2.122677803039550781e+00 8.267444752884864356e-15 6.107870541100524357e-17
2.125899791717529297e+00 8.215042212570029811e-15 4.736128145418521719e-17
2.129117250442504883e+00 8.214437431045690241e-15 5.648301565911372987e-17
2.132330179214477539e+00 8.155005364301592258e-15 3.013553636534403452e-17
2.135538578033447266e+00 8.251074994146227748e-15 5.332329159827957094e-17
2.138742208480834961e+00 8.190740837313303935e-15 5.413479879258594385e-17
2.141941070556640625e+00 8.239259731564977512e-15 4.395074299673517942e-17
2.145135402679443359e+00 8.237979017748729010e-15 4.473387127858608305e-17
2.148325204849243164e+00 8.249708730002306561e-15 5.229429876859830579e-17
2.151510238647460938e+00 8.192220603872157197e-15 5.739196803830129965e-17
2.154690504074096680e+00 8.170782199977150856e-15 4.441561850098998097e-17
2.157866239547729492e+00 8.249494430666651223e-15 4.584641265885765421e-17
2.161036968231201172e+00 8.168038660260994177e-15 6.273885690039917012e-17
2.164203166961669922e+00 8.162798914449279075e-15 7.251969192613238547e-17
2.167364597320556641e+00 8.331172123704488897e-15 7.882110751044704732e-17
2.170521259307861328e+00 8.279748753476680323e-15 5.105635680746369563e-17
2.173673152923583984e+00 8.223533717866254172e-15 5.335908535774596556e-17
2.176820278167724609e+00 8.201396511789763033e-15 6.304284246678995758e-17
2.179962635040283203e+00 8.229339281686735147e-15 3.674612559285141643e-17
2.183099985122680664e+00 8.225849505944047430e-15 5.047673149991308787e-17
2.186232805252075195e+00 8.253178176954260176e-15 5.498440923462895942e-17
2.189360618591308594e+00 8.201741254199295533e-15 8.211886485445915509e-17
2.192483425140380859e+00 8.271206426203620704e-15 5.997232156321351715e-17
2.195601463317871094e+00 8.270760886873364942e-15 5.192859891106616204e-17
2.198714733123779297e+00 8.206387229914985371e-15 5.441478619504534287e-17
2.201822996139526367e+00 8.067440792280337197e-15 4.944035360172294928e-17
2.204926252365112305e+00 7.828235299843933764e-15 4.995243795789737723e-17
2.208024740219116211e+00 7.657844458108364200e-15 5.505899776482409103e-17
2.211117982864379883e+00 7.749702640139251308e-15 6.534532948033336202e-17
2.214206457138061523e+00 7.901598517471523225e-15 6.829136301044302199e-17
2.217289924621582031e+00 8.078464926088851916e-15 2.882722449513831320e-17
2.220368385314941406e+00 8.115160934462749970e-15 4.544851231444004620e-17
2.223441839218139648e+00 8.141161457811667973e-15 2.562825402296096332e-17
2.226510286331176758e+00 8.053687518315769123e-15 5.508643369138124986e-17
2.229573726654052734e+00 8.152293164804483988e-15 5.904624985406854991e-17
2.232631921768188477e+00 8.109750087995689499e-15 6.931234873179477384e-17
2.235685110092163086e+00 8.052159470878922365e-15 4.113215483796278953e-17
2.238733291625976562e+00 8.143113021722141881e-15 4.768023568094076424e-17
2.241776227951049805e+00 8.191172824116403628e-15 6.559804308363566261e-17
2.244814157485961914e+00 8.161642714476276955e-15 4.993415395763750510e-17
2.247847080230712891e+00 8.166129447997882984e-15 4.305850297464363101e-17
2.250874519348144531e+00 8.112210718707463242e-15 6.104756371530384719e-17
2.253897190093994141e+00 8.116498399486464510e-15 6.293691702626886706e-17
2.256914615631103516e+00 8.096214501498565780e-15 2.720681241673265921e-17
2.259926795959472656e+00 8.034896939413879724e-15 4.131803224777080548e-17
2.262933731079101562e+00 7.974918536418802717e-15 4.318813541152049130e-17
2.265935659408569336e+00 7.893586432823444798e-15 6.100292904945048581e-17
2.268932342529296875e+00 7.902890242716086033e-15 5.374421403350575482e-17
2.271923780441284180e+00 7.932483032794309524e-15 5.391966896759560262e-17
2.274909973144531250e+00 7.977499445809086570e-15 8.641710045807660004e-17
2.277891159057617188e+00 7.924547181111483984e-15 4.353496562491907538e-17
2.280867099761962891e+00 7.888358545472991257e-15 5.262647795898735064e-17
2.283837795257568359e+00 7.875154995891191223e-15 4.054585914595255415e-17
2.286803245544433594e+00 7.867357210578768134e-15 5.481454273275751987e-17
2.289763450622558594e+00 7.888576232940435612e-15 5.671417624437534877e-17
2.292718648910522461e+00 7.474420320413392715e-15 7.535508177750695246e-17
2.295668601989746094e+00 7.117434049628331566e-15 6.032058445343304307e-17
2.298613309860229492e+00 7.022717554916934821e-15 5.872148551069043040e-17
2.301552772521972656e+00 7.122845743128339291e-15 6.014874926170372732e-17
2.304487228393554688e+00 7.237556874076147423e-15 7.027833686857909998e-17
2.307416439056396484e+00 7.198949112340296413e-15 4.518584938272995780e-17
2.310340642929077148e+00 7.123229449053445489e-15 5.924904145304205018e-17
2.313259601593017578e+00 7.127914388284709024e-15 1.017247063506359175e-16
2.316173553466796875e+00 7.017084785817693723e-15 5.238426624074202329e-17
2.319082260131835938e+00 7.080152741487880791e-15 6.181903205924020334e-17
2.321985960006713867e+00 6.828512381869310602e-15 1.030181388959830349e-16
2.324884653091430664e+00 6.549946538923420714e-15 5.473502420611157221e-17
2.327778339385986328e+00 6.441629659694435295e-15 6.560921994807247912e-17
2.330667018890380859e+00 6.511055868183186768e-15 7.974646453554276875e-17
2.333550691604614258e+00 6.444305436774811630e-15 4.297276074106883437e-17
2.336429357528686523e+00 6.475902730322712422e-15 5.863844981207990727e-17
2.339303255081176758e+00 6.412941077287405769e-15 5.587018070433034315e-17
2.342172145843505859e+00 6.504150432080696084e-15 7.384429925440540144e-17
2.345036268234252930e+00 6.650597769979754714e-15 8.688846767577871775e-17
2.347895622253417969e+00 6.712591264356349702e-15 6.084444124408532571e-17
2.350750207901000977e+00 6.529122657431647367e-15 4.419961848199523396e-17
2.353600025177001953e+00 6.299065120825590378e-15 7.582413288949392169e-17
2.356445312500000000e+00 6.110477046767683051e-15 3.098297297673726074e-17
2.359286069869995117e+00 6.169905301863518390e-15 3.395466564944831563e-17
2.362122058868408203e+00 6.196812573982472122e-15 5.582601587706491190e-17
2.364953756332397461e+00 6.255347632835427801e-15 5.666034333011039773e-17
2.367780923843383789e+00 6.348091811329142908e-15 9.120014330998892430e-17
2.370603799819946289e+00 6.331440414135544245e-15 6.397796022311380473e-17
2.373422384262084961e+00 6.416803124010411752e-15 8.364734242522444047e-17
2.376236915588378906e+00 6.393156081705439822e-15 6.574047035022749313e-17
2.379047155380249023e+00 6.226441362960953921e-15 3.863678915790672030e-17
2.381853342056274414e+00 6.025185911176858533e-15 3.837747465331624655e-17
2.384655714035034180e+00 5.820000226517503192e-15 6.722251992757140217e-17
2.387454032897949219e+00 5.765908278989369945e-15 3.931352877809350373e-17
2.390248537063598633e+00 5.788615961755836856e-15 6.227726364881497898e-17
2.393039464950561523e+00 5.843816251895452354e-15 3.398462613123498630e-17
2.395826816558837891e+00 5.782924747383235212e-15 5.623224096716725358e-17
2.398610591888427734e+00 5.747831325345542294e-15 4.320470549355115355e-17
2.401391029357910156e+00 5.686321063265355885e-15 2.786427707428573198e-17
2.404168128967285156e+00 5.572458235814222935e-15 6.190687202284843446e-17
2.406942367553710938e+00 5.546092641265038328e-15 3.802258770075139598e-17
2.409713268280029297e+00 5.540468766011743401e-15 1.918879688366222709e-17
2.412481546401977539e+00 5.485682674983335255e-15 5.784937906470842268e-17
2.415246725082397461e+00 5.302584644973056677e-15 6.667567413333504579e-17
2.418009519577026367e+00 5.228497214175564789e-15 2.965709840776581353e-17
2.420769691467285156e+00 5.292271171807288316e-15 5.972832313484507526e-17
2.423527717590332031e+00 5.244223651390761756e-15 5.549626528895432274e-17
2.426283597946166992e+00 5.222088139380165125e-15 6.723030204277430106e-17
2.429037332534790039e+00 5.191028711753770813e-15 4.641034138710445572e-17
2.431789159774780273e+00 5.115109995724315128e-15 6.817797970951915338e-17
2.434539318084716797e+00 4.973500910019973062e-15 6.276296425217141556e-17
2.437288045883178711e+00 5.021095691326192198e-15 7.596892920136010408e-17
2.440035343170166016e+00 5.074141129647992757e-15 7.653825445592320155e-17
2.442781686782836914e+00 5.004049153262699404e-15 6.981618775162327321e-17
2.445526838302612305e+00 4.903985339555286260e-15 8.864206410461153473e-17
2.448271512985229492e+00 4.867760281500061598e-15 7.212069970330620746e-17
2.451015472412109375e+00 4.760643647957335522e-15 5.451276408424102389e-17
2.453759193420410156e+00 4.857922840850650154e-15 8.379564598288784770e-17
2.456502914428710938e+00 4.729452506707643167e-15 8.183913884107332283e-17
2.459246635437011719e+00 4.600397296314557086e-15 3.147856004277493111e-17
2.461990594863891602e+00 4.455949379687492232e-15 3.570105237206212042e-17
2.464735507965087891e+00 4.486877517207062127e-15 7.480454344901615936e-17
2.467480897903442383e+00 4.649907219114518195e-15 9.669562689732582065e-17
2.470227718353271484e+00 4.411158700953158457e-15 9.584916305033295680e-17
2.472975730895996094e+00 4.345903282696687159e-15 4.965262138179385703e-17
2.475725412368774414e+00 4.394012213001889655e-15 7.544612458444698889e-17
2.478477001190185547e+00 4.386965745913681131e-15 2.869001177512801697e-17
2.481230974197387695e+00 4.435948390703976438e-15 6.831869967532667445e-17
2.483987331390380859e+00 4.489683737361315624e-15 4.073406589636551943e-17
2.486746549606323242e+00 4.538767179072334193e-15 2.960372540592144197e-17
2.489508867263793945e+00 4.495188604485521322e-15 8.125325012192446354e-17
2.492274761199951172e+00 4.462857356888824678e-15 6.337925351319282372e-17
2.495044231414794922e+00 4.400231552417104355e-15 4.418450092912021483e-17
2.497817993164062500e+00 4.369843398401409076e-15 6.743552224402625701e-17
2.500596046447753906e+00 4.348312244398678389e-15 2.490073874805322484e-17
2.503379106521606445e+00 4.230387046932513814e-15 1.107459182588045360e-16
2.506167173385620117e+00 4.191382450260874165e-15 4.950224656387661702e-17
2.508960962295532227e+00 4.227334763707082943e-15 6.938668910780613954e-17
2.511760711669921875e+00 4.226141717800875261e-15 9.745278170794255922e-17
2.514566659927368164e+00 4.332645946522736477e-15 1.096515252211723783e-16
2.517379522323608398e+00 4.269477193931826148e-15 1.334131949067094564e-16
2.520199298858642578e+00 4.535430716293099504e-15 1.018595500253718618e-16
2.523026943206787109e+00 4.647043824236325033e-15 1.110162408829868655e-16
2.525862455368041992e+00 4.681136900363310621e-15 2.151690929083803429e-16
2.528706550598144531e+00 4.517089911886202139e-15 2.516371303054587821e-16
2.531559467315673828e+00 4.406930312480464990e-15 3.148745190348763113e-16
2.534421920776367188e+00 4.981784892244120119e-15 3.720063619315868353e-16
2.537294149398803711e+00 5.421756251421105954e-15 3.175940241911546493e-16
2.540176868438720703e+00 5.186691479547355169e-15 2.821625301283888594e-16
2.543070316314697266e+00 5.333374292605750494e-15 4.891726972863503619e-16
2.545975208282470703e+00 3.914324749477570559e-15 5.050886581234954788e-16
2.548892021179199219e+00 4.390287385616338869e-15 9.276179677901799647e-16
2.551821231842041016e+00 4.203604712173280092e-15 7.687826142188495821e-16
2.554763555526733398e+00 4.202536603626792419e-15 7.484961751321090890e-16
2.557719230651855469e+00 4.747246127830614254e-15 7.083459134597487952e-16
2.560689210891723633e+00 6.143247904464004677e-15 3.001810120290763616e-16
