# 2MASP J0345432+254023 flux calibrated spectrum (erg/s/cm2/A) as a function of wavelength (um)
6.159999966621398926e-01 5.416286999385354340e-17 2.708143623769769053e-18
6.161900162696838379e-01 5.360784503772026267e-17 2.680392334604074389e-18
6.163799762725830078e-01 5.237147471974950327e-17 2.618573611910383281e-18
6.165699958801269531e-01 6.092985260541510114e-17 3.046492961143000078e-18
6.167600154876708984e-01 4.904590425482091250e-17 2.452295419536198763e-18
6.169499754905700684e-01 5.410886171729873111e-17 2.705443292660089694e-18
6.171399950981140137e-01 4.730383541500463452e-17 2.365191853468292981e-18
6.173300147056579590e-01 4.534997194242782912e-17 2.267498721198483339e-18
6.175199747085571289e-01 6.597791089069961461e-17 3.298895751330133869e-18
6.177099943161010742e-01 5.342896557589444533e-17 2.671448237435691639e-18
6.179000139236450195e-01 4.791934050880534241e-17 2.395966901363175238e-18
6.180899739265441895e-01 2.918893734211795135e-17 1.459446970503474137e-18
6.182799935340881348e-01 5.176577006184632365e-17 2.588288254938132417e-18
6.184700131416320801e-01 5.968423109947354867e-17 2.984211430896585551e-18
6.186599731445312500e-01 4.870682306940072519e-17 2.435341318906158770e-18
6.188499927520751953e-01 4.319524254734354691e-17 2.159761961931054835e-18
6.190400123596191406e-01 6.173486477755170767e-17 3.086743156159524128e-18
6.192299723625183105e-01 5.993081694879805643e-17 2.996540971516994705e-18
6.194199919700622559e-01 4.889141007745315842e-17 2.444570379795566038e-18
6.196100115776062012e-01 4.872716509502462924e-17 2.436357923878986441e-18
6.197999715805053711e-01 5.597144746364153501e-17 2.798572249104984868e-18
6.199899911880493164e-01 3.929694546117304063e-17 1.964847397135743914e-18
6.201800107955932617e-01 5.297388058136982142e-17 2.648693946350429816e-18
6.203699707984924316e-01 4.780261870692920979e-17 2.390130935346460489e-18
6.205599904060363770e-01 5.930879698049288089e-17 2.965440221255919694e-18
6.207500100135803223e-01 4.780251613653325321e-17 2.390125765467632033e-18
6.209400296211242676e-01 4.832879822074154133e-17 2.416440035114168949e-18
6.211299896240234375e-01 5.382204842042454451e-17 2.691102255585104715e-18
6.213200092315673828e-01 3.946706342595069630e-17 1.973353295374626698e-18
6.215100288391113281e-01 3.187608319283321493e-17 1.593804263039237316e-18
6.216999888420104980e-01 4.849522034254231007e-17 2.424761058486146131e-18
6.218900084495544434e-01 4.646424047581841101e-17 2.323212023790920550e-18
6.220800280570983887e-01 4.874692147677484576e-17 2.437346197915834171e-18
6.222699880599975586e-01 3.857200106360911696e-17 1.928600135898517103e-18
6.224600076675415039e-01 4.670230305611117237e-17 2.335115152805558619e-18
6.226500272750854492e-01 4.522320816791530274e-17 2.261160449754795765e-18
6.228399872779846191e-01 3.871330336456787536e-17 1.935665292305485651e-18
6.230300068855285645e-01 3.843461959875385991e-17 1.921730814501570485e-18
6.232200264930725098e-01 4.172752304693150651e-17 2.086376152346575326e-18
6.234099864959716797e-01 5.356982781676732552e-17 2.678491473556427531e-18
6.236000061035156250e-01 5.399934631291916046e-17 2.699967357004988651e-18
6.237900257110595703e-01 5.488471080975916810e-17 2.744235375051835895e-18
6.239799857139587402e-01 5.493239280898917483e-17 2.746619723167519997e-18
6.241700053215026855e-01 5.373363273910997649e-17 2.686681595596468197e-18
6.243600249290466309e-01 4.540912859111517145e-17 2.270456512273819828e-18
6.245499849319458008e-01 5.055898303130291073e-17 2.527949151565145536e-18
6.247400045394897461e-01 5.889113694560260616e-17 2.944556805921099680e-18
6.249300241470336914e-01 5.317269840468061694e-17 2.658635209747245240e-18
6.251199841499328613e-01 5.932045691840742837e-17 2.966022969997463302e-18
6.253100037574768066e-01 5.412312231105914531e-17 2.706156115552957266e-18
6.255000233650207520e-01 5.657915389862709296e-17 2.828957901726507786e-18
6.256899833679199219e-01 5.369444092168721404e-17 2.684722004725330074e-18
6.258800029754638672e-01 5.184430589792455831e-17 2.592215294896227915e-18
6.260700225830078125e-01 4.320120486519882913e-17 2.160060367337033340e-18
6.262599825859069824e-01 4.577327996654061593e-17 2.288664205122183935e-18
6.264500021934509277e-01 4.403943661073556526e-17 2.201971747818717008e-18
6.266400218009948730e-01 4.393106933304621821e-17 2.196553301216188400e-18
6.268299818038940430e-01 6.046411683332324444e-17 3.023205965743254105e-18
6.270200014114379883e-01 4.931807645485291052e-17 2.465903781383614898e-18
6.272100210189819336e-01 5.445940762600890339e-17 2.722970215864322659e-18
6.273999810218811035e-01 7.233436376425110472e-17 3.616717774622248960e-18
6.275900006294250488e-01 6.249867012029337258e-17 3.124933257860484863e-18
6.277800202369689941e-01 5.773284586001195214e-17 2.886642168923505724e-18
6.279699802398681641e-01 7.277464884325592987e-17 3.638732359444735238e-18
6.281599998474121094e-01 6.661499878104305611e-17 3.330749649538938412e-18
6.283500194549560547e-01 7.145902800515768999e-17 3.572952062002374542e-18
6.285399794578552246e-01 7.298516961787312562e-17 3.649258646329778792e-18
6.287299990653991699e-01 7.599863491151810841e-17 3.799931662857844165e-18
6.289200186729431152e-01 6.499542546377853089e-17 3.249771562702140938e-18
6.291099786758422852e-01 8.125600959644794044e-17 4.062800562540458277e-18
6.292999982833862305e-01 7.620703810376716842e-17 3.810352070624480931e-18
6.294900178909301758e-01 8.193106176818511568e-17 4.096552840255072018e-18
6.296799778938293457e-01 6.797616087494601548e-17 3.398808415978576423e-18
6.298699975013732910e-01 8.150616886601867728e-17 4.075308360582872609e-18
6.300600171089172363e-01 8.417628141356024891e-17 4.208813657087706169e-18
6.302499771118164062e-01 8.927442713929607332e-17 4.463721356964803666e-18
6.304399967193603516e-01 9.511105986358453957e-17 4.755553572205655765e-18
6.306300163269042969e-01 1.011636529021983503e-16 5.058183389572468811e-18
6.308199763298034668e-01 9.339874967348546931e-17 4.669937483674273465e-18
6.310099959373474121e-01 8.843194037668836442e-17 4.421597184270540732e-18
6.312000155448913574e-01 8.910249930333815163e-17 4.455124882448846326e-18
6.313899755477905273e-01 7.985628765111020913e-17 3.992814878863877988e-18
6.315799951553344727e-01 8.275376898798545659e-17 4.137688945707640361e-18
6.317700147628784180e-01 9.315582327119089614e-17 4.657791163559544807e-18
6.319599747657775879e-01 1.040138658301498675e-16 5.200693374225554631e-18
6.321499943733215332e-01 8.669287585685687904e-17 4.334643958278966463e-18
6.323400139808654785e-01 1.040355114924191552e-16 5.201775326466773992e-18
6.325299739837646484e-01 9.187133089390425180e-17 4.593566379259090079e-18
6.327199935913085938e-01 1.000923679821584739e-16 5.004618068235678675e-18
6.329100131988525391e-01 1.154537538494235390e-16 5.772687527035054439e-18
6.330999732017517090e-01 1.149652011273150196e-16 5.748259642775444702e-18
6.332899928092956543e-01 1.109731480817953029e-16 5.548657238653642636e-18
6.334800124168395996e-01 1.107317833964972299e-16 5.536589500697106515e-18
6.336699724197387695e-01 1.153976114468883399e-16 5.769880489626355740e-18
6.338599920272827148e-01 1.124752286648527961e-16 5.623761102370394783e-18
6.340500116348266602e-01 1.130900687054410114e-16 5.654503269835928057e-18
6.342399716377258301e-01 1.154357808690739868e-16 5.771789208889821851e-18
6.344299912452697754e-01 1.181997684899729764e-16 5.909988755370893844e-18
6.346200108528137207e-01 1.220299058936691133e-16 6.101494715657026875e-18
6.348099708557128906e-01 1.185923285563559421e-16 5.929616510535858361e-18
6.349999904632568359e-01 1.229763593331073871e-16 6.148817304910879312e-18
6.351900100708007812e-01 1.197305820187881116e-16 5.986529431811650601e-18
6.353800296783447266e-01 1.149426224053147721e-16 5.747130954829616096e-18
6.355699896812438965e-01 1.203033483446994296e-16 6.015167665389155248e-18
6.357600092887878418e-01 1.167700430494567217e-16 5.838502566063142363e-18
6.359500288963317871e-01 1.198670999070838633e-16 5.993354499045825632e-18
6.361399888992309570e-01 1.193201680860638014e-16 5.966008735175435090e-18
6.363300085067749023e-01 1.074700646574128324e-16 5.373502984716457855e-18
6.365200281143188477e-01 1.163059351688103694e-16 5.815297254748886001e-18
6.367099881172180176e-01 1.111100365470054784e-16 5.555502158222518940e-18
6.369000077247619629e-01 1.201156379026539962e-16 6.005781233388209767e-18
6.370900273323059082e-01 1.138097158383621454e-16 5.690485626481984761e-18
6.372799873352050781e-01 1.048986049784467851e-16 5.244929752613971722e-18
6.374700069427490234e-01 1.164246653652137808e-16 5.821232689234260251e-18
6.376600265502929688e-01 1.131473360736092826e-16 5.657366969116586639e-18
6.378499865531921387e-01 1.163330269882327061e-16 5.816650935821329030e-18
6.380400061607360840e-01 1.103863395378052847e-16 5.519317142326386744e-18
6.382300257682800293e-01 1.106572974366980548e-16 5.532864706398780231e-18
6.384199857711791992e-01 1.190532732983398917e-16 5.952663416762810818e-18
6.386100053787231445e-01 1.237220527291565909e-16 6.186103298202319588e-18
6.388000249862670898e-01 1.082075325694508089e-16 5.410376214882234170e-18
6.389899849891662598e-01 1.053079468850972266e-16 5.265397509690983839e-18
6.391800045967102051e-01 1.133307584113592411e-16 5.666537506977655780e-18
6.393700242042541504e-01 1.118481860558681986e-16 5.592409302793409928e-18
6.395599842071533203e-01 1.165706064950477365e-16 5.828530490188509337e-18
6.397500038146972656e-01 1.194176430494470502e-16 5.970882483344597529e-18
6.399400234222412109e-01 1.062608854205379161e-16 5.313045180925569615e-18
6.401299834251403809e-01 1.168072992642461101e-16 5.840364963212305504e-18
6.403200030326843262e-01 1.256859250871452879e-16 6.284295840766958120e-18
6.405100226402282715e-01 1.162587792564499464e-16 5.812938962822497319e-18
6.406999826431274414e-01 1.152245784976320474e-16 5.761229007599663623e-18
6.408900022506713867e-01 1.268634067629471722e-16 6.343170420865419865e-18
6.410800218582153320e-01 1.179954879658968807e-16 5.899774729167089058e-18
6.412699818611145020e-01 1.200621292431891659e-16 6.003106544877519552e-18
6.414600014686584473e-01 1.211226806676005542e-16 6.056134198816150220e-18
6.416500210762023926e-01 1.218306281579377382e-16 6.091530911588519381e-18
6.418399810791015625e-01 1.235325820467676446e-16 6.176628771466137209e-18
6.420300006866455078e-01 1.289988827020936701e-16 6.449944548694989783e-18
6.422200202941894531e-01 1.207529375512342512e-16 6.037646712125590052e-18
6.424099802970886230e-01 1.107655654527138955e-16 5.538278189917633521e-18
6.425999999046325684e-01 1.166220372768138336e-16 5.831102194712936700e-18
6.427900195121765137e-01 1.204199080191755019e-16 6.020995566394897605e-18
6.429799795150756836e-01 1.086278594346359546e-16 5.431392392705368944e-18
6.431699991226196289e-01 1.139443146676367741e-16 5.697215567945716194e-18
6.433600187301635742e-01 1.114014158808609577e-16 5.570070876761109140e-18
6.435499787330627441e-01 1.098918443501761843e-16 5.494592300226870470e-18
6.437399983406066895e-01 1.067984138523544752e-16 5.339920692617723761e-18
6.439300179481506348e-01 1.086838297836037427e-16 5.434191571898248390e-18
6.441199779510498047e-01 1.138856179313700112e-16 5.694280731132378052e-18
6.443099975585937500e-01 1.197853347578942216e-16 5.989266572458588569e-18
6.445000171661376953e-01 1.217829163802056796e-16 6.089144909111610172e-18
6.446899771690368652e-01 1.181099697626742198e-16 5.905498819005956009e-18
6.448799967765808105e-01 1.238686820732601908e-16 6.193435013561683348e-18
6.450700163841247559e-01 1.276033562168228078e-16 6.380167728123079134e-18
6.452599763870239258e-01 1.326220661339739398e-16 6.631102893108390715e-18
6.454499959945678711e-01 1.239180614471071563e-16 6.195903320509541583e-18
6.456400156021118164e-01 1.168804485001753994e-16 5.844022755881014993e-18
6.458299756050109863e-01 1.143950685444740704e-16 5.719753344505642263e-18
6.460199952125549316e-01 1.200731009668340693e-16 6.003654965623642209e-18
6.462100148200988770e-01 1.157202118857840207e-16 5.786010511571139779e-18
6.463999748229980469e-01 1.261811746634930367e-16 6.309058733174651833e-18
6.465899944305419922e-01 1.236221425460499860e-16 6.181106713712193024e-18
6.467800140380859375e-01 1.151401399007026343e-16 5.757007077753192970e-18
6.469699740409851074e-01 1.170748690313498631e-16 5.853742955259125621e-18
6.471599936485290527e-01 1.413419791583813432e-16 7.067099454227434690e-18
6.473500132560729980e-01 1.226879313796774970e-16 6.134396651701936104e-18
6.475399732589721680e-01 1.322098257864571125e-16 6.610491620195100648e-18
6.477299928665161133e-01 1.324393584802732271e-16 6.621968751194273907e-18
6.479200124740600586e-01 1.268056894085256721e-16 6.340284387708222352e-18
6.481099724769592285e-01 1.210427551680932304e-16 6.052138916457519097e-18
6.482999920845031738e-01 1.272496537868951332e-16 6.362483020217001679e-18
6.484900116920471191e-01 1.335745414482715997e-16 6.678726576105212454e-18
6.486799716949462891e-01 1.290846447880031680e-16 6.454232652990464679e-18
6.488699913024902344e-01 1.318993088019496064e-16 6.594965026507174042e-18
6.490600109100341797e-01 1.332620921698531697e-16 6.663105270237148527e-18
6.492499709129333496e-01 1.339508887746485260e-16 6.697544107860181281e-18
6.494399905204772949e-01 1.381093308547445093e-16 6.905467535353960529e-18
6.496300101280212402e-01 1.410784460326668490e-16 7.053922467069464959e-18
6.498200297355651855e-01 1.410528497557920081e-16 7.052642818661845425e-18
6.500099897384643555e-01 1.352105723510034800e-16 6.760529775603031573e-18
6.502000093460083008e-01 1.362459774847932562e-16 6.812298460649356534e-18
6.503900289535522461e-01 1.356039265107744965e-16 6.780196408256786083e-18
6.505799889564514160e-01 1.570346409348065452e-16 7.851732377612572280e-18
6.507700085639953613e-01 1.545711514868358194e-16 7.728557739777913482e-18
6.509600281715393066e-01 1.495248732942295201e-16 7.476244491892088557e-18
6.511499881744384766e-01 1.669090995709909624e-16 8.345454978549548121e-18
6.513400077819824219e-01 1.640157938418478826e-16 8.200791015581374217e-18
6.515300273895263672e-01 1.607055096746392718e-16 8.035275483731963591e-18
6.517199873924255371e-01 1.722066818511357720e-16 8.610333927120666090e-18
6.519100069999694824e-01 1.877242460354957491e-16 9.386211970902542435e-18
6.521000266075134277e-01 1.916885984566622900e-16 9.584430915449849563e-18
6.522899866104125977e-01 1.844823200741085205e-16 9.224115176524813473e-18
6.524800062179565430e-01 1.829688045462630943e-16 9.148440558185399736e-18
6.526700258255004883e-01 1.910805214447623083e-16 9.554027064854850478e-18
6.528599858283996582e-01 1.930931908414467335e-16 9.654659376636214166e-18
6.530500054359436035e-01 2.047833704791891503e-16 1.023916753134272245e-17
6.532400250434875488e-01 2.112991449561632540e-16 1.056495757868040772e-17
6.534299850463867188e-01 2.062677030750237057e-16 1.031338548462343031e-17
6.536200046539306641e-01 2.016774991849546437e-16 1.008387512468385470e-17
6.538100242614746094e-01 2.120530704536685855e-16 1.060265385355567430e-17
6.539999842643737793e-01 2.101012947849578640e-16 1.050506556642850575e-17
6.541900038719177246e-01 2.125856159494751252e-16 1.062928079747375626e-17
6.543800234794616699e-01 2.196314742327528107e-16 1.098157371163764053e-17
6.545699834823608398e-01 1.969886556611998582e-16 9.849432286751625380e-18
6.547600030899047852e-01 1.984730544314834179e-16 9.923652721574170894e-18
6.549500226974487305e-01 2.048033683976782323e-16 1.024016924706452417e-17
6.551399827003479004e-01 2.047760118804598786e-16 1.023880109033136146e-17
6.553300023078918457e-01 2.186505042007139241e-16 1.093252603721630876e-17
6.555200219154357910e-01 2.007297354914260859e-16 1.003648760175191685e-17
6.557099819183349609e-01 2.128400170012270339e-16 1.064200200811420927e-17
6.559000015258789062e-01 2.141989754859781520e-16 1.070994827799054007e-17
6.560900211334228516e-01 2.220204512511447597e-16 1.110102355517397305e-17
6.562799811363220215e-01 2.266431203258953029e-16 1.133215601629476515e-17
6.564700007438659668e-01 2.129381801788799268e-16 1.064690884350787383e-17
6.566600203514099121e-01 2.058365765397610677e-16 1.029182833067968585e-17
6.568499803543090820e-01 2.100728794765554424e-16 1.050364364295552710e-17
6.570399999618530273e-01 2.036932655458524675e-16 1.018466294642037835e-17
6.572300195693969727e-01 2.035988346071234138e-16 1.017994057230331312e-17
6.574199795722961426e-01 1.923176924735660190e-16 9.615884458242178440e-18
6.576099991798400879e-01 1.825874544315414473e-16 9.129373217885439895e-18
6.578000187873840332e-01 1.933477374769864516e-16 9.667387204721567602e-18
6.579899787902832031e-01 1.821778478270949888e-16 9.108892225918626930e-18
6.581799983978271484e-01 1.783864886505153379e-16 8.919323109036786813e-18
6.583700180053710938e-01 1.732550968815997823e-16 8.662755671260601666e-18
6.585599780082702637e-01 1.800814148128609938e-16 9.004071071515294710e-18
6.587499976158142090e-01 1.737238899132356349e-16 8.686194661097904258e-18
6.589400172233581543e-01 1.814082389851756519e-16 9.070410956642047530e-18
6.591299772262573242e-01 1.808613865734943951e-16 9.043069328674719753e-18
6.593199968338012695e-01 1.888468823279629174e-16 9.442343620089778340e-18
6.595100164413452148e-01 1.962602999707897659e-16 9.813014833103365784e-18
6.596999764442443848e-01 1.905129167258733211e-16 9.525646498038156098e-18
6.598899960517883301e-01 1.851750342062849280e-16 9.258751710314246401e-18
6.600800156593322754e-01 2.006662874297208184e-16 1.003331453692216343e-17
6.602699756622314453e-01 2.044262402128030559e-16 1.022131283782076535e-17
6.604599952697753906e-01 1.878969878171764230e-16 9.394849390858821150e-18
6.606500148773193359e-01 1.985883832612080112e-16 9.929418997624278050e-18
6.608399748802185059e-01 1.939874591104002620e-16 9.699373451828380630e-18
6.610299944877624512e-01 2.026182483868887519e-16 1.013091109585545751e-17
6.612200140953063965e-01 1.998149663781710432e-16 9.990750304142022287e-18
6.614099740982055664e-01 2.003315638317675605e-16 1.001657819158837802e-17
6.615999937057495117e-01 2.040825830642342253e-16 1.020412898777558875e-17
6.617900133132934570e-01 2.054267581770777957e-16 1.027133906690674736e-17
6.619799733161926270e-01 2.025408904560027927e-16 1.012704568085299721e-17
6.621699929237365723e-01 2.047390071285767063e-16 1.023694986012046779e-17
6.623600125312805176e-01 2.011395406192195571e-16 1.005697686552485534e-17
6.625499725341796875e-01 1.958542535516997357e-16 9.792712512148864272e-18
6.627399921417236328e-01 1.981871940466748924e-16 9.909359040589254576e-18
6.629300117492675781e-01 2.025846185319047960e-16 1.012923109203136231e-17
6.631199717521667480e-01 2.055385268214459608e-16 1.027692749912515561e-17
6.633099913597106934e-01 2.053850418044255214e-16 1.026925209022127607e-17
6.635000109672546387e-01 2.060302559171066838e-16 1.030151296129145670e-17
6.636899709701538086e-01 2.069655126397734399e-16 1.034827596286091701e-17
6.638799905776977539e-01 1.975265348175961398e-16 9.876325582826949416e-18
6.640700101852416992e-01 1.951977500780184495e-16 9.759886676720309922e-18
6.642600297927856445e-01 1.980799120299492149e-16 9.903996428678073298e-18
6.644499897956848145e-01 2.049542858460773071e-16 1.024771478861223289e-17
6.646400094032287598e-01 2.049830320267247499e-16 1.024915160133623750e-17
6.648300290107727051e-01 2.059276061118113033e-16 1.029637947840995261e-17
6.650199890136718750e-01 2.130245775394998655e-16 1.065122920784723829e-17
6.652100086212158203e-01 1.912935369961069640e-16 9.564677015241470709e-18
6.654000282287597656e-01 1.955177432436233632e-16 9.775886831308923137e-18
6.655899882316589355e-01 1.999086693979610502e-16 9.995432973589684977e-18
6.657800078392028809e-01 2.005094539855807644e-16 1.002547286471516073e-17
6.659700274467468262e-01 2.067454958317241354e-16 1.033727528789457430e-17
6.661599874496459961e-01 2.118344697788279718e-16 1.059172431612201114e-17
6.663500070571899414e-01 2.142114295172807504e-16 1.071057197217240505e-17
6.665400266647338867e-01 2.008690459414698166e-16 1.004345163532900079e-17
6.667299866676330566e-01 2.035824233437703618e-16 1.017912083631627307e-17
6.669200062751770020e-01 2.137175828392518916e-16 1.068587980370708462e-17
6.671100258827209473e-01 2.068414884874496891e-16 1.034207541698921952e-17
6.672999858856201172e-01 2.133630995508259669e-16 1.066815580472191090e-17
6.674900054931640625e-01 2.114372775010147092e-16 1.057186453679522550e-17
6.676800251007080078e-01 1.997979463098871521e-16 9.989897480930480116e-18
6.678699851036071777e-01 2.118080794085650800e-16 1.059040330868376396e-17
6.680600047111511230e-01 2.075007051135401492e-16 1.037503442849639491e-17
6.682500243186950684e-01 2.000259966960455716e-16 1.000129933849391105e-17
6.684399843215942383e-01 2.053723230753269060e-16 1.026861598833022279e-17
6.686300039291381836e-01 1.939222772781310834e-16 9.696114360214921701e-18
6.688200235366821289e-01 2.009466023957027885e-16 1.004733111240187449e-17
6.690099835395812988e-01 2.095234462613630201e-16 1.047617297481264105e-17
6.692000031471252441e-01 2.136808295502749355e-16 1.068404098120537924e-17
6.693900227546691895e-01 2.112653695173914888e-16 1.056326930305018699e-17
6.695799827575683594e-01 2.075803394454718543e-16 1.037901730314583774e-17
6.697700023651123047e-01 2.042706905529736842e-16 1.021353403134031668e-17
6.699600219726562500e-01 1.996371688685864452e-16 9.981858112557077240e-18
6.701499819755554199e-01 2.006690932263585983e-16 1.003345515762629745e-17
6.703400015830993652e-01 2.067013707091281067e-16 1.033506754283967027e-17
6.705300211906433105e-01 2.127598797434828966e-16 1.063799349086577730e-17
6.707199811935424805e-01 2.103058400068299767e-16 1.051529200034149883e-17
6.709100008010864258e-01 2.404144731499313365e-16 1.202072266487983176e-17
6.711000204086303711e-01 2.308524770270551502e-16 1.154262385135275751e-17
6.712899804115295410e-01 2.178586872137087634e-16 1.089293303719645809e-17
6.714800000190734863e-01 2.138937656922807861e-16 1.069468845005016182e-17
6.716700196266174316e-01 2.093555484493494568e-16 1.046777874595645292e-17
6.718599796295166016e-01 1.923451284001231778e-16 9.617255923697791360e-18
6.720499992370605469e-01 1.879075492592375001e-16 9.395377132089629982e-18
6.722400188446044922e-01 2.028283390275874200e-16 1.014141628963488096e-17
6.724299788475036621e-01 2.153179192441908836e-16 1.076589629308178920e-17
6.726199984550476074e-01 2.073507670469863372e-16 1.036753851778543937e-17
6.728100180625915527e-01 2.119154011299601600e-16 1.059577005649800800e-17
6.729999780654907227e-01 2.028963398913841793e-16 1.014481682913308646e-17
6.731899976730346680e-01 2.056558011799712788e-16 1.028279055530693147e-17
6.733800172805786133e-01 2.133150833706284888e-16 1.066575449940366946e-17
6.735699772834777832e-01 2.143418196515987093e-16 1.071709180976054802e-17
6.737599968910217285e-01 2.256353364071198974e-16 1.128176582773925981e-17
6.739500164985656738e-01 2.216952170691787100e-16 1.108476201151179308e-17
6.741399765014648438e-01 2.284388566438540213e-16 1.142194316306494609e-17
6.743299961090087891e-01 2.274331638376671499e-16 1.137165885362784754e-17
6.745200157165527344e-01 2.311929313322921755e-16 1.155964474681726116e-17
6.747099757194519043e-01 2.202176872067017907e-16 1.101088485664345707e-17
6.748999953269958496e-01 2.221484723401883667e-16 1.110742262439268327e-17
6.750900149345397949e-01 2.206916947849191777e-16 1.103458440837371386e-17
6.752799749374389648e-01 2.169139013703853965e-16 1.084569440677477978e-17
6.754699945449829102e-01 2.179202426861725096e-16 1.089601345779760556e-17
6.756600141525268555e-01 2.198318107596682535e-16 1.099159086885565770e-17
6.758499741554260254e-01 2.066590587664347942e-16 1.033295244201337218e-17
6.760399937629699707e-01 2.175976819519462313e-16 1.087988426303343408e-17
6.762300133705139160e-01 2.258793083657087376e-16 1.129396674177441696e-17
6.764199733734130859e-01 2.230074696278226340e-16 1.115037397769949923e-17
6.766099929809570312e-01 2.364736788326103059e-16 1.182368327988602525e-17
6.768000125885009766e-01 2.357505509236715487e-16 1.178752721531133241e-17
6.769899725914001465e-01 2.381064671873409783e-16 1.190532517916439653e-17
6.771799921989440918e-01 2.407728474959587106e-16 1.203864353285079311e-17
6.773700118064880371e-01 2.545229980265337850e-16 1.272614973589056674e-17
6.775599718093872070e-01 2.458903823352527780e-16 1.229452027481549648e-17
6.777499914169311523e-01 2.451978270217539807e-16 1.225989201283218908e-17
6.779400110244750977e-01 2.428074206352635401e-16 1.214037103176317700e-17
6.781299710273742676e-01 2.364939811535648074e-16 1.182469905767824037e-17
6.783199906349182129e-01 2.327420487137018840e-16 1.163710111219611412e-17
6.785100102424621582e-01 2.197701361731962998e-16 1.098850796671267256e-17
6.786999702453613281e-01 2.174885735204280367e-16 1.087442900689364686e-17
6.788899898529052734e-01 2.171095792160909407e-16 1.085547912624066955e-17
6.790800094604492188e-01 2.200629184053706690e-16 1.100314658201302349e-17
6.792700290679931641e-01 2.199008439448694790e-16 1.099504186637122893e-17
6.794599890708923340e-01 2.273802507482433578e-16 1.136901270284829040e-17
6.796500086784362793e-01 2.273375285239662190e-16 1.136687692250667848e-17
6.798400282859802246e-01 2.287433120488327389e-16 1.143716659505837201e-17
6.800299882888793945e-01 2.384793469725900823e-16 1.192396817581011667e-17
6.802200078964233398e-01 2.369453967748921461e-16 1.184726868069174973e-17
6.804100275039672852e-01 2.302942558450349645e-16 1.151471229594338070e-17
6.805999875068664551e-01 2.326056764091939417e-16 1.163028348958745206e-17
6.807900071144104004e-01 2.398645370089264820e-16 1.199322718131856912e-17
6.809800267219543457e-01 2.333044785906787395e-16 1.166522525302291706e-17
6.811699867248535156e-01 2.391885782472379486e-16 1.195942940867026496e-17
6.813600063323974609e-01 2.242315910552827082e-16 1.121158037994474796e-17
6.815500259399414062e-01 2.299646276796550332e-16 1.149823237659948672e-17
6.817399859428405762e-01 2.318184916336190780e-16 1.159092458168095390e-17
6.819300055503845215e-01 2.323411903714137864e-16 1.161705852595395426e-17
6.821200251579284668e-01 2.320303292797714582e-16 1.160151580224408287e-17
6.823099851608276367e-01 2.378709390884450794e-16 1.189354778160286652e-17
6.825000047683715820e-01 2.305778530636875450e-16 1.152889182600376470e-17
6.826900243759155273e-01 2.330947849966740967e-16 1.165473743003635722e-17
6.828799843788146973e-01 2.337976105846583524e-16 1.168988102554128515e-17
6.830700039863586426e-01 2.318655019621916917e-16 1.159327542898182960e-17
6.832600235939025879e-01 2.389840991998148402e-16 1.194920380193788444e-17
6.834499835968017578e-01 2.289666905188914589e-16 1.144833436050845044e-17
6.836400032043457031e-01 2.305340720482263383e-16 1.152670393328356194e-17
6.838300228118896484e-01 2.337543854345687814e-16 1.168771960260068409e-17
6.840199828147888184e-01 2.241502229527870919e-16 1.120751065133098707e-17
6.842100024223327637e-01 2.335125045885684753e-16 1.167562539486454627e-17
6.844000220298767090e-01 2.430538542833553381e-16 1.215269271416776690e-17
6.845899820327758789e-01 2.400085326099597131e-16 1.200042696137023067e-17
6.847800016403198242e-01 2.449220913276431042e-16 1.224610456638215521e-17
6.849700212478637695e-01 2.177299779103955123e-16 1.088650005357263319e-17
6.851599812507629395e-01 2.151410614117821459e-16 1.075705373233359734e-17
6.853500008583068848e-01 2.236509499699398853e-16 1.118254882198597435e-17
6.855400204658508301e-01 2.342040275806628064e-16 1.171020071728865028e-17
6.857299804687500000e-01 2.431018704635528162e-16 1.215509401948600834e-17
6.859200000762939453e-01 2.286804992618379122e-16 1.143402413591128306e-17
6.861100196838378906e-01 2.125748956887364379e-16 1.062874478443682190e-17
6.862999796867370605e-01 2.167479093825031553e-16 1.083739530368903526e-17
6.864899992942810059e-01 2.249436281265683544e-16 1.124718057914780517e-17
6.866800189018249512e-01 2.189756589733411686e-16 1.094878179061420086e-17
6.868699789047241211e-01 2.001376594612953299e-16 1.000688198044803143e-17
6.870599985122680664e-01 1.755849007076921379e-16 8.779244208203994341e-18
6.872500181198120117e-01 1.739288321818017731e-16 8.696442601706823718e-18
6.874399781227111816e-01 1.859435313174609937e-16 9.297175904128559642e-18
6.876299977302551270e-01 1.916286708756440482e-16 9.581434040090569944e-18
6.878200173377990723e-01 1.977876459584770787e-16 9.889382628796098958e-18
6.880099773406982422e-01 2.150247532002122898e-16 1.075123699826612445e-17
6.881999969482421875e-01 2.224076908918277843e-16 1.112038537177200177e-17
6.883900165557861328e-01 2.247536280485873741e-16 1.123768123699324620e-17
6.885799765586853027e-01 2.139880378123322296e-16 1.069940172518048897e-17
6.887699961662292480e-01 2.124412762413070721e-16 1.062206364662923109e-17
6.889600157737731934e-01 2.159594143528380077e-16 1.079797104851414540e-17
6.891499757766723633e-01 2.012744570858494061e-16 1.006372252342022528e-17
6.893399953842163086e-01 2.013385536571549151e-16 1.006692702111325571e-17
6.895300149917602539e-01 2.186434500044500719e-16 1.093217283109474861e-17
6.897199749946594238e-01 2.122458895631771465e-16 1.061229381641436728e-17
6.899099946022033691e-01 2.052114000502383898e-16 1.026057082969253204e-17
6.901000142097473145e-01 2.088088019167866067e-16 1.044044042671157536e-17
6.902899742126464844e-01 2.177571623740464550e-16 1.088785745695783271e-17
6.904799938201904297e-01 2.174115199920074971e-16 1.087057599960037486e-17
6.906700134277343750e-01 2.159961676418149638e-16 1.079980821665462568e-17
6.908599734306335449e-01 2.283156927593673257e-16 1.141578480340448880e-17
6.910499930381774902e-01 2.277358457674125538e-16 1.138679212293450518e-17
6.912400126457214355e-01 2.462111166546865392e-16 1.231055599817044947e-17
6.914299726486206055e-01 2.289698139528844592e-16 1.144849069764422296e-17
6.916199922561645508e-01 2.294236118543759506e-16 1.147118026184655251e-17
6.918100118637084961e-01 2.258590060447542361e-16 1.129295096398220185e-17
6.919999718666076660e-01 2.231171339247124642e-16 1.115585735798011325e-17
6.921899914741516113e-01 2.313126541454306505e-16 1.156563353445214508e-17
6.923800110816955566e-01 2.422205326819347167e-16 1.211102597235224579e-17
6.925699710845947266e-01 2.663006735207496109e-16 1.331503367603748054e-17
6.927599906921386719e-01 2.579696015586911348e-16 1.289847958162618921e-17
6.929500102996826172e-01 2.505871800277778734e-16 1.252936015944175124e-17
6.931399703025817871e-01 2.582530134888865033e-16 1.291265083988044768e-17
6.933299899101257324e-01 2.698955607582356666e-16 1.349477919596464090e-17
6.935200095176696777e-01 2.691089583178120402e-16 1.345544841219896954e-17
6.937100291252136230e-01 2.806261182411879654e-16 1.403130756642062337e-17
6.938999891281127930e-01 2.784365910120948024e-16 1.392183021234923016e-17
6.940900087356567383e-01 2.718374631991549552e-16 1.359187531062734040e-17
6.942800283432006836e-01 2.733821071878119770e-16 1.366910668287957893e-17
6.944699883460998535e-01 2.944597015170675883e-16 1.472298441410888937e-17
6.946600079536437988e-01 3.035844698204829455e-16 1.517922415276863732e-17
6.948500275611877441e-01 3.106027730631952645e-16 1.553013898403200825e-17
6.950399875640869141e-01 3.121150974509586144e-16 1.560575487254793072e-17
6.952300071716308594e-01 3.025273462325299770e-16 1.512636731162649885e-17
6.954200267791748047e-01 2.955439566291122961e-16 1.477719783145561481e-17
6.956099867820739746e-01 2.895415635275131036e-16 1.447707850724790020e-17
6.958000063896179199e-01 2.819811591985580323e-16 1.409905696731116655e-17
6.959900259971618652e-01 2.882456825275528291e-16 1.441228379550539644e-17
6.961799860000610352e-01 2.938769693191362314e-16 1.469384945857354663e-17
6.963700056076049805e-01 2.950561450608326242e-16 1.475280923827510134e-17
6.965600252151489258e-01 2.972360637599303712e-16 1.486180186450753848e-17
6.967499852180480957e-01 3.144020599387656236e-16 1.572010266606603616e-17
6.969400048255920410e-01 3.161070049126905217e-16 1.580535024563452609e-17
6.971300244331359863e-01 3.024342784874504107e-16 1.512171359350027552e-17
6.973199844360351562e-01 2.889097034186409972e-16 1.444548351657082475e-17
6.975100040435791016e-01 2.957464239732856756e-16 1.478732086779203876e-17
6.977000236511230469e-01 3.107273398460008501e-16 1.553636765404453255e-17
6.978899836540222168e-01 3.326685372045414240e-16 1.663342752197156124e-17
6.980800032615661621e-01 3.179667186879465415e-16 1.589833361829161193e-17
6.982700228691101074e-01 3.108155106818541024e-16 1.554077487234821508e-17
6.984599828720092773e-01 3.144488585091014237e-16 1.572244358719956123e-17
6.986500024795532227e-01 3.279446079879245893e-16 1.639723106114071951e-17
6.988400220870971680e-01 3.169075039874050389e-16 1.584537586111474199e-17
6.990299820899963379e-01 3.150360905695650691e-16 1.575180353586151839e-17
6.992200016975402832e-01 3.107645298863412342e-16 1.553822715606155175e-17
6.994100213050842285e-01 3.127406842220651186e-16 1.563703388023101091e-17
6.995999813079833984e-01 3.097348289900556237e-16 1.548674178037502620e-17
6.997900009155273438e-01 3.328608666231273536e-16 1.664304432377310274e-17
6.999800205230712891e-01 3.194435206314844141e-16 1.597217768593544581e-17
7.001699805259704590e-01 3.178800301597509842e-16 1.589400084624305917e-17
7.003600001335144043e-01 3.254966827703596613e-16 1.627483314590124800e-17
7.005500197410583496e-01 3.278423287595436325e-16 1.639211743059391669e-17
7.007399797439575195e-01 3.345088486313494000e-16 1.672544309331196004e-17
7.009299993515014648e-01 3.419169987880355107e-16 1.709585126289075562e-17
7.011200189590454102e-01 3.313661975783583355e-16 1.656830855542893669e-17
7.013099789619445801e-01 3.397427710915521286e-16 1.698713822370536141e-17
7.014999985694885254e-01 3.401792577571841102e-16 1.700896586570941070e-17
7.016900181770324707e-01 3.483901569198508824e-16 1.741950883860927918e-17
7.018799781799316406e-01 3.534235707995707571e-16 1.767118019433976296e-17
7.020699977874755859e-01 3.567937031384588046e-16 1.783968515692294023e-17
7.022600173950195312e-01 3.505550672539144673e-16 1.752775534792919349e-17
7.024499773979187012e-01 3.604146631088525317e-16 1.802073183195364650e-17
7.026399970054626465e-01 3.626105166152705003e-16 1.813052682338026008e-17
7.028300166130065918e-01 3.757596443302094451e-16 1.878798320912720732e-17
7.030199766159057617e-01 4.008959293751320450e-16 2.004479646875660225e-17
7.032099962234497070e-01 3.980602483561818594e-16 1.990301440304256310e-17
7.034000158309936523e-01 3.965964695442080216e-16 1.982982215372142100e-17
7.035899758338928223e-01 3.973684341965119096e-16 1.986842170982559548e-17
7.037799954414367676e-01 4.112960910690959633e-16 2.056480521519928821e-17
7.039700150489807129e-01 4.243930997879991670e-16 2.121965598201669341e-17
7.041599750518798828e-01 4.129055330782179390e-16 2.064527665391089695e-17
7.043499946594238281e-01 4.162873121201307331e-16 2.081436560600653666e-17
7.045400142669677734e-01 4.236004887076059554e-16 2.118002410450805275e-17
7.047299742698669434e-01 4.248762262052893385e-16 2.124380965590324182e-17
7.049199938774108887e-01 4.356637731237240907e-16 2.178318931793069458e-17
7.051100134849548340e-01 4.316467987807093764e-16 2.158233828467424372e-17
7.052999734878540039e-01 4.024891189395785789e-16 2.012445561610668392e-17
7.054899930953979492e-01 3.679044460658302757e-16 1.839522296503600383e-17
7.056800127029418945e-01 3.150814333020227759e-16 1.575407166510113879e-17
7.058699727058410645e-01 2.845442279573903418e-16 1.422721205961400713e-17
7.060599923133850098e-01 2.845184463920582890e-16 1.422592165785842441e-17
7.062500119209289551e-01 2.827435947302053094e-16 1.413718006738251049e-17
7.064399719238281250e-01 2.864253028447849309e-16 1.432126580398373659e-17
7.066299915313720703e-01 2.932197776311853011e-16 1.466098888155926505e-17
7.068200111389160156e-01 3.040683638613815663e-16 1.520341918568581338e-17
7.070099711418151855e-01 3.038621907480639492e-16 1.519311086089217755e-17
7.071999907493591309e-01 2.931534973030626521e-16 1.465767519602537763e-17
7.073900103569030762e-01 3.140584821995355980e-16 1.570292377910453488e-17
7.075799703598022461e-01 3.043060095426456009e-16 1.521530080800452507e-17
7.077699899673461914e-01 3.143475586625657297e-16 1.571737793312828649e-17
7.079600095748901367e-01 3.120308176727068115e-16 1.560154121450758560e-17
7.081500291824340820e-01 3.090321357509693764e-16 1.545160811103744891e-17
7.083399891853332520e-01 3.193249095490892104e-16 1.596624680094344060e-17
7.085300087928771973e-01 3.255281023987468755e-16 1.627640478906509876e-17
7.087200284004211426e-01 3.054417483760156092e-16 1.527208675705629042e-17
7.089099884033203125e-01 2.923882559747775951e-16 1.461941312961112478e-17
7.091000080108642578e-01 2.890228881962178531e-16 1.445114474068313768e-17
7.092900276184082031e-01 2.828609617329592334e-16 1.414304808664796167e-17
7.094799876213073730e-01 2.807373971946334991e-16 1.403686952885942993e-17
7.096700072288513184e-01 2.827022754042470606e-16 1.413511542457357813e-17
7.098600268363952637e-01 2.755065187590849656e-16 1.377532577251812577e-17
7.100499868392944336e-01 2.872966615194931907e-16 1.436483340684690456e-17
7.102400064468383789e-01 2.880605264192389594e-16 1.440302599008970295e-17
7.104300260543823242e-01 2.820590862297054279e-16 1.410295464235751642e-17
7.106199860572814941e-01 2.852190485185560022e-16 1.426095110243882002e-17
7.108100056648254395e-01 2.919885358330123705e-16 1.459942679165061852e-17
7.110000252723693848e-01 3.048672747493199817e-16 1.524336208310477398e-17
7.111899852752685547e-01 3.066699726193139464e-16 1.533349995445467740e-17
7.113800048828125000e-01 3.060397536367771452e-16 1.530198768183885726e-17
7.115700244903564453e-01 3.039714579982597540e-16 1.519857190729625263e-17
7.117599844932556152e-01 3.047189645742116740e-16 1.523594889045507374e-17
7.119500041007995605e-01 3.104067378754650974e-16 1.552033854813447998e-17
7.121400237083435059e-01 3.121144886460277754e-16 1.560572343968465370e-17
7.123299837112426758e-01 3.184432276603362888e-16 1.592216138301681444e-17
7.125200033187866211e-01 3.112387359879056339e-16 1.556193746113977174e-17
7.127100229263305664e-01 2.873286899528112439e-16 1.436643317415158211e-17
7.128999829292297363e-01 2.803575823271287504e-16 1.401787746199521242e-17
7.130900025367736816e-01 2.805622996025682742e-16 1.402811464925616869e-17
7.132800221443176270e-01 2.791802859397840781e-16 1.395901528960593897e-17
7.134699821472167969e-01 2.838590577124004179e-16 1.419295189300328583e-17
7.136600017547607422e-01 2.718110463591124617e-16 1.359055264882786811e-17
7.138500213623046875e-01 2.769765973786040072e-16 1.384882904174958781e-17
7.140399813652038574e-01 2.957778965412320932e-16 1.478889416531711462e-17
7.142300009727478027e-01 2.969403963217794170e-16 1.484702014696121587e-17
7.144200205802917480e-01 2.892366846060607588e-16 1.446183687728099811e-17
7.146099805831909180e-01 3.050647922447078438e-16 1.525323696525743202e-17
7.148000001907348633e-01 3.101997706687594294e-16 1.550998886431021649e-17
7.149900197982788086e-01 3.098825303602330923e-16 1.549412519452267453e-17
7.151799798011779785e-01 3.095150768798023361e-16 1.547575516747909689e-17
7.153699994087219238e-01 3.064405060999468361e-16 1.532202530499734180e-17
7.155600190162658691e-01 3.170372588470125571e-16 1.585186261147838283e-17
7.157499790191650391e-01 3.190220688006661963e-16 1.595110277828881977e-17
7.159399986267089844e-01 3.141884488173799297e-16 1.570942210999675147e-17
7.161300182342529297e-01 3.045866156762031896e-16 1.522933144555464952e-17
7.163199782371520996e-01 3.074302905685930877e-16 1.537151386668516434e-17
7.165099978446960449e-01 3.046013858132209364e-16 1.523006929066104682e-17
7.167000174522399902e-01 3.032010815327319678e-16 1.516005341489210835e-17
7.168899774551391602e-01 3.033992607726098724e-16 1.516996303863049362e-17
7.170799970626831055e-01 3.027118670661334060e-16 1.513559202981769021e-17
7.172700166702270508e-01 2.991606814347697518e-16 1.495803440261073261e-17
7.174599766731262207e-01 3.096227030036628356e-16 1.548113515018314178e-17
7.176499962806701660e-01 3.101571278538210958e-16 1.550785639269105479e-17
7.178400158882141113e-01 3.152089117605845481e-16 1.576044426454024732e-17
7.180299758911132812e-01 3.145075949500375891e-16 1.572538007837412448e-17
7.182199954986572266e-01 3.178352432926649131e-16 1.589176084114426557e-17
7.184100151062011719e-01 3.192266801969873133e-16 1.596133169374365051e-17
7.185999751091003418e-01 3.246870516216825587e-16 1.623435258108412793e-17
7.187899947166442871e-01 3.151624308276039683e-16 1.575812154138019842e-17
7.189800143241882324e-01 3.326740693884781786e-16 1.663370214593492885e-17
7.191699743270874023e-01 3.374571056229456025e-16 1.687285329591381000e-17
7.193599939346313477e-01 3.232329607490429420e-16 1.616165002268561723e-17
7.195500135421752930e-01 3.212693795586298636e-16 1.606347030142047327e-17
7.197399735450744629e-01 3.282018413060938796e-16 1.641009206530469398e-17
7.199299931526184082e-01 3.201502637468497210e-16 1.600751153298126094e-17
7.201200127601623535e-01 3.178226966171337087e-16 1.589113383823995037e-17
7.203099727630615234e-01 3.184264722898484147e-16 1.592132427623691078e-17
7.204999923706054688e-01 3.144283973694693120e-16 1.572142119196244569e-17
7.206900119781494141e-01 3.218188392436018876e-16 1.609094262392458442e-17
7.208799719810485840e-01 3.232560423968556217e-16 1.616280311245951615e-17
7.210699915885925293e-01 3.403617933573174119e-16 1.701808801350464549e-17
7.212600111961364746e-01 3.457171326965531241e-16 1.728585630395541118e-17
7.214499711990356445e-01 3.595213345170748635e-16 1.797606573323700811e-17
7.216399908065795898e-01 3.619994352833857260e-16 1.809997077155255123e-17
7.218300104141235352e-01 3.581346092335215654e-16 1.790672979993158823e-17
7.220199704170227051e-01 3.603896756369085299e-16 1.801948609795114164e-17
7.222099900245666504e-01 3.688465584614138712e-16 1.844232924655967365e-17
7.224000096321105957e-01 3.718092944224522019e-16 1.859046405937812005e-17
7.225900292396545410e-01 3.753166196290158444e-16 1.876583131232303724e-17
7.227799892425537109e-01 3.812527853420515913e-16 1.906263860535808952e-17
7.229700088500976562e-01 3.873910478223462940e-16 1.936955404547853981e-17
7.231600284576416016e-01 3.854897764931156101e-16 1.927448783203904544e-17
7.233499884605407715e-01 3.847980417427844654e-16 1.923989844754452804e-17
7.235400080680847168e-01 3.784422770835026194e-16 1.892211385417513097e-17
7.237300276756286621e-01 3.706168043816161555e-16 1.853084088082529782e-17
7.239199876785278320e-01 3.738970188791972387e-16 1.869485094395986194e-17
7.241100072860717773e-01 3.686848016382679016e-16 1.843423776580767993e-17
7.243000268936157227e-01 3.821573635901599807e-16 1.910786718689126397e-17
7.244899868965148926e-01 3.981749419111960120e-16 1.990874841904878068e-17
7.246800065040588379e-01 4.122107278334529975e-16 2.061053672254489489e-17
7.248700261116027832e-01 4.307690079495579043e-16 2.153845139009463028e-17
7.250599861145019531e-01 4.291619217508204796e-16 2.145809575666877896e-17
7.252500057220458984e-01 4.240817887101036099e-16 2.120408844288844543e-17
7.254400253295898438e-01 4.339405375320944201e-16 2.169702522224349590e-17
7.256299853324890137e-01 4.277388799296536533e-16 2.138694498909941773e-17
7.258200049400329590e-01 4.449217902976543900e-16 2.224608951488271950e-17
7.260100245475769043e-01 4.518113445323840554e-16 2.259056722661920277e-17
7.261999845504760742e-01 4.604245578752170186e-16 2.302122888637758599e-17
7.263900041580200195e-01 4.754123823604082359e-16 2.377061812540367673e-17
7.265800237655639648e-01 4.743527441433931062e-16 2.371764051589210552e-17
7.267699837684631348e-01 4.730586366186661455e-16 2.365293017657208217e-17
7.269600033760070801e-01 4.651862594673254747e-16 2.325931131900504863e-17
7.271500229835510254e-01 4.442149942427298798e-16 2.221074905039200395e-17
7.273399829864501953e-01 4.548412343242718911e-16 2.274206204708583958e-17
7.275300025939941406e-01 4.866291102853049014e-16 2.433145485252075503e-17
7.277200222015380859e-01 4.755383255717531097e-16 2.377691627858765549e-17
7.279099822044372559e-01 4.531997903516114638e-16 2.265998918670832817e-17
7.281000018119812012e-01 4.703276435780406710e-16 2.351638085541305346e-17
7.282900214195251465e-01 5.090143911362231439e-16 2.545071955681115720e-17
7.284799814224243164e-01 5.122275047425139255e-16 2.561137622974243134e-17
7.286700010299682617e-01 5.222835857714353859e-16 2.611417961944401432e-17
7.288600206375122070e-01 5.110662755113874831e-16 2.555331311382488411e-17
7.290499806404113770e-01 4.955073390615100538e-16 2.477536629133101265e-17
7.292400002479553223e-01 5.183682818518707894e-16 2.591841243823231436e-17
7.294300198554992676e-01 5.304809588767256910e-16 2.652404595860281442e-17
7.296199798583984375e-01 5.365349680485481925e-16 2.682674774068291958e-17
7.298099994659423828e-01 5.509609449919137918e-16 2.754804923482915972e-17
7.300000190734863281e-01 5.581046091108197472e-16 2.790522913205200728e-17
7.301899790763854980e-01 5.598298564056991469e-16 2.799149083505148722e-17
7.303799986839294434e-01 5.731490789243585959e-16 2.865745394621792980e-17
7.305700182914733887e-01 5.850294571634290057e-16 2.925147550514941045e-17
7.307599782943725586e-01 6.067501877276670463e-16 3.033750740114988219e-17
7.309499979019165039e-01 6.149148441853696540e-16 3.074574088577950262e-17
7.311400175094604492e-01 5.966767425233268727e-16 2.983384043488879385e-17
7.313299775123596191e-01 6.034177483549318152e-16 3.017088675600210072e-17
7.315199971199035645e-01 6.368373274097318282e-16 3.184186769397557150e-17
7.317100167274475098e-01 6.569240784791571201e-16 3.284620392395785600e-17
7.318999767303466797e-01 6.796360493499195056e-16 3.398180048226250515e-17
7.320899963378906250e-01 6.923627193824153682e-16 3.461813729260974849e-17
7.322800159454345703e-01 6.934994905371898426e-16 3.467497452685949213e-17
7.324699759483337402e-01 6.874527870245374095e-16 3.437263670424891030e-17
7.326599955558776855e-01 6.681666409089450417e-16 3.340833270719174213e-17
7.328500151634216309e-01 6.742112797787885425e-16 3.371056134196146695e-17
7.330399751663208008e-01 6.794833716611769180e-16 3.397417056829231603e-17
7.332299947738647461e-01 6.670603629402717220e-16 3.335301748526909606e-17
7.334200143814086914e-01 6.582894426505718488e-16 3.291447610299553270e-17
7.336099743843078613e-01 6.671451721141155589e-16 3.335725926745026799e-17
7.337999939918518066e-01 7.215927676009772050e-16 3.607963970353784034e-17
7.339900135993957520e-01 7.421274932203816149e-16 3.710637267578561062e-17
7.341799736022949219e-01 7.282061890949019685e-16 3.641031011648958847e-17
7.343699932098388672e-01 7.255698519861321621e-16 3.627849392279558819e-17
7.345600128173828125e-01 6.835866639554727658e-16 3.417933452126261837e-17
7.347499728202819824e-01 6.581105069404643779e-16 3.290552600876770894e-17
7.349399924278259277e-01 6.685412941694274594e-16 3.342706669370484310e-17
7.351300120353698730e-01 6.675408953191609273e-16 3.337704542770253641e-17
7.353199720382690430e-01 6.708401945278348339e-16 3.354200840290276161e-17
7.355099916458129883e-01 6.503015513810493729e-16 3.251507690730797860e-17
7.357000112533569336e-01 6.384009502303632667e-16 3.192004949675163346e-17
7.358899712562561035e-01 6.614410404890682868e-16 3.307205070096443426e-17
7.360799908638000488e-01 7.007208169894471768e-16 3.503603886423888871e-17
7.362700104713439941e-01 7.026699986197569320e-16 3.513350059273233664e-17
7.364599704742431641e-01 7.224610293114720663e-16 3.612305345080707344e-17
7.366499900817871094e-01 7.461938866419126973e-16 3.730969367035114482e-17
7.368400096893310547e-01 7.513678285815379807e-16 3.756838944384342891e-17
7.370300292968750000e-01 7.642161007815240388e-16 3.821080437733171190e-17
7.372199892997741699e-01 7.478098666865962921e-16 3.739049267258532456e-17
7.374100089073181152e-01 7.234220940692504768e-16 3.617110271822905371e-17
7.376000285148620605e-01 6.934308279289030409e-16 3.467154338167862217e-17
7.377899885177612305e-01 6.763262681085233270e-16 3.381631472891514644e-17
7.379800081253051758e-01 6.947831689687537348e-16 3.473915712494870666e-17
7.381700277328491211e-01 7.149228066578232170e-16 3.574614033289116085e-17
7.383599877357482910e-01 7.019162981153782149e-16 3.509581093530197049e-17
7.385500073432922363e-01 7.059842267841261957e-16 3.529921133920630979e-17
7.387400269508361816e-01 7.104533843720766979e-16 3.552266921860383489e-17
7.389299869537353516e-01 7.219835144874574544e-16 3.609917109216144243e-17
7.391200065612792969e-01 7.359781399024338013e-16 3.679890633337720002e-17
7.393100261688232422e-01 6.835261540393032867e-16 3.417631034894312450e-17
7.394999861717224121e-01 7.437006451616696642e-16 3.718503424331695334e-17
7.396900057792663574e-01 7.345372839195950330e-16 3.672686221074628152e-17
7.398800253868103027e-01 6.671969999425756814e-16 3.335984999712878407e-17
7.400699853897094727e-01 6.934189165280822773e-16 3.467094119419268357e-17
7.402600049972534180e-01 6.940855843971306151e-16 3.470427988160102080e-17
7.404500246047973633e-01 6.879226785520267326e-16 3.439613194236786650e-17
7.406399846076965332e-01 6.516222875040556407e-16 3.258111238996931191e-17
7.408300042152404785e-01 6.464216640265918468e-16 3.232108651005204255e-17
7.410200238227844238e-01 6.837826991432029329e-16 3.418913826588259686e-17
7.412099838256835938e-01 6.933982700999929537e-16 3.466991549023311781e-17
7.414000034332275391e-01 6.920509583182665823e-16 3.460254990114679924e-17
7.415900230407714844e-01 6.923044329277324316e-16 3.461522230813111162e-17
7.417799830436706543e-01 6.575625825027092523e-16 3.287812978687995266e-17
7.419700026512145996e-01 6.147449082003267600e-16 3.073724408652735792e-17
7.421600222587585449e-01 6.156150227953937400e-16 3.078075047802519696e-17
7.423499822616577148e-01 6.360648863013951097e-16 3.180324166809179532e-17
7.425400018692016602e-01 6.622726680245943996e-16 3.311363472471870006e-17
7.427300214767456055e-01 6.823646601103808274e-16 3.411823565249700154e-17
7.429199814796447754e-01 6.776679682969741388e-16 3.388339576787074677e-17
7.431100010871887207e-01 6.634479262389097413e-16 3.317239763543446715e-17
7.433000206947326660e-01 6.666577046529707090e-16 3.333288721788200558e-17
7.434899806976318359e-01 6.349770312993245711e-16 3.174885288845520864e-17
7.436800003051757812e-01 6.292456887408467547e-16 3.146228443704233773e-17
7.438700199127197266e-01 6.264265513341476296e-16 3.132132624321840139e-17
7.440599799156188965e-01 6.593756565263070822e-16 3.296878878201576449e-17
7.442499995231628418e-01 6.306639924714648772e-16 3.153320028531773390e-17
7.444400191307067871e-01 6.124424608914527581e-16 3.062212039759467774e-17
7.446299791336059570e-01 6.000772621691976682e-16 3.000386244671539337e-17
7.448199987411499023e-01 6.183807441868566408e-16 3.091903853283181213e-17
7.450100183486938477e-01 6.269586468437009404e-16 3.134793168044055698e-17
7.451999783515930176e-01 6.456548345115306880e-16 3.228274172557653440e-17
7.453899979591369629e-01 6.383711452585317560e-16 3.191855726292658780e-17
7.455800175666809082e-01 6.253523547383515666e-16 3.126761575168410820e-17
7.457699775695800781e-01 6.074412077939489452e-16 3.037206038969744726e-17
7.459599971771240234e-01 6.130952585959898067e-16 3.065476094456602021e-17
7.461500167846679688e-01 6.369990577630981962e-16 3.184995752036634011e-17
7.463399767875671387e-01 6.539251583294032697e-16 3.269625923995914357e-17
7.465299963951110840e-01 6.659059629122825175e-16 3.329529351340269558e-17
7.467200160026550293e-01 6.489806034998062915e-16 3.244902818975684445e-17
7.469099760055541992e-01 6.516476455529140663e-16 3.258237963066774314e-17
7.470999956130981445e-01 6.490742006404778917e-16 3.245370672330144437e-17
7.472900152206420898e-01 6.475757464172258310e-16 3.237878732086129155e-17
7.474799752235412598e-01 6.226667308999634005e-16 3.113334117720960032e-17
7.476699948310852051e-01 6.228036326000633768e-16 3.114018030651418876e-17
7.478600144386291504e-01 6.570853323764906575e-16 3.285426728056902292e-17
7.480499744415283203e-01 6.637252765895763212e-16 3.318626118250085589e-17
7.482399940490722656e-01 6.693321582443669589e-16 3.346660923570732803e-17
7.484300136566162109e-01 6.911781438056802292e-16 3.455890785202850150e-17
7.486199736595153809e-01 7.018179364143783093e-16 3.509089748246340551e-17
7.488099932670593262e-01 7.037935348847305581e-16 3.518967608249203786e-17
7.490000128746032715e-01 7.113213284452163387e-16 3.556606642226081694e-17
7.491899728775024414e-01 7.176083775566521796e-16 3.588041490736566873e-17
7.493799924850463867e-01 6.998213738785815166e-16 3.499107001741805592e-17
7.495700120925903320e-01 6.729495712642940587e-16 3.364748054844817306e-17
7.497599720954895020e-01 6.788206213195096313e-16 3.394103040423099152e-17
7.499499917030334473e-01 7.049287707922881341e-16 3.524643721612542662e-17
7.501400113105773926e-01 7.149826812992822554e-16 3.574913472670860281e-17
7.503299713134765625e-01 7.162412663797837389e-16 3.581206331898918694e-17
7.505199909210205078e-01 7.069303625862092492e-16 3.534651614407699233e-17
7.507100105285644531e-01 7.094161925281638071e-16 3.547081161164166048e-17
7.508999705314636230e-01 7.204543553198674254e-16 3.602271975122684140e-17
7.510899901390075684e-01 7.327978488228491238e-16 3.663989244114245619e-17
7.512800097465515137e-01 7.478678884434832117e-16 3.739339111345171037e-17
7.514700293540954590e-01 7.176460705228049960e-16 3.588230087916228963e-17
7.516599893569946289e-01 7.281288973384650136e-16 3.640644552866774072e-17
7.518500089645385742e-01 7.192873027372286097e-16 3.596436381337245040e-17
7.520400285720825195e-01 7.233496727522602341e-16 3.616748628459097187e-17
7.522299885749816895e-01 7.262532487558887723e-16 3.631266309953892866e-17
7.524200081825256348e-01 7.263789802089968325e-16 3.631894967219433167e-17
7.526100277900695801e-01 7.476911232553030799e-16 3.738455682450964404e-17
7.527999877929687500e-01 7.373392689091122585e-16 3.686696344545561293e-17
7.529900074005126953e-01 7.519136883764841739e-16 3.759568309533522861e-17
7.531800270080566406e-01 7.739390331643785422e-16 3.869694834949647690e-17
7.533699870109558105e-01 7.622875126397444037e-16 3.811437497024273014e-17
7.535600066184997559e-01 7.624706305750289428e-16 3.812353351398491727e-17
7.562702894210815430e-01 7.929022479688302080e-16 1.890112993639588576e-16
7.587543725967407227e-01 6.594576599035131392e-16 2.244950183018787956e-16
7.612552046775817871e-01 3.909774647303598067e-16 1.592716814182847541e-16
7.637731432914733887e-01 3.754204870441729030e-16 9.984304251064519053e-17
7.663082480430603027e-01 2.671329892705453677e-16 5.082331025040545582e-17
7.688608765602111816e-01 3.312747709596140745e-16 1.742219849908905661e-16
7.714311480522155762e-01 4.343965853648520557e-16 7.906731616541223090e-17
7.740193009376525879e-01 6.056850967360539670e-16 1.098219508971379037e-16
7.766254544258117676e-01 5.708773365598225624e-16 8.350175863741510760e-17
7.792498469352722168e-01 6.223301411825482229e-16 7.679249007155259971e-17
7.818925380706787109e-01 7.061017526055577299e-16 1.009593657606773541e-16
7.845538258552551270e-01 7.063264280948169330e-16 9.402328427085280605e-17
7.872337698936462402e-01 6.750074907492075848e-16 6.229967693469271582e-17
7.899324893951416016e-01 7.389166030755773759e-16 7.710148504373300830e-17
7.926501035690307617e-01 7.179316265051481020e-16 1.153117964214196386e-16
7.953867316246032715e-01 7.187480074476236373e-16 5.387909079546620130e-17
7.981425523757934570e-01 6.963985666782860923e-16 6.805967302958936915e-17
8.009175658226013184e-01 8.360473534448856908e-16 5.098246310898310856e-17
8.037118315696716309e-01 1.076578981839334138e-15 6.864368901183140839e-17
8.065255284309387207e-01 1.129781650651968776e-15 7.369479793921501743e-17
8.093587160110473633e-01 1.376374223300495369e-15 9.039923395369058078e-17
8.122113943099975586e-01 1.569778314938253833e-15 1.221977640010132741e-16
8.150836229324340820e-01 1.648020124704672844e-15 1.072666576360635927e-16
8.179754614830017090e-01 1.727623751692039956e-15 1.092435134209469221e-16
8.208869695663452148e-01 1.796766098264342831e-15 8.859102375209456271e-17
8.238181471824645996e-01 1.894393209940742166e-15 1.328620808605123263e-16
8.267689943313598633e-01 1.839237389030857518e-15 1.098670884888036973e-16
8.297395706176757812e-01 1.811693571652042180e-15 9.106479670944054769e-17
8.327298164367675781e-01 1.900248960463347958e-15 1.013041081702098544e-16
8.357398509979248047e-01 1.854711410427772704e-15 1.185300981045123527e-16
8.387695550918579102e-01 1.773086974586493645e-15 1.219072846396642524e-16
8.418189287185668945e-01 1.792970331869459498e-15 1.279677524377095680e-16
8.448880314826965332e-01 1.400841193498409461e-15 9.322926367469580415e-17
8.479767441749572754e-01 1.438375340973615645e-15 6.356644117709112367e-17
8.510850667953491211e-01 1.247048809397235166e-15 7.859970765641355415e-17
8.542129397392272949e-01 1.380199000573822162e-15 1.112381238104980896e-16
8.573603630065917969e-01 1.366919959180598089e-15 1.036775011058613043e-16
8.605272173881530762e-01 1.496298524401298499e-15 1.025675438378233488e-16
8.637135028839111328e-01 1.437471556818895307e-15 1.281676786830411845e-16
8.669191598892211914e-01 1.400330326752096712e-15 8.034195516724214358e-17
8.701440691947937012e-01 1.445621178441784151e-15 6.817227547201498770e-17
8.733882308006286621e-01 1.509966142159075483e-15 1.243839825076562249e-16
8.766514658927917480e-01 1.635288266595375049e-15 9.394556899794222400e-17
8.799337744712829590e-01 1.789305432064926954e-15 1.191240931936642317e-16
8.832349777221679688e-01 1.992964763353330046e-15 1.162126689003837904e-16
8.865550756454467773e-01 1.946436184769467261e-15 1.458009194114055903e-16
8.898939490318298340e-01 2.009846553508581879e-15 1.247709309807636308e-16
8.932514190673828125e-01 2.053123584366172219e-15 1.262941741526126807e-16
8.966274261474609375e-01 2.143476377091551623e-15 1.263614603323601942e-16
9.000219106674194336e-01 2.380133782664377307e-15 1.286366437682444483e-16
9.034346342086791992e-01 2.459446983229954600e-15 1.317774684064429956e-16
9.068655967712402344e-01 2.658422222320041411e-15 1.236672338156014767e-16
9.103146195411682129e-01 2.779217590927977183e-15 1.528364280108590123e-16
9.137815237045288086e-01 2.970130558667860750e-15 1.531070020979475579e-16
9.172662496566772461e-01 3.163075770206444197e-15 1.702765319923596368e-16
9.207686781883239746e-01 3.188119569841438468e-15 1.841283000068256255e-16
9.242885708808898926e-01 3.271714098438912623e-15 1.692704950790379433e-16
9.278258085250854492e-01 3.234329240520660009e-15 1.629812225061155599e-16
9.313803315162658691e-01 3.036163341411674682e-15 1.414718796017766706e-16
9.349519014358520508e-01 2.875570553293469236e-15 1.300271542302807891e-16
9.385403394699096680e-01 3.083717888652899239e-15 1.351166178683072569e-16
9.421455860137939453e-01 3.178457253253871850e-15 1.774330736590418178e-16
9.457674622535705566e-01 3.176498489563346281e-15 2.103613603695445359e-16
9.494057297706604004e-01 3.632173416065953217e-15 1.977469486723394698e-16
9.530602097511291504e-01 3.643116658228005150e-15 2.352516220479591641e-16
9.567308425903320312e-01 3.919669950891218821e-15 2.107175641936445709e-16
9.604174494743347168e-01 3.942134535201823747e-15 1.835681730006741177e-16
9.641197323799133301e-01 4.233577396528347137e-15 1.813571390756545760e-16
9.678376317024230957e-01 4.088032148718114336e-15 2.213212255531863347e-16
9.715709090232849121e-01 4.162106450504923782e-15 2.276772152055947952e-16
9.753193855285644531e-01 4.383805465987475336e-15 2.444361591137151528e-16
9.790828824043273926e-01 4.466205678129320927e-15 2.470855722936081975e-16
9.828612804412841797e-01 4.504691467120767318e-15 2.671654941598962515e-16
9.866542816162109375e-01 4.559706680561407752e-15 2.874838028612771877e-16
9.981194138526916504e-01 3.679425572545007989e-15 6.109722102183663055e-17
1.001969218254089355e+00 3.528164758164939983e-15 7.133976841316224467e-17
1.005832552909851074e+00 3.653277665463267737e-15 1.118359967223616172e-16
1.009709477424621582e+00 3.741497840985697626e-15 7.705192699887373131e-17
1.013599753379821777e+00 4.024969698762084422e-15 1.830420001043066866e-17
1.017503142356872559e+00 4.245738248552077126e-15 5.188740531656102126e-17
1.021419286727905273e+00 4.343456204512069485e-15 7.686399156370168342e-17
1.025348305702209473e+00 4.201956386057923223e-15 7.427012521630279966e-17
1.029289722442626953e+00 4.319994238906072620e-15 5.011498887443139780e-17
1.033243417739868164e+00 4.335473766017144959e-15 5.592597238228581976e-17
1.037209153175354004e+00 4.482022324353400478e-15 6.938819788524343626e-17
1.041186928749084473e+00 4.600760249932455553e-15 8.707891774001292684e-17
1.045176267623901367e+00 4.832179815517697458e-15 9.864601290260745312e-17
1.049177050590515137e+00 4.846453591228353300e-15 7.911455810455635942e-17
1.053189039230346680e+00 4.737776299480311176e-15 9.681012854643786096e-17
1.057212233543395996e+00 4.831583080806356803e-15 2.898523915319309297e-17
1.061246156692504883e+00 4.582910724634965682e-15 7.113378720574673993e-17
1.065290689468383789e+00 4.634090996406912272e-15 8.182653922598291511e-17
1.069345712661743164e+00 4.767776088889690358e-15 4.583478249944515864e-17
1.073410868644714355e+00 5.039807919680460574e-15 7.736670561789711067e-17
1.077486157417297363e+00 5.298747585721994696e-15 4.316039508249791296e-17
1.081571102142333984e+00 5.451902154013886503e-15 7.838836631862870579e-17
1.085665702819824219e+00 5.663234333254992675e-15 7.488194108457152105e-17
1.089769601821899414e+00 5.732352645267417210e-15 1.039902680216349547e-16
1.093882679939270020e+00 6.091213399964752126e-15 6.752295192605066183e-17
1.098004817962646484e+00 6.148451227858987844e-15 8.441270948496260550e-17
1.102135539054870605e+00 6.046297360354224715e-15 1.149450840948177299e-16
1.106274843215942383e+00 6.014369723956894745e-15 5.742200462070432519e-17
1.110422492027282715e+00 5.993587347079536859e-15 8.150612254390437431e-17
1.114578247070312500e+00 5.992146120519783667e-15 3.515126181484507526e-17
1.118741869926452637e+00 5.885785887398955682e-15 9.284856206957439869e-17
1.122913241386413574e+00 5.913578732464263785e-15 6.907552361369839180e-17
1.127092003822326660e+00 5.992322303372812561e-15 9.048029765372077749e-17
1.131278157234191895e+00 5.956412341573966499e-15 9.743419992266216800e-17
1.135471224784851074e+00 5.921768270514791987e-15 1.503372043604259958e-16
1.139671325683593750e+00 5.886563040128061502e-15 1.091590748240175090e-16
1.143877983093261719e+00 5.898561261825918667e-15 7.395477087957308339e-17
1.148091077804565430e+00 5.809438572698189321e-15 1.745775800100597621e-16
1.152310490608215332e+00 6.067028915254747343e-15 1.879197518276338823e-16
1.156535863876342773e+00 6.323148808614871899e-15 7.637195144813064044e-17
1.160767078399658203e+00 6.370917655191751794e-15 1.018765237715414499e-16
1.165004014968872070e+00 6.298425610950413381e-15 1.585440801165933101e-16
1.169246315956115723e+00 6.166014456020305762e-15 5.801065281437666138e-17
1.173493862152099609e+00 5.839958440337182644e-15 6.572437672422966142e-17
1.177746534347534180e+00 5.748341239179789383e-15 5.078933628828667787e-17
1.182003974914550781e+00 5.580121766404506217e-15 7.413028537066703502e-17
1.186266064643859863e+00 5.537657463659806378e-15 4.694871685186826910e-17
1.190532565116882324e+00 5.558144226038572513e-15 1.199522002485033188e-16
1.194803357124328613e+00 5.582967373590807039e-15 6.513384917620560475e-17
1.199078202247619629e+00 5.540739816554864777e-15 6.330603148536962971e-17
1.203356981277465820e+00 5.336628169672627889e-15 9.325007553890763833e-17
1.207639336585998535e+00 5.323895146893027619e-15 7.711243029759830996e-17
1.211925268173217773e+00 5.484291423367470067e-15 7.176888324517515373e-17
1.216214418411254883e+00 5.721327240909481610e-15 9.236710986584403447e-17
1.220506787300109863e+00 5.889068563586039723e-15 1.342241892490360464e-16
1.224802017211914062e+00 5.994279796513917249e-15 9.092948981356157364e-17
1.229099988937377930e+00 6.142821846891535764e-15 3.317936911363706407e-17
1.233400464057922363e+00 6.234542386068494049e-15 5.461831563912524043e-17
1.237703442573547363e+00 6.097358623997082075e-15 6.424082498689335607e-17
1.242008447647094727e+00 5.894584442138559727e-15 4.390421574164029672e-17
1.246315598487854004e+00 5.822665415686038848e-15 6.199494359702818042e-17
1.250624656677246094e+00 5.625810300062929550e-15 6.020711512572546895e-17
1.254935264587402344e+00 5.669087330920519890e-15 7.305864310860253575e-17
1.259247422218322754e+00 5.885862120364208569e-15 3.441437292923588587e-17
1.263560891151428223e+00 6.060349636949173557e-15 8.559845634944511961e-17
1.267875552177429199e+00 6.310939675713148414e-15 7.430628955268361803e-17
1.272191166877746582e+00 6.489805505602470881e-15 7.933141177394326116e-17
1.276507616043090820e+00 6.403024439057426048e-15 1.013283147836556062e-16
1.280824661254882812e+00 6.662925487494093801e-15 1.077800654812181055e-16
1.285142302513122559e+00 6.633427988622436419e-15 9.446018783551351442e-17
1.289460182189941406e+00 6.591246171365645889e-15 6.308393018217669157e-17
1.293778300285339355e+00 6.558997932997780167e-15 8.272174717211230378e-17
1.298096299171447754e+00 6.574576986480154886e-15 1.455137752422863825e-16
1.302414298057556152e+00 6.518563968227648886e-15 4.611172918597281273e-17
1.306731939315795898e+00 6.593382811975094862e-15 8.332084431128240981e-17
1.311049103736877441e+00 6.515799676204284477e-15 5.658044430038267568e-17
1.315365791320800781e+00 6.503457982646315694e-15 3.570687241485204352e-17
1.319681525230407715e+00 6.459707883887683827e-15 6.949552622408341671e-17
1.323996543884277344e+00 6.514722673811850634e-15 3.857573991997785665e-17
1.328310370445251465e+00 6.194685674251916574e-15 2.640879653821702618e-17
1.332623124122619629e+00 6.029285974158042974e-15 4.032027706674199286e-17
1.336934566497802734e+00 5.562255723964544887e-15 4.764481580711124359e-17
1.341244459152221680e+00 4.943335949185879291e-15 5.325866894010447821e-17
1.345552682876586914e+00 4.539537132021388352e-15 7.083216406718540392e-17
1.349859237670898438e+00 4.178136972548185044e-15 4.036153683569613788e-17
1.354164004325866699e+00 4.117804933297629366e-15 5.389045294836022969e-17
1.358466625213623047e+00 3.943439812973542624e-15 1.005326729134980003e-16
1.362767219543457031e+00 3.755119824843441284e-15 8.592324716260284082e-17
1.367065429687500000e+00 3.966752700780822732e-15 9.819940816372272284e-17
1.371361374855041504e+00 3.833065914232150137e-15 8.142247142291811172e-17
1.375654697418212891e+00 4.048297409645941480e-15 1.730522457256221782e-16
1.379945397377014160e+00 4.374444481370894436e-15 6.110733247764447876e-17
1.384233474731445312e+00 4.403611213876649014e-15 5.622669554834069808e-17
1.388518571853637695e+00 4.127100272860798058e-15 6.491923220319504640e-17
1.392800569534301758e+00 4.126506926281246421e-15 8.999326694393935564e-17
1.397079586982727051e+00 4.400236211098314254e-15 6.637831262928958298e-17
1.401355385780334473e+00 4.439504658533023618e-15 3.374289086902248949e-17
1.405627846717834473e+00 3.947543264086516082e-15 5.815777184940289267e-17
1.409896850585937500e+00 4.045162540708153315e-15 3.727830712918843274e-17
1.414162278175354004e+00 3.956071191799472378e-15 7.944672075133315321e-17
1.418424129486083984e+00 3.960357602029052765e-15 8.752188950164732422e-17
1.422682166099548340e+00 3.792793309238470800e-15 5.573523776792089243e-17
1.426936388015747070e+00 3.781567158072035931e-15 5.875602195562574441e-17
1.431186676025390625e+00 3.729956593562884157e-15 7.809561055623393823e-17
1.435432910919189453e+00 3.805521249820387544e-15 6.059398418949406978e-17
1.439674973487854004e+00 3.705615407757637328e-15 2.384545811850502446e-17
1.443912863731384277e+00 3.730768474642827404e-15 5.905759877207277745e-17
1.448146462440490723e+00 3.762469529726766848e-15 3.843272039206743816e-17
1.452375531196594238e+00 3.861780331144070919e-15 6.867898646293027118e-17
1.456600189208984375e+00 3.855174321188434630e-15 3.547197628194413515e-17
1.460820198059082031e+00 3.816292967810620482e-15 6.191701656588078479e-17
1.465035676956176758e+00 3.944136074056185659e-15 1.614000436041632960e-17
1.469246268272399902e+00 3.879866602150318367e-15 8.580975798256056542e-17
1.473452091217041016e+00 3.738267680841343352e-15 3.683923966004528565e-17
1.477653026580810547e+00 3.780102638106233245e-15 5.691264003438397160e-17
1.481848955154418945e+00 3.797817061648636056e-15 6.041394336608822799e-17
1.486039876937866211e+00 3.927134852255370970e-15 3.233184316673768212e-17
1.490225672721862793e+00 3.796930641669334430e-15 4.720461344616767375e-17
1.494406223297119141e+00 3.904850685962531209e-15 5.741114539362272905e-17
1.498581528663635254e+00 3.999413867710474926e-15 3.007578414661565402e-17
1.502751588821411133e+00 4.042406295497787821e-15 2.653819736452237162e-17
1.506916165351867676e+00 3.976501202970772475e-15 4.333677315015136994e-17
1.511075377464294434e+00 4.073555932133064716e-15 2.361757813155279087e-17
1.515229105949401855e+00 4.065981340002243136e-15 6.619932397962290864e-17
1.519377231597900391e+00 4.140158556292143979e-15 2.363926184413025594e-17
1.523519635200500488e+00 4.199545306773563857e-15 2.091054189582807718e-17
1.527656435966491699e+00 4.232844289512498540e-15 5.856870856027433640e-17
1.531787633895874023e+00 4.290367991026432584e-15 4.605773414430780130e-17
1.535912871360778809e+00 4.348109380007810984e-15 5.794920322103132206e-17
1.540032386779785156e+00 4.376340564623323187e-15 7.984051827991249821e-17
1.544146060943603516e+00 4.456664699011448488e-15 1.015554188751932650e-16
1.548253655433654785e+00 4.465649177482974852e-15 4.749611851147626112e-17
1.552355408668518066e+00 4.482707150491255579e-15 6.052615537926472151e-17
1.556451201438903809e+00 4.514403546893985125e-15 5.669221294475084078e-17
1.560540795326232910e+00 4.602393329454761844e-15 4.703100477920504430e-17
1.564624428749084473e+00 4.593050132530073285e-15 2.104571809717026786e-17
1.568701863288879395e+00 4.699226559501347086e-15 2.129086796095138357e-17
1.572773218154907227e+00 4.601739843535955152e-15 1.843267439444995471e-17
1.576838374137878418e+00 4.715917767243466702e-15 6.307506942345502353e-17
1.580897212028503418e+00 4.677072836282384488e-15 1.551954114602397886e-17
1.584949851036071777e+00 4.558145598839618076e-15 4.619413953604024578e-17
1.588996291160583496e+00 4.619034138736519829e-15 6.914488105369973807e-17
1.593036293983459473e+00 4.559786725174923283e-15 1.030282900564602857e-16
1.597069978713989258e+00 4.564896451429234850e-15 6.368325231447341203e-17
1.601097345352172852e+00 4.630936645711337257e-15 5.866429093441606385e-17
1.605118274688720703e+00 4.687725122627054569e-15 7.543913656263214092e-18
1.609132885932922363e+00 4.679033294038804566e-15 3.253850597097793056e-17
1.613140940666198730e+00 4.600436683346604411e-15 7.682386999527041137e-17
1.617142677307128906e+00 4.585750402590635724e-15 4.303138137671924234e-17
1.621137857437133789e+00 4.512032701674620339e-15 4.250407689727383868e-17
1.625126600265502930e+00 4.606894886052944824e-15 7.529702031595063034e-17
1.629108905792236328e+00 4.592076468157204466e-15 6.137106412670598568e-17
1.633084535598754883e+00 4.550984358787056594e-15 8.159896529585732613e-17
1.637053847312927246e+00 4.531810920993008251e-15 5.241762478048506179e-17
1.641016483306884766e+00 4.604236473147987202e-15 3.662796780543189175e-17
1.644972681999206543e+00 4.656642401594610764e-15 5.433593603033433806e-17
1.648922204971313477e+00 4.766703745178466414e-15 2.388528355627700253e-17
1.652865290641784668e+00 4.658565589901351653e-15 3.941757817298532397e-17
1.656801819801330566e+00 4.827023078934813277e-15 3.769778696142632413e-17
1.660731792449951172e+00 4.823699745166261030e-15 4.300766776291857214e-17
1.664655089378356934e+00 4.758264332408498193e-15 3.620825636262248550e-17
1.668571949005126953e+00 4.694150291048452064e-15 2.653473478647822465e-17
1.672482132911682129e+00 4.800200086594111348e-15 1.717466668601603320e-17
1.676385879516601562e+00 4.653009053767363443e-15 6.536444066120578717e-17
1.680282950401306152e+00 4.687443907688566141e-15 8.737481678873539590e-17
1.684173464775085449e+00 4.701015069569474542e-15 1.335078276775079729e-17
1.688057422637939453e+00 4.694117680279982774e-15 3.071768622812415413e-17
1.691934943199157715e+00 4.708393997089480379e-15 7.066506034855989148e-17
1.695805788040161133e+00 4.799030757610426787e-15 1.548386815492701699e-17
1.699670076370239258e+00 4.686731552979925275e-15 5.083168793564939289e-17
1.703527927398681641e+00 4.772291198015029406e-15 6.353246721497234572e-17
1.707379221916198730e+00 4.727994339488944889e-15 3.893782665259436877e-17
1.711224079132080078e+00 4.652740544323083829e-15 5.589698797362196167e-17
1.715062260627746582e+00 4.500640955566997253e-15 2.783802236164329889e-17
1.718894124031066895e+00 4.570641452393987142e-15 4.061386000974931344e-17
1.722719430923461914e+00 4.410725443600637882e-15 4.155178356271094046e-17
1.726538181304931641e+00 4.338182153865990584e-15 5.665254136257279758e-17
1.730350613594055176e+00 4.272637473858031942e-15 8.318046845260971081e-17
1.734156608581542969e+00 4.169520106375767046e-15 6.979990221972332920e-17
1.737956047058105469e+00 4.091715895005723289e-15 3.822564399752091321e-17
1.741749167442321777e+00 4.053706138530633815e-15 2.228731785097358751e-17
1.745535969734191895e+00 4.011544650064577389e-15 3.598234341116690301e-17
1.749316334724426270e+00 3.912578591056805818e-15 3.186745735340551196e-17
1.753090381622314453e+00 3.836462092834166254e-15 6.477251683230774099e-17
1.756857991218566895e+00 3.774890844381777535e-15 4.284945127279432943e-17
1.760619401931762695e+00 3.704597697671511286e-15 3.403618926189909183e-17
1.764374494552612305e+00 3.633734921304216520e-15 1.329605732560490154e-17
1.768123269081115723e+00 3.598391624547083584e-15 2.918738886001125208e-17
1.771865844726562500e+00 3.586078306592847820e-15 1.501531335130757957e-17
1.775602221488952637e+00 3.096510203738807310e-15 1.941539672589847362e-16
1.779332280158996582e+00 3.404531405667228679e-15 3.953165961434618734e-17
1.783056259155273438e+00 3.292558308721420073e-15 4.517950656179290118e-17
1.786774039268493652e+00 3.227384205627885187e-15 2.382603260899982916e-17
1.790485739707946777e+00 3.145773004676406977e-15 6.390501612797642853e-17
1.794191241264343262e+00 2.930489840252833121e-15 1.107471027814417119e-16
1.797890663146972656e+00 3.106205554611316845e-15 4.399767060724653778e-17
1.801584124565124512e+00 3.131067242162651441e-15 4.152483732707641303e-17
1.805271506309509277e+00 2.806096699201434709e-15 1.821422327386409057e-16
1.808952808380126953e+00 2.953862232124657844e-15 6.069243853472258135e-17
1.812628149986267090e+00 2.873703057403010318e-15 4.316853784844788496e-17
1.816297650337219238e+00 3.021739429111118015e-15 4.647590372245540870e-17
1.819961071014404297e+00 2.998730414373665387e-15 2.988227020539254851e-17
1.823618650436401367e+00 3.000350364885289237e-15 5.818940323602692045e-17
1.827270388603210449e+00 2.886419139523665502e-15 6.559767250672123885e-17
1.830916285514831543e+00 2.842719227467158452e-15 1.342389891645558452e-17
1.834556341171264648e+00 2.980645202158602007e-15 1.420073764780087995e-16
1.838190555572509766e+00 2.755344602584325168e-15 1.122333875235218925e-16
1.841819047927856445e+00 2.770903539034202598e-15 1.139564245918045504e-16
1.845441818237304688e+00 2.770176996523695222e-15 8.090926871855551208e-17
1.849058866500854492e+00 2.733351603867104074e-15 5.734015344473097800e-17
1.852670192718505859e+00 2.803431298274662239e-15 1.033825748215391976e-16
1.856275916099548340e+00 2.706657572292621612e-15 8.839157396279577667e-17
1.859876036643981934e+00 2.653312284307493031e-15 7.624297744702137236e-17
1.863470554351806641e+00 2.547501775569433087e-15 5.279056412273826963e-17
1.867059469223022461e+00 2.403843081890972427e-15 1.046555065225848009e-16
1.870642781257629395e+00 2.538740913795981859e-15 1.426428100071271349e-16
1.874220728874206543e+00 2.632226034360307665e-15 1.508204631266141758e-16
1.877793073654174805e+00 2.589586395795526186e-15 6.244778858645401074e-17
1.881360054016113281e+00 2.626661663171557352e-15 1.919688207784156541e-16
1.884921550750732422e+00 2.714782312322684861e-15 2.504648631762384321e-16
1.888477683067321777e+00 2.957957212908158759e-15 1.507526872559440310e-16
1.892028450965881348e+00 2.711736805360832024e-15 9.270199228247490261e-17
1.895573735237121582e+00 2.656198549075262060e-15 6.971443130138944995e-17
1.899113893508911133e+00 2.611848962748210962e-15 9.182418821643362965e-17
1.902648687362670898e+00 2.669690936892075810e-15 1.326737748484258547e-16
1.906178116798400879e+00 2.805441942733207135e-15 7.950871297516032732e-17
1.909702420234680176e+00 2.627397946560958153e-15 4.320686608931114205e-17
1.913221478462219238e+00 2.907167846841370029e-15 9.015606932337959234e-17
1.916735410690307617e+00 2.968014882123856321e-15 1.179628904323173910e-16
1.920244097709655762e+00 2.833085498241561667e-15 9.098272715778548650e-17
1.923747777938842773e+00 2.722690423676487823e-15 1.311152474603677429e-16
1.927246212959289551e+00 2.860268056068373047e-15 4.443512011111153115e-17
1.930739641189575195e+00 2.780448965075048122e-15 5.375277700720690376e-17
1.934227943420410156e+00 2.708849905318352555e-15 3.063932244561333050e-17
1.937711238861083984e+00 2.664030639222048948e-15 4.591149853817577664e-17
1.941189527511596680e+00 2.616552960220787719e-15 4.400963163890405456e-17
1.944662809371948242e+00 2.596110455313515621e-15 5.554118781366085256e-17
1.948131203651428223e+00 2.462565335025271307e-15 2.923974608406340852e-17
1.951594591140747070e+00 2.496428441707077353e-15 6.783038518123457030e-17
1.955052971839904785e+00 2.476408817998721965e-15 4.063584647043097292e-17
1.958506584167480469e+00 2.475309369233185883e-15 4.029993504111808881e-17
1.961955189704895020e+00 2.538793218080474812e-15 6.626842995671803878e-17
1.965399026870727539e+00 2.523862144802749632e-15 3.392240891428119777e-17
1.968837976455688477e+00 2.588190485498451099e-15 8.743514141644766311e-17
1.972272157669067383e+00 2.530201339380000816e-15 1.165339905180524642e-17
1.975701570510864258e+00 2.517878704063345255e-15 3.369931830307564620e-17
1.979126095771789551e+00 2.374565388069127536e-15 3.808102966538949249e-17
1.982545971870422363e+00 2.264436917124201983e-15 4.215473867225799382e-17
1.985960960388183594e+00 2.215842848698459586e-15 3.773775632862488643e-17
1.989371299743652344e+00 2.258271152542901117e-15 2.815577552214941894e-17
1.992776870727539062e+00 2.287672936691518763e-15 1.958332894862551917e-17
1.996177792549133301e+00 2.199142111835683359e-15 3.909105358926369162e-17
1.999574065208435059e+00 2.257990996395596757e-15 4.674931007596133583e-17
2.002965688705444336e+00 2.312645373800706859e-15 3.877201664444688927e-17
2.006352424621582031e+00 2.265798734345150084e-15 5.428728457542641918e-17
2.009734869003295898e+00 2.166873544677083534e-15 2.825861392462446155e-17
2.013112306594848633e+00 2.309446765633637808e-15 4.504034500425943002e-17
2.016485452651977539e+00 2.533290468538637250e-15 2.718107055607000899e-17
2.019853830337524414e+00 2.460130962334862448e-15 3.855138110529939509e-17
2.023217678070068359e+00 2.482241910389988704e-15 8.868755242085705082e-17
2.026576757431030273e+00 2.503582481979587174e-15 5.838666265106366607e-17
2.029931306838989258e+00 2.428720439551831228e-15 5.834153829428767330e-17
2.033281564712524414e+00 2.391026202849593982e-15 7.829688014288034093e-18
2.036627054214477539e+00 2.349587233487545473e-15 4.276279583182327425e-17
2.039968013763427734e+00 2.365901723326373739e-15 4.112837958564709751e-17
2.043304204940795898e+00 2.410273967784763889e-15 2.049115801654124194e-17
2.046636104583740234e+00 2.336326720940042588e-15 3.559246671869105937e-17
2.049963474273681641e+00 2.377329891850728759e-15 3.049720619893181992e-17
2.053286314010620117e+00 2.436466979370945432e-15 2.330582037612645516e-17
2.056604623794555664e+00 2.376036684298508256e-15 2.966881128523956440e-17
2.059918403625488281e+00 2.370659507391101144e-15 3.158350941017320905e-17
2.063227415084838867e+00 2.351993018815984500e-15 4.743567476975578629e-17
2.066532135009765625e+00 2.480516080759958067e-15 3.361522050455860498e-17
2.069832324981689453e+00 2.421702136309118909e-15 1.732687949925436604e-17
2.073128223419189453e+00 2.436208846080269684e-15 2.817121732982455886e-17
2.076419353485107422e+00 2.439560555452554950e-15 5.362796207021755231e-17
2.079705953598022461e+00 2.522353155607216096e-15 4.112780717666321081e-17
2.082988023757934570e+00 2.472914807091297976e-15 2.036182998212980117e-17
2.086265563964843750e+00 2.536882523509705924e-15 3.041065994580162174e-17
2.089538812637329102e+00 2.540802380231362012e-15 3.136992144984466666e-17
2.092807292938232422e+00 2.498685784511510063e-15 4.070015810869574572e-17
2.096071243286132812e+00 2.552157280405779535e-15 5.165400472620060876e-17
2.099330902099609375e+00 2.528396523927638716e-15 3.532784171456799518e-17
2.102585792541503906e+00 2.518323184602416949e-15 3.660630890827280327e-17
2.105836153030395508e+00 2.529697354776384507e-15 4.578629648065975037e-17
2.109081983566284180e+00 2.570965435241324461e-15 8.620820922926613375e-18
2.112323522567749023e+00 2.534144489507706398e-15 1.789642478386040261e-17
2.115560054779052734e+00 2.600163296207890634e-15 3.269159725002679471e-17
2.118792295455932617e+00 2.573425218920150949e-15 2.950646220077500677e-17
2.122020006179809570e+00 2.636616417884163517e-15 3.054304523975705850e-17
2.125242948532104492e+00 2.669319301186467985e-15 5.603909098541367140e-17
2.128461360931396484e+00 2.644392392098194808e-15 2.501199619480283217e-17
2.131675243377685547e+00 2.682730585598582136e-15 3.652162215715962430e-17
2.134884357452392578e+00 2.648002870035866263e-15 4.473354040634106184e-17
2.138088941574096680e+00 2.674483237549403827e-15 5.607784936019545607e-17
2.141288995742797852e+00 2.653533571664963217e-15 1.507058555983837287e-17
2.144484281539916992e+00 2.661639253453713244e-15 3.778467401296889416e-17
2.147675037384033203e+00 2.688968136222162804e-15 4.525855194112846851e-17
2.150860786437988281e+00 2.702397843600879736e-15 5.341831148960476234e-17
2.154042243957519531e+00 2.639203044746841337e-15 3.506297848242851572e-17
2.157218694686889648e+00 2.670167181166669540e-15 3.133541809213385477e-17
2.160390615463256836e+00 2.660357269088043861e-15 2.460902688759149920e-17
2.163557767868041992e+00 2.679754958854877779e-15 2.488298083466293644e-17
2.166720151901245117e+00 2.708009436876439475e-15 1.181401684724773057e-17
2.169877767562866211e+00 2.721507118649173565e-15 3.249911893893060559e-17
2.173030614852905273e+00 2.716036132842858039e-15 5.176348704335567729e-17
2.176178693771362305e+00 2.655513511179170144e-15 6.347895855550751546e-17
2.179322004318237305e+00 2.701615396915853576e-15 6.105508775015562953e-17
2.182460546493530273e+00 2.701410203184381222e-15 3.392433459074722121e-17
2.185594081878662109e+00 2.682376102310156211e-15 2.830266625532658559e-17
2.188722848892211914e+00 2.688483209859859717e-15 5.872854632439918304e-17
2.191846847534179688e+00 2.638350294327193070e-15 5.361609037406619125e-17
2.194965839385986328e+00 2.618111077327262004e-15 5.841142512988105350e-17
2.198080062866210938e+00 2.700222662992330692e-15 4.275699895009050264e-17
2.201189279556274414e+00 2.697740432940401965e-15 3.951419617725396782e-17
2.204293727874755859e+00 2.720064621539999491e-15 3.951192639365312231e-17
2.207392930984497070e+00 2.692861946680690823e-15 2.184937534746351253e-17
2.210487365722656250e+00 2.660709211277628022e-15 5.118812006159849251e-17
2.213577032089233398e+00 2.640219060767072870e-15 4.575529375130126290e-17
2.216661453247070312e+00 2.625151191668366121e-15 4.649463770896850967e-17
2.219740867614746094e+00 2.673871256245012595e-15 3.688467834545404857e-17
2.222815275192260742e+00 2.700935441217445186e-15 3.067649594234146356e-17
2.225884675979614258e+00 2.646450682160022758e-15 4.315186188729881593e-17
2.228949069976806641e+00 2.694836592238977410e-15 5.441104733867660318e-17
2.232008457183837891e+00 2.706298853839459416e-15 2.740094674341517949e-17
2.235062837600708008e+00 2.724559401874604436e-15 2.737995455382980875e-17
2.238111972808837891e+00 2.620537191446435134e-15 4.693502535836929139e-17
2.241155862808227539e+00 2.624113152791505976e-15 2.607570414043172279e-17
2.244194984436035156e+00 2.650827513156722541e-15 6.377137682821236138e-17
2.247228860855102539e+00 2.662303327284360616e-15 6.392278396753406757e-17
2.250257492065429688e+00 2.642315467311527263e-15 3.081078375170577229e-17
2.253281116485595703e+00 2.666704722236530774e-15 3.578949452315629014e-17
2.256299495697021484e+00 2.645405019986637324e-15 4.844217821294295972e-17
2.259312629699707031e+00 2.645165944937274798e-15 3.908665629712735972e-17
2.262320756912231445e+00 2.614243101373625242e-15 2.748654835628584211e-17
2.265323638916015625e+00 2.607832544270567883e-15 3.508210620691319193e-17
2.268321514129638672e+00 2.582271419263038048e-15 4.816341503779013918e-17
2.271313905715942383e+00 2.583648059560563100e-15 6.390738517325078040e-17
2.274301290512084961e+00 2.612631409433237122e-15 3.071378193563290384e-17
2.277283430099487305e+00 2.555428733406312457e-15 3.245206559696613916e-17
2.280260324478149414e+00 2.562627878183263569e-15 3.722130445881617850e-17
2.283232212066650391e+00 2.563782384090371180e-15 4.935744032584308400e-17
2.286198616027832031e+00 2.573363385515001385e-15 2.233850544163959396e-17
2.289160013198852539e+00 2.546885770858542397e-15 2.180850766211971765e-17
2.292116165161132812e+00 2.453451260512815035e-15 2.121704209128102585e-17
2.295067310333251953e+00 2.433069318461271620e-15 2.684511942208772233e-17
2.298012971878051758e+00 2.333639508914878320e-15 5.108591031638899020e-17
2.300953626632690430e+00 2.174963768114546170e-15 1.943613877606660832e-17
2.303889036178588867e+00 2.135206582669271075e-15 3.173411914738441411e-17
2.306819438934326172e+00 2.175903762927761630e-15 5.304217261274219938e-17
2.309744596481323242e+00 2.220155728707641669e-15 4.594618718434380041e-17
2.312664508819580078e+00 2.217120809657629511e-15 2.422583216010385892e-17
2.315579652786254883e+00 2.197837892855148550e-15 1.874352886864738251e-17
2.318489313125610352e+00 2.197505008906877610e-15 2.657616164591610538e-17
2.321394205093383789e+00 2.190542398080447262e-15 2.927187708777741833e-17
2.324293851852416992e+00 2.105247027324886472e-15 2.596015693502541546e-17
2.327188491821289062e+00 2.034019815032035543e-15 4.597716013520023598e-17
2.330078125000000000e+00 1.987668054575912092e-15 1.935087465288586734e-17
2.332962751388549805e+00 1.977258443170630368e-15 4.799194049680789655e-17
2.335842609405517578e+00 2.000867792509449482e-15 4.968363155577785748e-18
2.338717460632324219e+00 2.007054309397958078e-15 2.499319437947950185e-17
2.341587305068969727e+00 2.025606660283432205e-15 2.825727389203212564e-17
2.344452381134033203e+00 2.023129300670950190e-15 3.046026431277520170e-17
2.347312688827514648e+00 2.018862795715630279e-15 2.781097686433526509e-17
2.350168228149414062e+00 2.049317230059448207e-15 1.011689121165329624e-17
2.353019237518310547e+00 2.001170183271619267e-15 4.838140359897746367e-17
2.355865240097045898e+00 1.966030597938300990e-15 1.998172891013310921e-17
2.358706951141357422e+00 1.896113533856615650e-15 3.645478265494288945e-17
2.361543893814086914e+00 1.909034386192269561e-15 5.221438650398078289e-17
2.364376544952392578e+00 1.872725683633503536e-15 3.636285641910864638e-17
2.367204666137695312e+00 1.897273333719643601e-15 1.724770342538201534e-17
2.370028495788574219e+00 1.883221692399405199e-15 2.676919913110638034e-17
2.372847795486450195e+00 1.950542600497756109e-15 1.535343004413353005e-17
2.375663042068481445e+00 1.886887650995121811e-15 3.539170336657953913e-17
2.378474235534667969e+00 1.863322770886033548e-15 3.406907465433175000e-17
2.381281375885009766e+00 1.931494523579901403e-15 2.690657397851673697e-17
2.384084224700927734e+00 1.724158539904822613e-15 7.169792438350790480e-17
2.386883497238159180e+00 1.892496914930076601e-15 1.773194653649913348e-17
2.389678955078125000e+00 1.872894243190007142e-15 2.710711399186286789e-17
2.392470598220825195e+00 1.717359088799857124e-15 1.258790469447580433e-17
2.395258426666259766e+00 1.786150234336404685e-15 3.489429650319425210e-17
2.398043155670166016e+00 1.776948491913907593e-15 1.702169617533660180e-17
2.400824069976806641e+00 1.810896301890439070e-15 3.068658423709216029e-17
2.403602123260498047e+00 1.811884365823411211e-15 4.564829959342875387e-17
2.406376600265502930e+00 1.794519343371750800e-15 9.036634690689669750e-18
2.409148216247558594e+00 1.786596408941370888e-15 1.431734331351901013e-17
2.411916971206665039e+00 1.710604106924622485e-15 4.657454666486358235e-17
2.414682865142822266e+00 1.684997771533532952e-15 5.411198515129173135e-17
2.417446136474609375e+00 1.681069867998877948e-15 5.476698977370307142e-17
2.420207023620605469e+00 1.701226181649096499e-15 2.956614162760948261e-17
2.422965288162231445e+00 1.565614512727788506e-15 6.487394241029654303e-17
2.425721645355224609e+00 1.588894472129244104e-15 6.313645945979625904e-17
2.428475618362426758e+00 1.642598584446653288e-15 4.140589206371373787e-17
2.431227922439575195e+00 1.567761000095249310e-15 1.783882323472465997e-17
2.433978557586669922e+00 1.585480929351809273e-15 3.104170280022852571e-17
2.436727523803710938e+00 1.541698431582944930e-15 3.255008649955367294e-17
2.439475059509277344e+00 1.548435943403642448e-15 6.838723572497975556e-18
2.442221641540527344e+00 1.469920753753497112e-15 4.065363416232331323e-17
2.444967031478881836e+00 1.463040199243832024e-15 5.210715742681430881e-17
2.447711706161499023e+00 1.495701366173484217e-15 4.732846885364646369e-17
2.450455904006958008e+00 1.461387426205502070e-15 3.405633276417598316e-17
2.453199625015258789e+00 1.442915437570898695e-15 3.197840212588357425e-17
2.455943107604980469e+00 1.429050355257293053e-15 4.927456344591017105e-17
2.458686828613281250e+00 1.442796323562691059e-15 2.464379328873710296e-17
2.461431026458740234e+00 1.440633107294521983e-15 2.147219587739035787e-17
2.464175462722778320e+00 1.352464283144519386e-15 7.556679369220622457e-17
2.466920852661132812e+00 1.351937216893090397e-15 5.198500601139737810e-17
2.469667196273803711e+00 1.398956439311650236e-15 2.923608663703347393e-17
2.472414970397949219e+00 1.290049601634902197e-15 1.709273279198143071e-17
2.475164413452148438e+00 1.344670521238595755e-15 8.820076655653694467e-17
2.477915763854980469e+00 1.192148898316539724e-15 2.212915595476977330e-17
2.480669021606445312e+00 1.356281754758676111e-15 2.039803071445757187e-17
2.483424901962280273e+00 1.429043049598122984e-15 6.768838804856126736e-17
2.486183404922485352e+00 1.248223326457721660e-15 3.819021419752404193e-17
2.488945245742797852e+00 1.185743423411165891e-15 1.221798836648923278e-16
2.491710186004638672e+00 1.347685429135229030e-15 7.043519016505385530e-17
2.494478940963745117e+00 1.079326544961990274e-15 6.703823732198438846e-17
2.497251749038696289e+00 1.352492023473541964e-15 1.051977201053908603e-16
2.500029087066650391e+00 1.156909998370155880e-15 1.194473421421601541e-16
2.502810955047607422e+00 1.261319832250812432e-15 5.605266998234934191e-17
2.505598068237304688e+00 1.193946513988850162e-15 1.061832760267457409e-16
2.508390665054321289e+00 1.189359089425639279e-15 8.334126574624511896e-17
2.511188983917236328e+00 1.058830888737277969e-15 1.063479114384233951e-16
2.513993740081787109e+00 8.492519088783105890e-16 1.049247438858034607e-16
2.516805171966552734e+00 1.205421692841777796e-15 5.710955534228589515e-17
2.519623517990112305e+00 1.234628130016934919e-15 1.449825929401293303e-16
2.522449493408203125e+00 1.125363844436445566e-15 1.246196032507807297e-16
2.525283336639404297e+00 1.096828574992869069e-15 3.207591679393622557e-17
2.528125762939453125e+00 1.120762655587841800e-15 1.261775350687978033e-16
2.530976772308349609e+00 1.278679137230078876e-15 1.371756887886334568e-16
2.533837318420410156e+00 9.890482911359692493e-16 1.005435916975837003e-16
2.536707401275634766e+00 1.387786298198852557e-15 2.454806301470185102e-16
2.539587974548339844e+00 1.149982115894562958e-15 7.389490947300384588e-17
