1.0806	1303.4 -236 +231 	
1.1131	1322.5 -173 +176 	
1.1410	1261.8 -162 +163 	
1.1689	1262.3 -159 +158 	
1.1968	1202.2 -157 +153 	
1.2247	1238.5 -154 +155 	
1.2526	1256.5 -155 +154 	
1.2804	1272.6  -154 154
1.3083	1313.6 -155 +153 	
1.3362	1433.4 -151 +156 	
1.3641	1389.1 -162 +158 	
1.3920	1490.8 -160 +161 	
1.4199	1472.6 -166 +161 	
1.4477	1531.1 -172 +169 	
1.4756	1426.6 -173 +168 	
1.5035	1498.6 -175 +173 	
1.5314	1461.3 -173 +171 	
1.5593	1656.7 -180 +179 	
1.5872	1684.1 -186 +191 	
1.6151	1656.8 -189 +190 	
1.6429	1497.0 -203 +200 	
1.6848	1752.6 -249 +268 	

