3408.82255291 0.0001
3408.82255299 0.000141253754462
3461.86107203 0.000199526231497
3492.34629522 0.000281838293126
3514.21245796 0.000398107170553
3527.21824049 0.00056234132519
3532.4669853 0.000794328234724
3528.22006939 0.0011220184543
3509.38356788 0.00158489319246
3463.70216013 0.00223872113857
3366.13711489 0.00316227766017
3165.5254683 0.00446683592151
2906.8227818 0.0063095734448
2847.03258522 0.00891250938134
2848.90232239 0.0125892541179
2866.30409012 0.0177827941004
2890.91832177 0.0251188643151
2916.32846899 0.0354813389234
2936.6428108 0.0501187233627
2948.98642918 0.0707945784384
2955.7684357 0.1
2961.66114181 0.141253754462
2969.5118553 0.199526231497
2980.51163012 0.281838293126
2995.52774069 0.398107170553
3015.2311217 0.56234132519
3039.42206338 0.794328234724
3066.80021468 1.1220184543
3094.53898529 1.58489319246
3119.39889659 2.23872113857
3140.00856345 3.16227766017
3158.79918955 4.46683592151
3181.64737034 6.3095734448
3215.30240172 8.91250938134
3266.36260304 12.5892541179
3341.24402204 17.7827941004
3473.16398617 25.1188643151
3611.1970218 35.4813389234
3755.76332372 50.1187233627
3907.1740464 70.7945784384
4065.87068823 100.0
4232.29321864 141.253754462
4406.8338001 199.526231497
4589.88602882 281.838293126
4777.75650623 398.107170553
4970.83989908 562.34132519
5173.96090471 794.328234724
5401.67066433 1122.0184543
