1396.43098772 0.0001
1396.43098772 0.000141253754462
1437.81593022 0.000199526231497
1488.32840238 0.000281838293126
1544.86361061 0.000398107170553
1691.09979017 0.00056234132519
1776.32200232 0.000794328234724
1783.45808727 0.0011220184543
1791.87793593 0.00158489319246
1799.45853614 0.00223872113857
1807.43676056 0.00316227766017
1816.44502844 0.00446683592151
1826.98220715 0.0063095734448
1839.12751786 0.00891250938134
1852.80091134 0.0125892541179
1868.29376588 0.0177827941004
1885.65347562 0.0251188643151
1905.0414441 0.0354813389234
1927.71210761 0.0501187233627
1955.59952081 0.0707945784384
1991.52115461 0.1
2038.71328978 0.141253754462
2098.69298067 0.199526231497
2164.06857738 0.281838293126
2226.19725712 0.398107170553
2274.46440896 0.56234132519
2302.2539032 0.794328234724
2315.04934996 1.1220184543
2323.8654518 1.58489319246
2334.72836837 2.23872113857
2350.23709943 3.16227766017
2373.70013675 4.46683592151
2410.6849092 6.3095734448
2470.09619841 8.91250938134
2564.72672974 12.5892541179
2737.59372165 17.7827941004
2905.73651538 25.1188643151
3069.4266403 35.4813389234
3229.6833643 50.1187233627
3387.92508286 70.7945784384
3545.54839079 100.0
3703.9213106 141.253754462
3864.42711005 199.526231497
4028.20059579 281.838293126
4196.506176 398.107170553
4370.41348534 562.34132519
4551.11850996 794.328234724
4750.60687288 1122.0184543
