10 5.20395389909e-05
12 5.93089325838e-05
14 6.52470256093e-05
16 7.01400755633e-05
18 7.6243902148e-05
20 8.36060906687e-05
22 8.74994261264e-05
24 9.69361592368e-05
26 0.00010590711699
28 9.61586400079e-05
30 0.000100500189577
32 0.000102459116493
34 0.000100431145111
36 0.000111020229235
38 0.000108792921347
40 0.000120594682406
42 0.000118141262785
44 0.00012271782603
46 0.000126241651868
48 0.000131389917431
50 0.000146623141585
52 0.000133275824059
54 0.000134540407287
56 0.000139124361782
58 0.000140194170069
60 0.0001486167209
62 0.000151576146569
64 0.00015163752185
66 0.000151248591749
68 0.000154935932893
70 0.000171677440496
72 0.000165475312711
74 0.000164781620892
76 0.000172865185199
78 0.000162589701515
80 0.000170162649167
82 0.000173536816027
84 0.000168367460952
86 0.000170017089686
88 0.000169896919388
90 0.000166265257733
92 0.000175545902553
94 0.000167758620683
96 0.000179081628205
98 0.000178994510466
