1856.18729097
2264.54849498
2639.7993311
2882.60869565
2860.53511706
2606.68896321
2275.58528428
1933.44481605
1856.18729097
1856.18729097
2264.54849498
2639.7993311
2882.60869565
2860.53511706
2606.68896321
2275.58528428
1933.44481605
1856.18729097
2264.54849498
2639.7993311
2882.60869565
2860.53511706
2606.68896321
2275.58528428
1933.44481605
1856.18729097
2264.54849498
2639.7993311
2882.60869565
2860.53511706
2606.68896321
2275.58528428
1933.44481605
1856.18729097
2264.54849498
2639.7993311
2882.60869565
2860.53511706
2606.68896321
2275.58528428
1933.44481605
1878.26086957
2286.62207358
2672.909699
2915.71906355
2893.64548495
2639.7993311
2297.65886288
1955.51839465
1878.26086957
2286.62207358
2672.909699
2915.71906355
2893.64548495
2639.7993311
2297.65886288
1955.51839465
1878.26086957
2286.62207358
2672.909699
2915.71906355
2893.64548495
2639.7993311
2297.65886288
1955.51839465
