10 0.000144466599637
11 0.000137689780215
12 0.000131983422976
13 0.000126597610262
14 0.00012209133868
15 0.000117955780953
16 0.000114109967425
17 0.000110776907347
18 0.000107678233929
19 0.000104759073619
20 0.000101999658136
21 9.96796795251e-05
22 9.71940496911e-05
23 9.51276463754e-05
24 9.31703357669e-05
25 9.13043065785e-05
26 8.9505750946e-05
27 8.77991874314e-05
28 8.61584671974e-05
29 8.45634261364e-05
30 8.34067728727e-05
31 8.19205533892e-05
32 8.04989381167e-05
33 7.94798992048e-05
34 7.81319182222e-05
35 7.72182979442e-05
36 7.59267724234e-05
37 7.50819388582e-05
38 7.38718785261e-05
39 7.30737994629e-05
40 7.19006118408e-05
41 7.11967269359e-05
42 7.04792983478e-05
43 6.9363716288e-05
44 6.87177702149e-05
45 6.81011425422e-05
46 6.70325874078e-05
47 6.64359189048e-05
48 6.58620757574e-05
49 6.48389120007e-05
50 6.4324740374e-05
51 6.37980685939e-05
52 6.32807395554e-05
53 6.27799931035e-05
54 6.18148260044e-05
55 6.13612517995e-05
56 6.09223211366e-05
57 6.04816421116e-05
58 5.95188380529e-05
59 5.90999805085e-05
