1.18 -0.0313997651933 0.0217760232722 0.0246501721711 1.1066970271 0.231055146513 0.300755469397 0.000519807824444 6.46376548062e-05 6.52541110426e-05
1.23 0.019993933506 0.0237268509003 0.0254607194298 0.875354515104 0.14259648981 0.189694892316 0.000665930834268 6.75396501811e-05 6.49800670417e-05
1.27 0.0103634427749 0.0228402906136 0.024369156353 0.921224854504 0.152358245616 0.186886723875 0.000655851951536 6.41692034313e-05 6.35543043408e-05
1.32 0.0308586968643 0.0246637747225 0.0260265658014 0.818000664453 0.127351319439 0.157704138335 0.000710475307512 6.65142187414e-05 6.17703924934e-05
1.38 0.0278289258881 0.0233662244534 0.0260476155387 0.905474174952 0.147455598633 0.169920222404 0.000721685615954 6.92515375342e-05 7.16160157734e-05
1.43 0.0444202512935 0.024053114578 0.0241234228883 0.830089238601 0.112437544829 0.144039769076 0.000811364289595 7.18310299146e-05 6.64032062417e-05
1.48 0.00475921379498 0.0206856397035 0.0219919283523 1.03713239754 0.169556337467 0.208957132742 0.000689057607059 6.79480925919e-05 7.09449564549e-05
1.52 -0.00521813483586 0.021486239963 0.0241709619826 0.99409028783 0.179810292114 0.204131050334 0.000681584176371 6.92301776317e-05 7.17737652941e-05
1.57 -0.0313080378259 0.0200769197655 0.0229186697135 0.864495525556 0.161726244289 0.204311984377 0.000795193368532 7.89943358945e-05 7.67805219548e-05
1.62 -0.00545446298134 0.0223203945507 0.0236488433841 0.892584260275 0.147893597081 0.184488470311 0.00079819272904 7.77902922846e-05 7.83294060666e-05
