1.18 -0.0313997651933 0.0217760232722 0.0246501721711
1.23 0.019993933506 0.0237268509003 0.0254607194298
1.27 0.0103634427749 0.0228402906136 0.024369156353
1.32 0.0308586968643 0.0246637747225 0.0260265658014
1.38 0.0278289258881 0.0233662244534 0.0260476155387
1.43 0.0444202512935 0.024053114578 0.0241234228883
1.48 0.00475921379498 0.0206856397035 0.0219919283523
1.52 -0.00521813483586 0.021486239963 0.0241709619826
1.57 -0.0313080378259 0.0200769197655 0.0229186697135
1.62 -0.00545446298134 0.0223203945507 0.0236488433841

