#Lambda(microns),,Phi=0.1050,Phi=0.2000,Phi=0.3000,Phi=0.3950,Phi=0.5000,Phi=0.6050,Phi=0.7000,Phi=0.8000,Phi=0.8950
227.531,1.73842e+08,1.73870e+08,1.73899e+08,1.73927e+08,1.73947e+08,1.73909e+08,1.73865e+08,1.73819e+08,1.73774e+08
138.793,4.83361e+08,4.83448e+08,4.83539e+08,4.83626e+08,4.83689e+08,4.83587e+08,4.83464e+08,4.83334e+08,4.83212e+08
97.752,9.85184e+08,9.85369e+08,9.85565e+08,9.85750e+08,9.85887e+08,9.85681e+08,9.85432e+08,9.85171e+08,9.84923e+08
73.692,1.75016e+09,1.75050e+09,1.75086e+09,1.75120e+09,1.75145e+09,1.75109e+09,1.75066e+09,1.75020e+09,1.74976e+09
53.879,3.30930e+09,3.30995e+09,3.31065e+09,3.31131e+09,3.31180e+09,3.31113e+09,3.31032e+09,3.30946e+09,3.30865e+09
42.212,5.35871e+09,5.35979e+09,5.36093e+09,5.36201e+09,5.36283e+09,5.36177e+09,5.36046e+09,5.35909e+09,5.35779e+09
35.753,7.48330e+09,7.48482e+09,7.48642e+09,7.48794e+09,7.48910e+09,7.48763e+09,7.48582e+09,7.48392e+09,7.48212e+09
29.700,1.06852e+10,1.06873e+10,1.06896e+10,1.06918e+10,1.06935e+10,1.06913e+10,1.06887e+10,1.06860e+10,1.06834e+10
24.839,1.49733e+10,1.49764e+10,1.49796e+10,1.49826e+10,1.49850e+10,1.49820e+10,1.49783e+10,1.49744e+10,1.49707e+10
21.395,1.99377e+10,1.99418e+10,1.99461e+10,1.99502e+10,1.99533e+10,1.99493e+10,1.99444e+10,1.99393e+10,1.99344e+10
19.382,2.40406e+10,2.40455e+10,2.40507e+10,2.40557e+10,2.40594e+10,2.40546e+10,2.40487e+10,2.40425e+10,2.40365e+10
18.180,2.71930e+10,2.71986e+10,2.72045e+10,2.72101e+10,2.72144e+10,2.72089e+10,2.72022e+10,2.71952e+10,2.71885e+10
16.978,3.09311e+10,3.09375e+10,3.09442e+10,3.09506e+10,3.09555e+10,3.09492e+10,3.09416e+10,3.09336e+10,3.09260e+10
15.777,3.54501e+10,3.54575e+10,3.54652e+10,3.54726e+10,3.54782e+10,3.54710e+10,3.54623e+10,3.54530e+10,3.54443e+10
14.575,4.10515e+10,4.10600e+10,4.10690e+10,4.10776e+10,4.10841e+10,4.10757e+10,4.10656e+10,4.10548e+10,4.10446e+10
13.588,4.66440e+10,4.66538e+10,4.66640e+10,4.66737e+10,4.66811e+10,4.66716e+10,4.66600e+10,4.66478e+10,4.66362e+10
12.787,5.20127e+10,5.20235e+10,5.20349e+10,5.20458e+10,5.20540e+10,5.20434e+10,5.20304e+10,5.20168e+10,5.20038e+10
11.986,5.84320e+10,5.84442e+10,5.84571e+10,5.84693e+10,5.84785e+10,5.84666e+10,5.84519e+10,5.84365e+10,5.84219e+10
11.292,6.48090e+10,6.48226e+10,6.48368e+10,6.48504e+10,6.48607e+10,6.48473e+10,6.48310e+10,6.48138e+10,6.47975e+10
10.692,7.10538e+10,7.10687e+10,7.10843e+10,7.10992e+10,7.11105e+10,7.10957e+10,7.10776e+10,7.10585e+10,7.10405e+10
10.091,7.83401e+10,7.83565e+10,7.83739e+10,7.83903e+10,7.84027e+10,7.83862e+10,7.83661e+10,7.83450e+10,7.83248e+10
 9.648,8.46801e+10,8.46979e+10,8.47167e+10,8.47345e+10,8.47479e+10,8.47301e+10,8.47083e+10,8.46853e+10,8.46635e+10
 9.348,8.97604e+10,8.97794e+10,8.97993e+10,8.98183e+10,8.98326e+10,8.98137e+10,8.97906e+10,8.97662e+10,8.97431e+10
 8.995,9.62346e+10,9.62550e+10,9.62765e+10,9.62969e+10,9.63123e+10,9.62921e+10,9.62673e+10,9.62412e+10,9.62164e+10
 8.673,1.03110e+11,1.03132e+11,1.03155e+11,1.03177e+11,1.03194e+11,1.03172e+11,1.03146e+11,1.03118e+11,1.03091e+11
 8.345,1.10171e+11,1.10195e+11,1.10220e+11,1.10243e+11,1.10261e+11,1.10238e+11,1.10210e+11,1.10180e+11,1.10152e+11
 8.074,1.16546e+11,1.16571e+11,1.16598e+11,1.16623e+11,1.16642e+11,1.16617e+11,1.16587e+11,1.16555e+11,1.16525e+11
 7.904,1.20390e+11,1.20416e+11,1.20443e+11,1.20469e+11,1.20488e+11,1.20463e+11,1.20432e+11,1.20399e+11,1.20367e+11
 7.714,1.24578e+11,1.24605e+11,1.24633e+11,1.24660e+11,1.24680e+11,1.24653e+11,1.24621e+11,1.24587e+11,1.24554e+11
 7.498,1.28832e+11,1.28859e+11,1.28889e+11,1.28916e+11,1.28937e+11,1.28909e+11,1.28875e+11,1.28839e+11,1.28805e+11
 7.284,1.35367e+11,1.35396e+11,1.35427e+11,1.35456e+11,1.35478e+11,1.35448e+11,1.35413e+11,1.35375e+11,1.35339e+11
 7.094,1.41695e+11,1.41725e+11,1.41758e+11,1.41788e+11,1.41811e+11,1.41781e+11,1.41743e+11,1.41704e+11,1.41667e+11
 6.873,1.49576e+11,1.49608e+11,1.49642e+11,1.49675e+11,1.49699e+11,1.49667e+11,1.49627e+11,1.49586e+11,1.49546e+11
 6.664,1.56790e+11,1.56824e+11,1.56860e+11,1.56894e+11,1.56920e+11,1.56886e+11,1.56844e+11,1.56800e+11,1.56759e+11
 6.515,1.59849e+11,1.59884e+11,1.59920e+11,1.59954e+11,1.59980e+11,1.59944e+11,1.59901e+11,1.59856e+11,1.59812e+11
 6.297,1.63707e+11,1.63742e+11,1.63778e+11,1.63812e+11,1.63838e+11,1.63800e+11,1.63754e+11,1.63706e+11,1.63661e+11
 6.064,1.74789e+11,1.74826e+11,1.74865e+11,1.74902e+11,1.74929e+11,1.74889e+11,1.74840e+11,1.74789e+11,1.74740e+11
 5.899,1.84188e+11,1.84227e+11,1.84269e+11,1.84308e+11,1.84337e+11,1.84295e+11,1.84244e+11,1.84190e+11,1.84138e+11
 5.759,1.92240e+11,1.92282e+11,1.92325e+11,1.92366e+11,1.92397e+11,1.92353e+11,1.92299e+11,1.92243e+11,1.92190e+11
 5.572,2.04246e+11,2.04290e+11,2.04336e+11,2.04381e+11,2.04413e+11,2.04367e+11,2.04310e+11,2.04250e+11,2.04194e+11
 5.379,2.16535e+11,2.16582e+11,2.16631e+11,2.16678e+11,2.16713e+11,2.16664e+11,2.16604e+11,2.16540e+11,2.16480e+11
 5.265,2.24084e+11,2.24133e+11,2.24184e+11,2.24233e+11,2.24269e+11,2.24218e+11,2.24155e+11,2.24089e+11,2.24027e+11
 5.149,2.32491e+11,2.32542e+11,2.32595e+11,2.32646e+11,2.32683e+11,2.32630e+11,2.32564e+11,2.32496e+11,2.32431e+11
 5.000,2.42879e+11,2.42932e+11,2.42987e+11,2.43040e+11,2.43080e+11,2.43023e+11,2.42954e+11,2.42882e+11,2.42814e+11
 4.882,2.50783e+11,2.50838e+11,2.50895e+11,2.50950e+11,2.50990e+11,2.50931e+11,2.50859e+11,2.50784e+11,2.50713e+11
 4.827,2.53738e+11,2.53793e+11,2.53851e+11,2.53906e+11,2.53946e+11,2.53886e+11,2.53814e+11,2.53738e+11,2.53665e+11
 4.796,2.57659e+11,2.57715e+11,2.57774e+11,2.57830e+11,2.57871e+11,2.57811e+11,2.57737e+11,2.57660e+11,2.57586e+11
 4.750,2.60708e+11,2.60764e+11,2.60824e+11,2.60880e+11,2.60922e+11,2.60860e+11,2.60786e+11,2.60708e+11,2.60633e+11
 4.700,2.64902e+11,2.64959e+11,2.65019e+11,2.65076e+11,2.65119e+11,2.65056e+11,2.64981e+11,2.64901e+11,2.64826e+11
 4.662,2.68545e+11,2.68603e+11,2.68664e+11,2.68723e+11,2.68766e+11,2.68703e+11,2.68626e+11,2.68546e+11,2.68469e+11
 4.605,2.74019e+11,2.74078e+11,2.74141e+11,2.74201e+11,2.74245e+11,2.74180e+11,2.74102e+11,2.74019e+11,2.73941e+11
 4.504,2.81442e+11,2.81504e+11,2.81568e+11,2.81630e+11,2.81676e+11,2.81608e+11,2.81527e+11,2.81441e+11,2.81360e+11
 4.395,2.84303e+11,2.84365e+11,2.84430e+11,2.84492e+11,2.84538e+11,2.84468e+11,2.84384e+11,2.84296e+11,2.84212e+11
 4.301,2.78676e+11,2.78735e+11,2.78798e+11,2.78857e+11,2.78900e+11,2.78830e+11,2.78746e+11,2.78658e+11,2.78574e+11
 4.202,2.79591e+11,2.79649e+11,2.79710e+11,2.79768e+11,2.79809e+11,2.79738e+11,2.79654e+11,2.79565e+11,2.79480e+11
 4.074,2.85074e+11,2.85131e+11,2.85191e+11,2.85247e+11,2.85288e+11,2.85215e+11,2.85128e+11,2.85037e+11,2.84951e+11
 3.949,2.86615e+11,2.86669e+11,2.86726e+11,2.86780e+11,2.86818e+11,2.86743e+11,2.86656e+11,2.86563e+11,2.86476e+11
 3.849,2.96439e+11,2.96495e+11,2.96555e+11,2.96611e+11,2.96650e+11,2.96572e+11,2.96481e+11,2.96385e+11,2.96294e+11
 3.749,3.12662e+11,3.12724e+11,3.12789e+11,3.12851e+11,3.12894e+11,3.12813e+11,3.12716e+11,3.12615e+11,3.12518e+11
 3.662,3.29164e+11,3.29232e+11,3.29303e+11,3.29371e+11,3.29420e+11,3.29334e+11,3.29233e+11,3.29126e+11,3.29025e+11
 3.587,3.42379e+11,3.42451e+11,3.42528e+11,3.42600e+11,3.42652e+11,3.42564e+11,3.42458e+11,3.42347e+11,3.42242e+11
 3.513,3.56088e+11,3.56165e+11,3.56246e+11,3.56323e+11,3.56379e+11,3.56287e+11,3.56178e+11,3.56063e+11,3.55954e+11
 3.438,3.70821e+11,3.70902e+11,3.70988e+11,3.71070e+11,3.71130e+11,3.71036e+11,3.70923e+11,3.70804e+11,3.70690e+11
 3.363,3.86053e+11,3.86140e+11,3.86231e+11,3.86317e+11,3.86381e+11,3.86284e+11,3.86167e+11,3.86043e+11,3.85926e+11
 3.308,3.98524e+11,3.98615e+11,3.98710e+11,3.98801e+11,3.98868e+11,3.98768e+11,3.98648e+11,3.98522e+11,3.98403e+11
 3.269,4.06092e+11,4.06184e+11,4.06282e+11,4.06375e+11,4.06443e+11,4.06343e+11,4.06221e+11,4.06093e+11,4.05972e+11
 3.231,4.15140e+11,4.15236e+11,4.15336e+11,4.15431e+11,4.15502e+11,4.15400e+11,4.15277e+11,4.15147e+11,4.15023e+11
 3.193,4.22329e+11,4.22426e+11,4.22529e+11,4.22626e+11,4.22698e+11,4.22595e+11,4.22470e+11,4.22338e+11,4.22213e+11
 3.156,4.29681e+11,4.29781e+11,4.29885e+11,4.29985e+11,4.30059e+11,4.29954e+11,4.29827e+11,4.29694e+11,4.29567e+11
 3.118,4.36590e+11,4.36691e+11,4.36798e+11,4.36899e+11,4.36975e+11,4.36869e+11,4.36740e+11,4.36605e+11,4.36476e+11
 3.085,4.43396e+11,4.43499e+11,4.43607e+11,4.43710e+11,4.43787e+11,4.43680e+11,4.43550e+11,4.43413e+11,4.43283e+11
 3.055,4.47541e+11,4.47645e+11,4.47755e+11,4.47859e+11,4.47937e+11,4.47828e+11,4.47697e+11,4.47558e+11,4.47427e+11
 3.014,4.54668e+11,4.54774e+11,4.54886e+11,4.54992e+11,4.55071e+11,4.54962e+11,4.54828e+11,4.54687e+11,4.54554e+11
 2.965,4.63448e+11,4.63556e+11,4.63670e+11,4.63779e+11,4.63860e+11,4.63748e+11,4.63612e+11,4.63469e+11,4.63333e+11
 2.909,4.69531e+11,4.69641e+11,4.69757e+11,4.69867e+11,4.69949e+11,4.69835e+11,4.69696e+11,4.69550e+11,4.69411e+11
 2.847,4.79807e+11,4.79919e+11,4.80038e+11,4.80150e+11,4.80235e+11,4.80118e+11,4.79975e+11,4.79825e+11,4.79683e+11
 2.787,4.85478e+11,4.85592e+11,4.85711e+11,4.85825e+11,4.85910e+11,4.85790e+11,4.85644e+11,4.85491e+11,4.85345e+11
 2.730,4.89059e+11,4.89173e+11,4.89293e+11,4.89407e+11,4.89491e+11,4.89368e+11,4.89220e+11,4.89063e+11,4.88915e+11
 2.676,4.91296e+11,4.91410e+11,4.91530e+11,4.91645e+11,4.91728e+11,4.91602e+11,4.91450e+11,4.91289e+11,4.91137e+11
 2.623,5.06961e+11,5.07080e+11,5.07205e+11,5.07323e+11,5.07411e+11,5.07282e+11,5.07126e+11,5.06961e+11,5.06805e+11
 2.574,5.24339e+11,5.24463e+11,5.24593e+11,5.24717e+11,5.24809e+11,5.24676e+11,5.24516e+11,5.24347e+11,5.24186e+11
 2.527,5.33955e+11,5.34081e+11,5.34213e+11,5.34339e+11,5.34433e+11,5.34297e+11,5.34133e+11,5.33961e+11,5.33796e+11
 2.482,5.30354e+11,5.30478e+11,5.30607e+11,5.30730e+11,5.30821e+11,5.30683e+11,5.30517e+11,5.30342e+11,5.30176e+11
 2.437,5.24752e+11,5.24871e+11,5.24996e+11,5.25114e+11,5.25200e+11,5.25060e+11,5.24891e+11,5.24714e+11,5.24546e+11
 2.394,5.06265e+11,5.06374e+11,5.06489e+11,5.06598e+11,5.06675e+11,5.06534e+11,5.06367e+11,5.06192e+11,5.06025e+11
 2.354,4.85733e+11,4.85832e+11,4.85936e+11,4.86035e+11,4.86103e+11,4.85963e+11,4.85800e+11,4.85627e+11,4.85464e+11
 2.314,4.75998e+11,4.76091e+11,4.76189e+11,4.76282e+11,4.76344e+11,4.76205e+11,4.76043e+11,4.75872e+11,4.75709e+11
 2.276,4.51852e+11,4.51935e+11,4.52022e+11,4.52105e+11,4.52159e+11,4.52022e+11,4.51865e+11,4.51699e+11,4.51541e+11
 2.240,4.61605e+11,4.61691e+11,4.61783e+11,4.61870e+11,4.61927e+11,4.61788e+11,4.61627e+11,4.61457e+11,4.61296e+11
 2.209,4.81065e+11,4.81160e+11,4.81261e+11,4.81356e+11,4.81420e+11,4.81278e+11,4.81111e+11,4.80936e+11,4.80770e+11
 2.183,4.94908e+11,4.95010e+11,4.95117e+11,4.95219e+11,4.95289e+11,4.95144e+11,4.94974e+11,4.94795e+11,4.94625e+11
 2.163,5.03465e+11,5.03571e+11,5.03682e+11,5.03788e+11,5.03861e+11,5.03714e+11,5.03542e+11,5.03361e+11,5.03189e+11
 2.148,5.13287e+11,5.13397e+11,5.13513e+11,5.13624e+11,5.13701e+11,5.13553e+11,5.13379e+11,5.13196e+11,5.13021e+11
 2.137,5.19001e+11,5.19114e+11,5.19234e+11,5.19347e+11,5.19426e+11,5.19277e+11,5.19102e+11,5.18917e+11,5.18741e+11
 2.129,5.24083e+11,5.24198e+11,5.24320e+11,5.24435e+11,5.24517e+11,5.24368e+11,5.24191e+11,5.24005e+11,5.23828e+11
 2.114,5.25985e+11,5.26101e+11,5.26224e+11,5.26340e+11,5.26422e+11,5.26272e+11,5.26095e+11,5.25908e+11,5.25731e+11
 2.091,5.35239e+11,5.35359e+11,5.35486e+11,5.35607e+11,5.35692e+11,5.35541e+11,5.35362e+11,5.35173e+11,5.34993e+11
 2.070,5.40000e+11,5.40122e+11,5.40251e+11,5.40373e+11,5.40460e+11,5.40308e+11,5.40128e+11,5.39938e+11,5.39757e+11
 2.050,5.41632e+11,5.41754e+11,5.41884e+11,5.42006e+11,5.42094e+11,5.41942e+11,5.41761e+11,5.41570e+11,5.41389e+11
 2.030,5.44176e+11,5.44300e+11,5.44430e+11,5.44554e+11,5.44642e+11,5.44489e+11,5.44307e+11,5.44116e+11,5.43934e+11
 2.010,5.45752e+11,5.45876e+11,5.46007e+11,5.46131e+11,5.46219e+11,5.46066e+11,5.45883e+11,5.45691e+11,5.45508e+11
 1.982,5.41208e+11,5.41330e+11,5.41458e+11,5.41579e+11,5.41666e+11,5.41512e+11,5.41329e+11,5.41136e+11,5.40953e+11
 1.947,5.42973e+11,5.43095e+11,5.43224e+11,5.43346e+11,5.43433e+11,5.43277e+11,5.43092e+11,5.42898e+11,5.42713e+11
 1.916,5.50881e+11,5.51007e+11,5.51139e+11,5.51265e+11,5.51354e+11,5.51197e+11,5.51010e+11,5.50813e+11,5.50626e+11
 1.889,5.55979e+11,5.56106e+11,5.56240e+11,5.56368e+11,5.56459e+11,5.56300e+11,5.56112e+11,5.55914e+11,5.55726e+11
 1.863,5.67158e+11,5.67290e+11,5.67428e+11,5.67560e+11,5.67655e+11,5.67495e+11,5.67305e+11,5.67104e+11,5.66914e+11
 1.837,5.56614e+11,5.56740e+11,5.56874e+11,5.57001e+11,5.57091e+11,5.56931e+11,5.56741e+11,5.56542e+11,5.56352e+11
 1.812,5.51019e+11,5.51143e+11,5.51273e+11,5.51397e+11,5.51485e+11,5.51325e+11,5.51135e+11,5.50935e+11,5.50746e+11
 1.788,5.40795e+11,5.40914e+11,5.41039e+11,5.41158e+11,5.41241e+11,5.41081e+11,5.40893e+11,5.40694e+11,5.40506e+11
 1.766,5.24498e+11,5.24609e+11,5.24727e+11,5.24838e+11,5.24914e+11,5.24756e+11,5.24570e+11,5.24375e+11,5.24190e+11
 1.740,4.99696e+11,4.99796e+11,4.99901e+11,5.00001e+11,5.00067e+11,4.99912e+11,4.99731e+11,4.99541e+11,4.99361e+11
 1.713,4.80049e+11,4.80139e+11,4.80234e+11,4.80325e+11,4.80382e+11,4.80230e+11,4.80054e+11,4.79869e+11,4.79693e+11
 1.692,4.64598e+11,4.64680e+11,4.64767e+11,4.64849e+11,4.64900e+11,4.64750e+11,4.64578e+11,4.64398e+11,4.64226e+11
 1.675,4.61378e+11,4.61459e+11,4.61544e+11,4.61625e+11,4.61674e+11,4.61525e+11,4.61354e+11,4.61174e+11,4.61003e+11
 1.660,4.68822e+11,4.68907e+11,4.68996e+11,4.69081e+11,4.69134e+11,4.68982e+11,4.68808e+11,4.68625e+11,4.68451e+11
 1.646,4.80274e+11,4.80365e+11,4.80460e+11,4.80551e+11,4.80608e+11,4.80454e+11,4.80276e+11,4.80089e+11,4.79911e+11
 1.627,4.91319e+11,4.91415e+11,4.91517e+11,4.91613e+11,4.91676e+11,4.91520e+11,4.91338e+11,4.91148e+11,4.90966e+11
 1.604,5.00472e+11,5.00575e+11,5.00682e+11,5.00784e+11,5.00852e+11,5.00694e+11,5.00510e+11,5.00317e+11,5.00133e+11
 1.584,5.04801e+11,5.04907e+11,5.05019e+11,5.05124e+11,5.05195e+11,5.05037e+11,5.04852e+11,5.04657e+11,5.04472e+11
 1.567,5.07482e+11,5.07590e+11,5.07704e+11,5.07812e+11,5.07886e+11,5.07727e+11,5.07542e+11,5.07346e+11,5.07161e+11
 1.552,5.11263e+11,5.11374e+11,5.11491e+11,5.11602e+11,5.11678e+11,5.11519e+11,5.11333e+11,5.11137e+11,5.10950e+11
 1.538,5.13614e+11,5.13727e+11,5.13846e+11,5.13959e+11,5.14037e+11,5.13878e+11,5.13691e+11,5.13495e+11,5.13308e+11
 1.523,5.15207e+11,5.15321e+11,5.15442e+11,5.15556e+11,5.15635e+11,5.15476e+11,5.15289e+11,5.15092e+11,5.14906e+11
 1.506,5.17187e+11,5.17303e+11,5.17425e+11,5.17541e+11,5.17622e+11,5.17463e+11,5.17276e+11,5.17079e+11,5.16892e+11
 1.488,5.23383e+11,5.23503e+11,5.23629e+11,5.23749e+11,5.23832e+11,5.23673e+11,5.23485e+11,5.23287e+11,5.23099e+11
 1.471,5.23095e+11,5.23215e+11,5.23341e+11,5.23461e+11,5.23546e+11,5.23386e+11,5.23199e+11,5.23001e+11,5.22813e+11
 1.452,5.13517e+11,5.13634e+11,5.13757e+11,5.13874e+11,5.13955e+11,5.13797e+11,5.13612e+11,5.13417e+11,5.13231e+11
 1.434,5.11766e+11,5.11883e+11,5.12006e+11,5.12123e+11,5.12205e+11,5.12049e+11,5.11864e+11,5.11670e+11,5.11486e+11
 1.416,5.06217e+11,5.06333e+11,5.06454e+11,5.06569e+11,5.06650e+11,5.06494e+11,5.06311e+11,5.06119e+11,5.05935e+11
 1.400,4.88414e+11,4.88522e+11,4.88636e+11,4.88744e+11,4.88818e+11,4.88665e+11,4.88486e+11,4.88297e+11,4.88118e+11
 1.386,4.73661e+11,4.73764e+11,4.73872e+11,4.73975e+11,4.74044e+11,4.73894e+11,4.73718e+11,4.73533e+11,4.73357e+11
 1.374,4.66371e+11,4.66472e+11,4.66578e+11,4.66679e+11,4.66747e+11,4.66598e+11,4.66424e+11,4.66241e+11,4.66067e+11
 1.358,4.60330e+11,4.60429e+11,4.60532e+11,4.60631e+11,4.60697e+11,4.60550e+11,4.60378e+11,4.60198e+11,4.60026e+11
 1.339,4.34743e+11,4.34831e+11,4.34924e+11,4.35012e+11,4.35070e+11,4.34928e+11,4.34764e+11,4.34591e+11,4.34427e+11
 1.318,3.43117e+11,3.43168e+11,3.43222e+11,3.43274e+11,3.43301e+11,3.43181e+11,3.43045e+11,3.42902e+11,3.42767e+11
 1.296,3.38300e+11,3.38351e+11,3.38404e+11,3.38454e+11,3.38481e+11,3.38363e+11,3.38230e+11,3.38090e+11,3.37958e+11
 1.276,3.42214e+11,3.42267e+11,3.42323e+11,3.42377e+11,3.42406e+11,3.42288e+11,3.42154e+11,3.42014e+11,3.41880e+11
 1.259,3.50728e+11,3.50786e+11,3.50846e+11,3.50903e+11,3.50936e+11,3.50814e+11,3.50676e+11,3.50531e+11,3.50393e+11
 1.241,3.32950e+11,3.33002e+11,3.33057e+11,3.33109e+11,3.33137e+11,3.33020e+11,3.32887e+11,3.32748e+11,3.32615e+11
 1.224,3.09999e+11,3.10045e+11,3.10093e+11,3.10139e+11,3.10162e+11,3.10050e+11,3.09925e+11,3.09793e+11,3.09667e+11
 1.206,3.22184e+11,3.22236e+11,3.22291e+11,3.22343e+11,3.22372e+11,3.22256e+11,3.22125e+11,3.21987e+11,3.21856e+11
 1.189,3.19552e+11,3.19606e+11,3.19662e+11,3.19716e+11,3.19746e+11,3.19630e+11,3.19499e+11,3.19362e+11,3.19231e+11
 1.169,3.17053e+11,3.17107e+11,3.17163e+11,3.17216e+11,3.17246e+11,3.17132e+11,3.17002e+11,3.16866e+11,3.16737e+11
 1.148,3.23799e+11,3.23855e+11,3.23915e+11,3.23971e+11,3.24004e+11,3.23889e+11,3.23758e+11,3.23621e+11,3.23490e+11
 1.126,3.17372e+11,3.17430e+11,3.17490e+11,3.17547e+11,3.17582e+11,3.17470e+11,3.17342e+11,3.17208e+11,3.17081e+11
 1.102,2.99686e+11,2.99739e+11,2.99794e+11,2.99847e+11,2.99878e+11,2.99772e+11,2.99651e+11,2.99524e+11,2.99403e+11
 1.080,2.58439e+11,2.58478e+11,2.58520e+11,2.58559e+11,2.58580e+11,2.58485e+11,2.58378e+11,2.58266e+11,2.58159e+11
 1.061,2.76210e+11,2.76258e+11,2.76310e+11,2.76358e+11,2.76386e+11,2.76286e+11,2.76172e+11,2.76052e+11,2.75938e+11
 1.040,2.96060e+11,2.96116e+11,2.96175e+11,2.96232e+11,2.96266e+11,2.96162e+11,2.96043e+11,2.95917e+11,2.95798e+11
 1.016,3.06186e+11,3.06248e+11,3.06314e+11,3.06376e+11,3.06416e+11,3.06310e+11,3.06189e+11,3.06060e+11,3.05939e+11
 0.996,3.03464e+11,3.03527e+11,3.03594e+11,3.03657e+11,3.03699e+11,3.03594e+11,3.03474e+11,3.03347e+11,3.03227e+11
 0.980,2.77563e+11,2.77620e+11,2.77680e+11,2.77737e+11,2.77773e+11,2.77676e+11,2.77565e+11,2.77447e+11,2.77335e+11
 0.963,2.58111e+11,2.58163e+11,2.58217e+11,2.58269e+11,2.58302e+11,2.58210e+11,2.58104e+11,2.57992e+11,2.57887e+11
 0.944,2.85844e+11,2.85909e+11,2.85977e+11,2.86042e+11,2.86085e+11,2.85989e+11,2.85877e+11,2.85759e+11,2.85647e+11
 0.931,2.89869e+11,2.89937e+11,2.90009e+11,2.90077e+11,2.90124e+11,2.90028e+11,2.89916e+11,2.89798e+11,2.89686e+11
 0.919,2.47637e+11,2.47689e+11,2.47744e+11,2.47796e+11,2.47829e+11,2.47743e+11,2.47644e+11,2.47539e+11,2.47440e+11
 0.904,2.67461e+11,2.67521e+11,2.67586e+11,2.67647e+11,2.67688e+11,2.67598e+11,2.67494e+11,2.67383e+11,2.67279e+11
 0.891,2.84194e+11,2.84262e+11,2.84335e+11,2.84403e+11,2.84451e+11,2.84361e+11,2.84253e+11,2.84140e+11,2.84033e+11
 0.877,2.41978e+11,2.42033e+11,2.42090e+11,2.42145e+11,2.42181e+11,2.42098e+11,2.42002e+11,2.41900e+11,2.41803e+11
 0.865,2.64692e+11,2.64757e+11,2.64826e+11,2.64891e+11,2.64936e+11,2.64851e+11,2.64750e+11,2.64643e+11,2.64542e+11
 0.852,2.86577e+11,2.86652e+11,2.86730e+11,2.86804e+11,2.86858e+11,2.86771e+11,2.86666e+11,2.86556e+11,2.86452e+11
 0.834,2.33232e+11,2.33288e+11,2.33347e+11,2.33404e+11,2.33443e+11,2.33367e+11,2.33277e+11,2.33183e+11,2.33093e+11
 0.822,2.15637e+11,2.15687e+11,2.15740e+11,2.15791e+11,2.15825e+11,2.15753e+11,2.15669e+11,2.15580e+11,2.15495e+11
 0.810,2.08996e+11,2.09045e+11,2.09097e+11,2.09147e+11,2.09181e+11,2.09110e+11,2.09028e+11,2.08942e+11,2.08860e+11
 0.792,2.43739e+11,2.43803e+11,2.43870e+11,2.43934e+11,2.43980e+11,2.43906e+11,2.43817e+11,2.43722e+11,2.43633e+11
 0.777,2.53490e+11,2.53558e+11,2.53630e+11,2.53697e+11,2.53747e+11,2.53673e+11,2.53583e+11,2.53489e+11,2.53399e+11
 0.765,2.22112e+11,2.22170e+11,2.22231e+11,2.22289e+11,2.22331e+11,2.22264e+11,2.22184e+11,2.22099e+11,2.22019e+11
 0.752,1.61783e+11,1.61820e+11,1.61860e+11,1.61898e+11,1.61924e+11,1.61868e+11,1.61804e+11,1.61736e+11,1.61671e+11
 0.739,1.77346e+11,1.77391e+11,1.77438e+11,1.77482e+11,1.77514e+11,1.77456e+11,1.77388e+11,1.77316e+11,1.77248e+11
 0.729,2.11507e+11,2.11564e+11,2.11624e+11,2.11681e+11,2.11723e+11,2.11660e+11,2.11585e+11,2.11506e+11,2.11430e+11
 0.714,2.28081e+11,2.28143e+11,2.28208e+11,2.28270e+11,2.28316e+11,2.28253e+11,2.28177e+11,2.28096e+11,2.28019e+11
 0.697,1.91733e+11,1.91785e+11,1.91840e+11,1.91892e+11,1.91930e+11,1.91874e+11,1.91806e+11,1.91734e+11,1.91666e+11
 0.677,2.03380e+11,2.03436e+11,2.03494e+11,2.03550e+11,2.03592e+11,2.03537e+11,2.03468e+11,2.03396e+11,2.03328e+11
 0.657,1.57217e+11,1.57260e+11,1.57306e+11,1.57349e+11,1.57381e+11,1.57335e+11,1.57280e+11,1.57221e+11,1.57166e+11
 0.642,1.47708e+11,1.47749e+11,1.47791e+11,1.47832e+11,1.47863e+11,1.47820e+11,1.47768e+11,1.47713e+11,1.47661e+11
 0.628,1.47081e+11,1.47121e+11,1.47164e+11,1.47205e+11,1.47236e+11,1.47194e+11,1.47144e+11,1.47091e+11,1.47041e+11
 0.617,1.26915e+11,1.26950e+11,1.26987e+11,1.27022e+11,1.27048e+11,1.27011e+11,1.26967e+11,1.26920e+11,1.26876e+11
 0.604,1.15908e+11,1.15941e+11,1.15975e+11,1.16007e+11,1.16031e+11,1.15997e+11,1.15956e+11,1.15913e+11,1.15872e+11
 0.591,1.14771e+11,1.14803e+11,1.14836e+11,1.14868e+11,1.14892e+11,1.14860e+11,1.14821e+11,1.14779e+11,1.14740e+11
 0.578,9.15198e+10,9.15452e+10,9.15720e+10,9.15974e+10,9.16163e+10,9.15890e+10,9.15561e+10,9.15214e+10,9.14884e+10
 0.565,8.88179e+10,8.88427e+10,8.88687e+10,8.88935e+10,8.89120e+10,8.88862e+10,8.88549e+10,8.88219e+10,8.87906e+10
 0.552,7.57314e+10,7.57525e+10,7.57746e+10,7.57956e+10,7.58113e+10,7.57888e+10,7.57616e+10,7.57330e+10,7.57058e+10
 0.537,5.82908e+10,5.83068e+10,5.83237e+10,5.83397e+10,5.83514e+10,5.83334e+10,5.83117e+10,5.82888e+10,5.82671e+10
 0.523,5.53890e+10,5.54042e+10,5.54201e+10,5.54353e+10,5.54465e+10,5.54299e+10,5.54099e+10,5.53888e+10,5.53688e+10
 0.506,4.94197e+10,4.94334e+10,4.94477e+10,4.94613e+10,4.94714e+10,4.94566e+10,4.94387e+10,4.94199e+10,4.94020e+10
 0.485,3.51406e+10,3.51503e+10,3.51605e+10,3.51702e+10,3.51773e+10,3.51667e+10,3.51538e+10,3.51403e+10,3.51274e+10
 0.465,2.49380e+10,2.49448e+10,2.49521e+10,2.49589e+10,2.49639e+10,2.49563e+10,2.49470e+10,2.49373e+10,2.49280e+10
 0.445,1.57831e+10,1.57873e+10,1.57917e+10,1.57960e+10,1.57990e+10,1.57940e+10,1.57880e+10,1.57817e+10,1.57757e+10
 0.426,9.02777e+09,9.03006e+09,9.03248e+09,9.03478e+09,9.03642e+09,9.03360e+09,9.03024e+09,9.02671e+09,9.02336e+09
 0.408,6.81191e+09,6.81380e+09,6.81579e+09,6.81768e+09,6.81918e+09,6.81777e+09,6.81597e+09,6.81407e+09,6.81226e+09
 0.387,1.16162e+10,1.16201e+10,1.16242e+10,1.16281e+10,1.16315e+10,1.16301e+10,1.16279e+10,1.16256e+10,1.16235e+10
 0.362,1.09416e+10,1.09454e+10,1.09495e+10,1.09533e+10,1.09566e+10,1.09553e+10,1.09533e+10,1.09512e+10,1.09492e+10
 0.337,4.43466e+09,4.43625e+09,4.43792e+09,4.43951e+09,4.44090e+09,4.44044e+09,4.43969e+09,4.43890e+09,4.43815e+09
 0.312,2.16905e+09,2.16983e+09,2.17066e+09,2.17145e+09,2.17213e+09,2.17191e+09,2.17154e+09,2.17116e+09,2.17079e+09
 0.287,9.87732e+08,9.88017e+08,9.88316e+08,9.88601e+08,9.88824e+08,9.88592e+08,9.88300e+08,9.87993e+08,9.87701e+08
 0.268,5.01826e+08,5.01959e+08,5.02099e+08,5.02231e+08,5.02331e+08,5.02198e+08,5.02035e+08,5.01863e+08,5.01701e+08
