#Lambda(microns),,Phi=0.1050,Phi=0.2000,Phi=0.3000,Phi=0.3950,Phi=0.5000,Phi=0.6050,Phi=0.7000,Phi=0.8000,Phi=0.8950
227.531,2.13079e+08,2.13299e+08,2.13531e+08,2.13751e+08,2.13925e+08,2.13749e+08,2.13527e+08,2.13293e+08,2.13071e+08
138.793,5.46699e+08,5.47257e+08,5.47844e+08,5.48401e+08,5.48841e+08,5.48396e+08,5.47833e+08,5.47241e+08,5.46678e+08
97.752,1.07149e+09,1.07255e+09,1.07368e+09,1.07474e+09,1.07559e+09,1.07473e+09,1.07365e+09,1.07252e+09,1.07144e+09
73.692,1.85451e+09,1.85633e+09,1.85824e+09,1.86005e+09,1.86148e+09,1.86003e+09,1.85820e+09,1.85627e+09,1.85444e+09
53.879,3.43461e+09,3.43794e+09,3.44145e+09,3.44478e+09,3.44741e+09,3.44475e+09,3.44139e+09,3.43785e+09,3.43449e+09
42.212,5.49761e+09,5.50292e+09,5.50851e+09,5.51381e+09,5.51800e+09,5.51377e+09,5.50842e+09,5.50279e+09,5.49744e+09
35.753,7.62983e+09,7.63720e+09,7.64496e+09,7.65233e+09,7.65814e+09,7.65227e+09,7.64485e+09,7.63703e+09,7.62961e+09
29.700,1.08897e+10,1.09004e+10,1.09116e+10,1.09223e+10,1.09308e+10,1.09222e+10,1.09115e+10,1.09001e+10,1.08893e+10
24.839,1.52644e+10,1.52796e+10,1.52956e+10,1.53108e+10,1.53228e+10,1.53107e+10,1.52954e+10,1.52793e+10,1.52639e+10
21.395,2.02953e+10,2.03157e+10,2.03371e+10,2.03575e+10,2.03736e+10,2.03573e+10,2.03368e+10,2.03152e+10,2.02946e+10
19.382,2.53346e+10,2.53615e+10,2.53898e+10,2.54168e+10,2.54380e+10,2.54166e+10,2.53894e+10,2.53609e+10,2.53338e+10
18.180,2.85241e+10,2.85543e+10,2.85861e+10,2.86163e+10,2.86401e+10,2.86161e+10,2.85856e+10,2.85536e+10,2.85232e+10
16.978,3.23371e+10,3.23714e+10,3.24075e+10,3.24418e+10,3.24688e+10,3.24415e+10,3.24070e+10,3.23706e+10,3.23361e+10
15.777,3.69560e+10,3.69953e+10,3.70367e+10,3.70761e+10,3.71071e+10,3.70757e+10,3.70361e+10,3.69944e+10,3.69547e+10
14.575,4.26685e+10,4.27143e+10,4.27625e+10,4.28082e+10,4.28443e+10,4.28079e+10,4.27617e+10,4.27132e+10,4.26671e+10
13.588,4.83829e+10,4.84352e+10,4.84902e+10,4.85425e+10,4.85837e+10,4.85420e+10,4.84894e+10,4.84339e+10,4.83812e+10
12.787,5.38947e+10,5.39534e+10,5.40153e+10,5.40740e+10,5.41203e+10,5.40735e+10,5.40143e+10,5.39519e+10,5.38927e+10
11.986,6.04563e+10,6.05230e+10,6.05932e+10,6.06599e+10,6.07125e+10,6.06593e+10,6.05920e+10,6.05212e+10,6.04539e+10
11.292,6.70438e+10,6.71186e+10,6.71973e+10,6.72721e+10,6.73311e+10,6.72714e+10,6.71959e+10,6.71165e+10,6.70410e+10
10.692,7.35778e+10,7.36612e+10,7.37491e+10,7.38325e+10,7.38983e+10,7.38316e+10,7.37474e+10,7.36588e+10,7.35746e+10
10.091,8.11949e+10,8.12881e+10,8.13863e+10,8.14795e+10,8.15530e+10,8.14785e+10,8.13844e+10,8.12853e+10,8.11912e+10
 9.648,8.77567e+10,8.78577e+10,8.79641e+10,8.80652e+10,8.81449e+10,8.80642e+10,8.79621e+10,8.78547e+10,8.77527e+10
 9.348,9.28745e+10,9.29813e+10,9.30937e+10,9.32005e+10,9.32847e+10,9.31994e+10,9.30917e+10,9.29783e+10,9.28705e+10
 8.995,9.94122e+10,9.95264e+10,9.96466e+10,9.97608e+10,9.98508e+10,9.97597e+10,9.96445e+10,9.95233e+10,9.94081e+10
 8.673,1.06220e+11,1.06342e+11,1.06469e+11,1.06591e+11,1.06686e+11,1.06590e+11,1.06467e+11,1.06338e+11,1.06216e+11
 8.345,1.13462e+11,1.13592e+11,1.13728e+11,1.13858e+11,1.13960e+11,1.13857e+11,1.13726e+11,1.13589e+11,1.13458e+11
 8.074,1.19998e+11,1.20136e+11,1.20281e+11,1.20419e+11,1.20528e+11,1.20418e+11,1.20279e+11,1.20132e+11,1.19993e+11
 7.904,1.24085e+11,1.24228e+11,1.24379e+11,1.24523e+11,1.24636e+11,1.24521e+11,1.24377e+11,1.24225e+11,1.24080e+11
 7.714,1.28591e+11,1.28740e+11,1.28898e+11,1.29047e+11,1.29165e+11,1.29046e+11,1.28895e+11,1.28736e+11,1.28586e+11
 7.498,1.33425e+11,1.33582e+11,1.33746e+11,1.33903e+11,1.34026e+11,1.33901e+11,1.33744e+11,1.33577e+11,1.33420e+11
 7.284,1.40032e+11,1.40196e+11,1.40370e+11,1.40534e+11,1.40664e+11,1.40533e+11,1.40367e+11,1.40192e+11,1.40026e+11
 7.094,1.46417e+11,1.46589e+11,1.46771e+11,1.46944e+11,1.47080e+11,1.46942e+11,1.46768e+11,1.46585e+11,1.46411e+11
 6.873,1.54401e+11,1.54583e+11,1.54775e+11,1.54958e+11,1.55102e+11,1.54956e+11,1.54772e+11,1.54579e+11,1.54395e+11
 6.664,1.62011e+11,1.62203e+11,1.62406e+11,1.62598e+11,1.62750e+11,1.62596e+11,1.62403e+11,1.62199e+11,1.62005e+11
 6.515,1.66286e+11,1.66486e+11,1.66696e+11,1.66896e+11,1.67054e+11,1.66894e+11,1.66693e+11,1.66480e+11,1.66278e+11
 6.297,1.72629e+11,1.72842e+11,1.73065e+11,1.73277e+11,1.73444e+11,1.73274e+11,1.73059e+11,1.72833e+11,1.72618e+11
 6.064,1.83899e+11,1.84126e+11,1.84366e+11,1.84593e+11,1.84772e+11,1.84590e+11,1.84360e+11,1.84118e+11,1.83888e+11
 5.899,1.93092e+11,1.93331e+11,1.93583e+11,1.93822e+11,1.94011e+11,1.93819e+11,1.93578e+11,1.93323e+11,1.93081e+11
 5.759,2.01126e+11,2.01376e+11,2.01639e+11,2.01889e+11,2.02086e+11,2.01886e+11,2.01634e+11,2.01368e+11,2.01115e+11
 5.572,2.12976e+11,2.13242e+11,2.13523e+11,2.13790e+11,2.14000e+11,2.13787e+11,2.13517e+11,2.13234e+11,2.12964e+11
 5.379,2.25364e+11,2.25649e+11,2.25949e+11,2.26235e+11,2.26459e+11,2.26231e+11,2.25943e+11,2.25640e+11,2.25352e+11
 5.265,2.33187e+11,2.33485e+11,2.33799e+11,2.34097e+11,2.34332e+11,2.34093e+11,2.33792e+11,2.33475e+11,2.33174e+11
 5.149,2.41866e+11,2.42178e+11,2.42506e+11,2.42817e+11,2.43063e+11,2.42814e+11,2.42499e+11,2.42168e+11,2.41853e+11
 5.000,2.52821e+11,2.53150e+11,2.53496e+11,2.53825e+11,2.54084e+11,2.53821e+11,2.53489e+11,2.53139e+11,2.52807e+11
 4.882,2.61496e+11,2.61838e+11,2.62198e+11,2.62539e+11,2.62809e+11,2.62535e+11,2.62190e+11,2.61826e+11,2.61480e+11
 4.827,2.65133e+11,2.65478e+11,2.65840e+11,2.66184e+11,2.66456e+11,2.66180e+11,2.65832e+11,2.65465e+11,2.65117e+11
 4.796,2.68744e+11,2.69095e+11,2.69464e+11,2.69815e+11,2.70091e+11,2.69810e+11,2.69456e+11,2.69082e+11,2.68728e+11
 4.750,2.72115e+11,2.72468e+11,2.72840e+11,2.73194e+11,2.73472e+11,2.73189e+11,2.72832e+11,2.72456e+11,2.72098e+11
 4.700,2.76444e+11,2.76798e+11,2.77170e+11,2.77523e+11,2.77801e+11,2.77518e+11,2.77161e+11,2.76785e+11,2.76427e+11
 4.662,2.79989e+11,2.80352e+11,2.80734e+11,2.81097e+11,2.81382e+11,2.81092e+11,2.80725e+11,2.80339e+11,2.79972e+11
 4.605,2.85347e+11,2.85717e+11,2.86106e+11,2.86475e+11,2.86766e+11,2.86470e+11,2.86097e+11,2.85704e+11,2.85330e+11
 4.504,2.93538e+11,2.93928e+11,2.94338e+11,2.94728e+11,2.95035e+11,2.94723e+11,2.94329e+11,2.93914e+11,2.93520e+11
 4.395,2.98958e+11,2.99366e+11,2.99796e+11,3.00204e+11,3.00525e+11,3.00198e+11,2.99786e+11,2.99351e+11,2.98938e+11
 4.301,2.98136e+11,2.98537e+11,2.98959e+11,2.99360e+11,2.99675e+11,2.99353e+11,2.98946e+11,2.98518e+11,2.98112e+11
 4.202,3.02663e+11,3.03069e+11,3.03496e+11,3.03902e+11,3.04222e+11,3.03894e+11,3.03481e+11,3.03046e+11,3.02633e+11
 4.074,3.12285e+11,3.12700e+11,3.13138e+11,3.13554e+11,3.13881e+11,3.13544e+11,3.13119e+11,3.12672e+11,3.12247e+11
 3.949,3.20026e+11,3.20446e+11,3.20888e+11,3.21308e+11,3.21638e+11,3.21295e+11,3.20863e+11,3.20409e+11,3.19977e+11
 3.849,3.30648e+11,3.31086e+11,3.31547e+11,3.31985e+11,3.32329e+11,3.31972e+11,3.31522e+11,3.31048e+11,3.30598e+11
 3.749,3.44132e+11,3.44597e+11,3.45088e+11,3.45553e+11,3.45919e+11,3.45541e+11,3.45064e+11,3.44562e+11,3.44086e+11
 3.662,3.57464e+11,3.57959e+11,3.58479e+11,3.58973e+11,3.59362e+11,3.58963e+11,3.58458e+11,3.57928e+11,3.57424e+11
 3.587,3.68965e+11,3.69483e+11,3.70027e+11,3.70545e+11,3.70952e+11,3.70535e+11,3.70008e+11,3.69454e+11,3.68927e+11
 3.513,3.80966e+11,3.81507e+11,3.82076e+11,3.82618e+11,3.83044e+11,3.82608e+11,3.82059e+11,3.81480e+11,3.80930e+11
 3.438,3.93998e+11,3.94565e+11,3.95162e+11,3.95729e+11,3.96175e+11,3.95720e+11,3.95145e+11,3.94540e+11,3.93965e+11
 3.363,4.07664e+11,4.08257e+11,4.08882e+11,4.09475e+11,4.09942e+11,4.09467e+11,4.08866e+11,4.08234e+11,4.07634e+11
 3.308,4.18824e+11,4.19437e+11,4.20082e+11,4.20694e+11,4.21177e+11,4.20687e+11,4.20067e+11,4.19415e+11,4.18795e+11
 3.269,4.26003e+11,4.26626e+11,4.27282e+11,4.27905e+11,4.28396e+11,4.27897e+11,4.27268e+11,4.26605e+11,4.25975e+11
 3.231,4.34134e+11,4.34770e+11,4.35439e+11,4.36074e+11,4.36575e+11,4.36067e+11,4.35425e+11,4.34750e+11,4.34108e+11
 3.193,4.41259e+11,4.41903e+11,4.42582e+11,4.43227e+11,4.43735e+11,4.43220e+11,4.42569e+11,4.41884e+11,4.41233e+11
 3.156,4.48239e+11,4.48894e+11,4.49584e+11,4.50239e+11,4.50756e+11,4.50233e+11,4.49571e+11,4.48875e+11,4.48214e+11
 3.118,4.55145e+11,4.55809e+11,4.56509e+11,4.57173e+11,4.57697e+11,4.57167e+11,4.56496e+11,4.55791e+11,4.55120e+11
 3.085,4.61841e+11,4.62512e+11,4.63219e+11,4.63891e+11,4.64420e+11,4.63884e+11,4.63207e+11,4.62494e+11,4.61816e+11
 3.055,4.66371e+11,4.67051e+11,4.67766e+11,4.68446e+11,4.68982e+11,4.68440e+11,4.67754e+11,4.67032e+11,4.66346e+11
 3.014,4.73522e+11,4.74213e+11,4.74941e+11,4.75632e+11,4.76177e+11,4.75626e+11,4.74929e+11,4.74195e+11,4.73498e+11
 2.965,4.82590e+11,4.83295e+11,4.84037e+11,4.84742e+11,4.85297e+11,4.84735e+11,4.84025e+11,4.83277e+11,4.82566e+11
 2.909,4.90025e+11,4.90745e+11,4.91503e+11,4.92223e+11,4.92790e+11,4.92216e+11,4.91490e+11,4.90726e+11,4.90000e+11
 2.847,5.00908e+11,5.01648e+11,5.02427e+11,5.03168e+11,5.03751e+11,5.03161e+11,5.02414e+11,5.01628e+11,5.00882e+11
 2.787,5.08727e+11,5.09484e+11,5.10280e+11,5.11037e+11,5.11633e+11,5.11030e+11,5.10266e+11,5.09462e+11,5.08699e+11
 2.730,5.15379e+11,5.16149e+11,5.16958e+11,5.17728e+11,5.18334e+11,5.17719e+11,5.16942e+11,5.16125e+11,5.15348e+11
 2.676,5.20743e+11,5.21536e+11,5.22370e+11,5.23162e+11,5.23787e+11,5.23153e+11,5.22352e+11,5.21509e+11,5.20708e+11
 2.623,5.35146e+11,5.35968e+11,5.36832e+11,5.37654e+11,5.38301e+11,5.37645e+11,5.36815e+11,5.35941e+11,5.35111e+11
 2.574,5.51013e+11,5.51861e+11,5.52754e+11,5.53602e+11,5.54270e+11,5.53593e+11,5.52737e+11,5.51836e+11,5.50979e+11
 2.527,5.61601e+11,5.62469e+11,5.63383e+11,5.64251e+11,5.64934e+11,5.64241e+11,5.63365e+11,5.62442e+11,5.61566e+11
 2.482,5.63244e+11,5.64119e+11,5.65040e+11,5.65914e+11,5.66604e+11,5.65903e+11,5.65018e+11,5.64087e+11,5.63201e+11
 2.437,5.65372e+11,5.66261e+11,5.67196e+11,5.68084e+11,5.68784e+11,5.68070e+11,5.67169e+11,5.66220e+11,5.65319e+11
 2.394,5.59041e+11,5.59912e+11,5.60829e+11,5.61700e+11,5.62384e+11,5.61681e+11,5.60793e+11,5.59858e+11,5.58970e+11
 2.354,5.50320e+11,5.51163e+11,5.52050e+11,5.52893e+11,5.53555e+11,5.52870e+11,5.52006e+11,5.51096e+11,5.50232e+11
 2.314,5.48662e+11,5.49494e+11,5.50371e+11,5.51204e+11,5.51857e+11,5.51177e+11,5.50320e+11,5.49418e+11,5.48561e+11
 2.276,5.35154e+11,5.35965e+11,5.36819e+11,5.37631e+11,5.38267e+11,5.37599e+11,5.36760e+11,5.35876e+11,5.35036e+11
 2.240,5.41274e+11,5.42102e+11,5.42975e+11,5.43803e+11,5.44453e+11,5.43774e+11,5.42918e+11,5.42018e+11,5.41162e+11
 2.209,5.52503e+11,5.53360e+11,5.54263e+11,5.55121e+11,5.55794e+11,5.55094e+11,5.54213e+11,5.53285e+11,5.52404e+11
 2.183,5.61150e+11,5.62031e+11,5.62959e+11,5.63840e+11,5.64532e+11,5.63816e+11,5.62913e+11,5.61963e+11,5.61060e+11
 2.163,5.67004e+11,5.67901e+11,5.68845e+11,5.69742e+11,5.70447e+11,5.69719e+11,5.68802e+11,5.67836e+11,5.66919e+11
 2.148,5.73137e+11,5.74051e+11,5.75014e+11,5.75929e+11,5.76648e+11,5.75908e+11,5.74974e+11,5.73992e+11,5.73058e+11
 2.137,5.77011e+11,5.77936e+11,5.78909e+11,5.79834e+11,5.80562e+11,5.79814e+11,5.78871e+11,5.77878e+11,5.76935e+11
 2.129,5.80381e+11,5.81316e+11,5.82299e+11,5.83234e+11,5.83969e+11,5.83215e+11,5.82263e+11,5.81261e+11,5.80309e+11
 2.114,5.82706e+11,5.83646e+11,5.84636e+11,5.85576e+11,5.86316e+11,5.85557e+11,5.84600e+11,5.83592e+11,5.82634e+11
 2.091,5.89577e+11,5.90534e+11,5.91541e+11,5.92498e+11,5.93251e+11,5.92480e+11,5.91507e+11,5.90483e+11,5.89510e+11
 2.070,5.94063e+11,5.95028e+11,5.96045e+11,5.97011e+11,5.97770e+11,5.96993e+11,5.96012e+11,5.94979e+11,5.93998e+11
 2.050,5.96689e+11,5.97659e+11,5.98680e+11,5.99650e+11,6.00413e+11,5.99633e+11,5.98647e+11,5.97610e+11,5.96625e+11
 2.030,5.99768e+11,6.00742e+11,6.01768e+11,6.02742e+11,6.03508e+11,6.02725e+11,6.01735e+11,6.00694e+11,5.99704e+11
 2.010,6.01994e+11,6.02972e+11,6.04001e+11,6.04979e+11,6.05749e+11,6.04962e+11,6.03969e+11,6.02923e+11,6.01930e+11
 1.982,6.01477e+11,6.02452e+11,6.03479e+11,6.04454e+11,6.05222e+11,6.04436e+11,6.03444e+11,6.02401e+11,6.01409e+11
 1.947,6.04331e+11,6.05318e+11,6.06357e+11,6.07343e+11,6.08119e+11,6.07325e+11,6.06321e+11,6.05265e+11,6.04262e+11
 1.916,6.10364e+11,6.11369e+11,6.12427e+11,6.13433e+11,6.14224e+11,6.13415e+11,6.12393e+11,6.11318e+11,6.10297e+11
 1.889,6.15311e+11,6.16326e+11,6.17394e+11,6.18409e+11,6.19207e+11,6.18391e+11,6.17360e+11,6.16275e+11,6.15245e+11
 1.863,6.23485e+11,6.24516e+11,6.25601e+11,6.26632e+11,6.27444e+11,6.26616e+11,6.25570e+11,6.24469e+11,6.23423e+11
 1.837,6.18887e+11,6.19910e+11,6.20987e+11,6.22010e+11,6.22815e+11,6.21991e+11,6.20952e+11,6.19857e+11,6.18817e+11
 1.812,6.17317e+11,6.18337e+11,6.19410e+11,6.20430e+11,6.21233e+11,6.20410e+11,6.19372e+11,6.18280e+11,6.17242e+11
 1.788,6.13229e+11,6.14240e+11,6.15305e+11,6.16316e+11,6.17111e+11,6.16294e+11,6.15262e+11,6.14176e+11,6.13145e+11
 1.766,6.05562e+11,6.06557e+11,6.07604e+11,6.08598e+11,6.09380e+11,6.08572e+11,6.07554e+11,6.06483e+11,6.05465e+11
 1.740,5.93836e+11,5.94802e+11,5.95820e+11,5.96787e+11,5.97546e+11,5.96755e+11,5.95760e+11,5.94712e+11,5.93716e+11
 1.713,5.84944e+11,5.85888e+11,5.86881e+11,5.87825e+11,5.88565e+11,5.87787e+11,5.86810e+11,5.85780e+11,5.84803e+11
 1.692,5.78443e+11,5.79367e+11,5.80339e+11,5.81262e+11,5.81985e+11,5.81219e+11,5.80256e+11,5.79243e+11,5.78280e+11
 1.675,5.76934e+11,5.77854e+11,5.78823e+11,5.79744e+11,5.80464e+11,5.79700e+11,5.78740e+11,5.77729e+11,5.76769e+11
 1.660,5.80953e+11,5.81887e+11,5.82870e+11,5.83804e+11,5.84535e+11,5.83763e+11,5.82791e+11,5.81769e+11,5.80798e+11
 1.646,5.86835e+11,5.87786e+11,5.88788e+11,5.89739e+11,5.90485e+11,5.89702e+11,5.88716e+11,5.87679e+11,5.86693e+11
 1.627,5.92254e+11,5.93224e+11,5.94245e+11,5.95216e+11,5.95977e+11,5.95182e+11,5.94181e+11,5.93127e+11,5.92126e+11
 1.604,5.97810e+11,5.98801e+11,5.99844e+11,6.00835e+11,6.01613e+11,6.00805e+11,5.99786e+11,5.98714e+11,5.97696e+11
 1.584,6.01233e+11,6.02238e+11,6.03297e+11,6.04303e+11,6.05093e+11,6.04275e+11,6.03244e+11,6.02158e+11,6.01127e+11
 1.567,6.02804e+11,6.03819e+11,6.04887e+11,6.05902e+11,6.06699e+11,6.05876e+11,6.04837e+11,6.03744e+11,6.02706e+11
 1.552,6.05746e+11,6.06771e+11,6.07850e+11,6.08875e+11,6.09681e+11,6.08851e+11,6.07803e+11,6.06701e+11,6.05653e+11
 1.538,6.07890e+11,6.08923e+11,6.10010e+11,6.11042e+11,6.11854e+11,6.11019e+11,6.09965e+11,6.08855e+11,6.07801e+11
 1.523,6.10002e+11,6.11041e+11,6.12134e+11,6.13173e+11,6.13989e+11,6.13150e+11,6.12090e+11,6.10975e+11,6.09916e+11
 1.506,6.12408e+11,6.13454e+11,6.14555e+11,6.15602e+11,6.16424e+11,6.15580e+11,6.14513e+11,6.13391e+11,6.12325e+11
 1.488,6.16636e+11,6.17695e+11,6.18809e+11,6.19867e+11,6.20700e+11,6.19847e+11,6.18770e+11,6.17636e+11,6.16559e+11
 1.471,6.17705e+11,6.18767e+11,6.19885e+11,6.20948e+11,6.21783e+11,6.20927e+11,6.19847e+11,6.18710e+11,6.17630e+11
 1.452,6.14899e+11,6.15954e+11,6.17064e+11,6.18120e+11,6.18949e+11,6.18099e+11,6.17025e+11,6.15895e+11,6.14821e+11
 1.434,6.15112e+11,6.16168e+11,6.17280e+11,6.18337e+11,6.19168e+11,6.18316e+11,6.17242e+11,6.16111e+11,6.15036e+11
 1.416,6.13561e+11,6.14615e+11,6.15725e+11,6.16779e+11,6.17608e+11,6.16759e+11,6.15686e+11,6.14557e+11,6.13485e+11
 1.400,6.07177e+11,6.08217e+11,6.09310e+11,6.10349e+11,6.11166e+11,6.10327e+11,6.09268e+11,6.08153e+11,6.07093e+11
 1.386,6.01957e+11,6.02985e+11,6.04067e+11,6.05095e+11,6.05903e+11,6.05071e+11,6.04022e+11,6.02917e+11,6.01868e+11
 1.374,5.99210e+11,6.00234e+11,6.01311e+11,6.02335e+11,6.03139e+11,6.02311e+11,6.01266e+11,6.00166e+11,5.99120e+11
 1.358,5.98799e+11,5.99821e+11,6.00896e+11,6.01918e+11,6.02721e+11,6.01893e+11,6.00849e+11,5.99750e+11,5.98706e+11
 1.339,5.92276e+11,5.93282e+11,5.94342e+11,5.95349e+11,5.96139e+11,5.95320e+11,5.94287e+11,5.93199e+11,5.92166e+11
 1.318,5.67217e+11,5.68164e+11,5.69160e+11,5.70107e+11,5.70848e+11,5.70057e+11,5.69065e+11,5.68020e+11,5.67028e+11
 1.296,5.64927e+11,5.65871e+11,5.66864e+11,5.67808e+11,5.68545e+11,5.67757e+11,5.66767e+11,5.65726e+11,5.64736e+11
 1.276,5.63792e+11,5.64737e+11,5.65732e+11,5.66677e+11,5.67417e+11,5.66630e+11,5.65641e+11,5.64601e+11,5.63613e+11
 1.259,5.63211e+11,5.64156e+11,5.65150e+11,5.66095e+11,5.66835e+11,5.66054e+11,5.65072e+11,5.64038e+11,5.63056e+11
 1.241,5.56533e+11,5.57468e+11,5.58452e+11,5.59387e+11,5.60119e+11,5.59344e+11,5.58371e+11,5.57346e+11,5.56373e+11
 1.224,5.48250e+11,5.49173e+11,5.50143e+11,5.51065e+11,5.51787e+11,5.51022e+11,5.50060e+11,5.49048e+11,5.48087e+11
 1.206,5.47006e+11,5.47930e+11,5.48904e+11,5.49829e+11,5.50554e+11,5.49792e+11,5.48833e+11,5.47824e+11,5.46866e+11
 1.189,5.41870e+11,5.42789e+11,5.43757e+11,5.44676e+11,5.45397e+11,5.44642e+11,5.43693e+11,5.42693e+11,5.41743e+11
 1.169,5.35761e+11,5.36670e+11,5.37627e+11,5.38536e+11,5.39248e+11,5.38502e+11,5.37564e+11,5.36575e+11,5.35636e+11
 1.148,5.30887e+11,5.31792e+11,5.32745e+11,5.33650e+11,5.34360e+11,5.33618e+11,5.32684e+11,5.31702e+11,5.30768e+11
 1.126,5.24229e+11,5.25130e+11,5.26079e+11,5.26980e+11,5.27687e+11,5.26949e+11,5.26020e+11,5.25043e+11,5.24114e+11
 1.102,5.12628e+11,5.13508e+11,5.14435e+11,5.15316e+11,5.16007e+11,5.15285e+11,5.14376e+11,5.13419e+11,5.12510e+11
 1.080,4.96089e+11,4.96934e+11,4.97824e+11,4.98669e+11,4.99332e+11,4.98633e+11,4.97756e+11,4.96832e+11,4.95954e+11
 1.061,4.91072e+11,4.91915e+11,4.92803e+11,4.93646e+11,4.94307e+11,4.93617e+11,4.92749e+11,4.91834e+11,4.90965e+11
 1.040,4.85188e+11,4.86028e+11,4.86912e+11,4.87751e+11,4.88411e+11,4.87726e+11,4.86863e+11,4.85955e+11,4.85092e+11
 1.016,4.75501e+11,4.76333e+11,4.77209e+11,4.78040e+11,4.78694e+11,4.78018e+11,4.77166e+11,4.76270e+11,4.75418e+11
 0.996,4.65016e+11,4.65834e+11,4.66695e+11,4.67513e+11,4.68155e+11,4.67492e+11,4.66656e+11,4.65776e+11,4.64940e+11
 0.980,4.46358e+11,4.47138e+11,4.47959e+11,4.48739e+11,4.49352e+11,4.48719e+11,4.47922e+11,4.47082e+11,4.46285e+11
 0.963,4.30867e+11,4.31616e+11,4.32404e+11,4.33152e+11,4.33741e+11,4.33133e+11,4.32367e+11,4.31560e+11,4.30794e+11
 0.944,4.26072e+11,4.26827e+11,4.27622e+11,4.28377e+11,4.28971e+11,4.28362e+11,4.27593e+11,4.26784e+11,4.26015e+11
 0.931,4.19743e+11,4.20492e+11,4.21280e+11,4.22029e+11,4.22618e+11,4.22016e+11,4.21254e+11,4.20453e+11,4.19692e+11
 0.919,4.01233e+11,4.01936e+11,4.02675e+11,4.03377e+11,4.03929e+11,4.03360e+11,4.02642e+11,4.01886e+11,4.01168e+11
 0.904,3.97736e+11,3.98444e+11,3.99191e+11,3.99900e+11,4.00457e+11,3.99885e+11,3.99163e+11,3.98403e+11,3.97681e+11
 0.891,3.96454e+11,3.97171e+11,3.97926e+11,3.98643e+11,3.99208e+11,3.98631e+11,3.97904e+11,3.97137e+11,3.96410e+11
 0.877,3.70603e+11,3.71258e+11,3.71947e+11,3.72601e+11,3.73116e+11,3.72588e+11,3.71921e+11,3.71220e+11,3.70553e+11
 0.865,3.69074e+11,3.69741e+11,3.70444e+11,3.71112e+11,3.71638e+11,3.71102e+11,3.70424e+11,3.69711e+11,3.69034e+11
 0.852,3.70213e+11,3.70898e+11,3.71619e+11,3.72304e+11,3.72844e+11,3.72296e+11,3.71603e+11,3.70875e+11,3.70182e+11
 0.834,3.38106e+11,3.38715e+11,3.39356e+11,3.39965e+11,3.40444e+11,3.39955e+11,3.39336e+11,3.38686e+11,3.38068e+11
 0.822,3.23187e+11,3.23761e+11,3.24366e+11,3.24940e+11,3.25391e+11,3.24929e+11,3.24345e+11,3.23731e+11,3.23147e+11
 0.810,3.11329e+11,3.11882e+11,3.12465e+11,3.13019e+11,3.13455e+11,3.13009e+11,3.12446e+11,3.11854e+11,3.11291e+11
 0.792,3.14486e+11,3.15070e+11,3.15685e+11,3.16270e+11,3.16730e+11,3.16263e+11,3.15672e+11,3.15051e+11,3.14460e+11
 0.777,3.11544e+11,3.12127e+11,3.12741e+11,3.13324e+11,3.13783e+11,3.13318e+11,3.12730e+11,3.12111e+11,3.11522e+11
 0.765,2.88595e+11,2.89124e+11,2.89680e+11,2.90209e+11,2.90626e+11,2.90203e+11,2.89669e+11,2.89106e+11,2.88572e+11
 0.752,2.53528e+11,2.53973e+11,2.54442e+11,2.54887e+11,2.55237e+11,2.54879e+11,2.54426e+11,2.53949e+11,2.53496e+11
 0.739,2.49544e+11,2.49995e+11,2.50470e+11,2.50921e+11,2.51276e+11,2.50914e+11,2.50457e+11,2.49975e+11,2.49518e+11
 0.729,2.60607e+11,2.61095e+11,2.61609e+11,2.62097e+11,2.62481e+11,2.62092e+11,2.61600e+11,2.61081e+11,2.60589e+11
 0.714,2.64115e+11,2.64603e+11,2.65117e+11,2.65605e+11,2.65989e+11,2.65601e+11,2.65110e+11,2.64593e+11,2.64102e+11
 0.697,2.32009e+11,2.32447e+11,2.32909e+11,2.33347e+11,2.33693e+11,2.33343e+11,2.32901e+11,2.32436e+11,2.31993e+11
 0.677,2.29688e+11,2.30121e+11,2.30577e+11,2.31010e+11,2.31351e+11,2.31007e+11,2.30571e+11,2.30113e+11,2.29677e+11
 0.657,1.89579e+11,1.89939e+11,1.90318e+11,1.90677e+11,1.90961e+11,1.90674e+11,1.90312e+11,1.89930e+11,1.89568e+11
 0.642,1.76347e+11,1.76682e+11,1.77034e+11,1.77368e+11,1.77632e+11,1.77366e+11,1.77029e+11,1.76674e+11,1.76337e+11
 0.628,1.69631e+11,1.69952e+11,1.70291e+11,1.70612e+11,1.70865e+11,1.70610e+11,1.70286e+11,1.69946e+11,1.69623e+11
 0.617,1.51311e+11,1.51596e+11,1.51896e+11,1.52180e+11,1.52405e+11,1.52178e+11,1.51891e+11,1.51589e+11,1.51302e+11
 0.604,1.38597e+11,1.38862e+11,1.39140e+11,1.39404e+11,1.39612e+11,1.39402e+11,1.39136e+11,1.38856e+11,1.38589e+11
 0.591,1.32746e+11,1.32997e+11,1.33261e+11,1.33512e+11,1.33710e+11,1.33510e+11,1.33258e+11,1.32992e+11,1.32739e+11
 0.578,1.11933e+11,1.12145e+11,1.12368e+11,1.12580e+11,1.12747e+11,1.12578e+11,1.12364e+11,1.12139e+11,1.11926e+11
 0.565,1.05414e+11,1.05614e+11,1.05825e+11,1.06025e+11,1.06183e+11,1.06024e+11,1.05822e+11,1.05610e+11,1.05408e+11
 0.552,9.20331e+10,9.22061e+10,9.23881e+10,9.25611e+10,9.26974e+10,9.25595e+10,9.23852e+10,9.22018e+10,9.20275e+10
 0.537,7.52175e+10,7.53562e+10,7.55022e+10,7.56409e+10,7.57502e+10,7.56395e+10,7.54994e+10,7.53520e+10,7.52120e+10
 0.523,6.95737e+10,6.97016e+10,6.98363e+10,6.99642e+10,7.00650e+10,6.99629e+10,6.98339e+10,6.96980e+10,6.95690e+10
 0.506,6.08295e+10,6.09422e+10,6.10609e+10,6.11736e+10,6.12625e+10,6.11725e+10,6.10588e+10,6.09391e+10,6.08254e+10
 0.485,4.46009e+10,4.46826e+10,4.47685e+10,4.48501e+10,4.49144e+10,4.48493e+10,4.47669e+10,4.46802e+10,4.45979e+10
 0.465,3.28693e+10,3.29286e+10,3.29909e+10,3.30502e+10,3.30968e+10,3.30495e+10,3.29897e+10,3.29267e+10,3.28669e+10
 0.445,2.28642e+10,2.29036e+10,2.29451e+10,2.29845e+10,2.30155e+10,2.29839e+10,2.29440e+10,2.29021e+10,2.28622e+10
 0.426,1.54244e+10,1.54489e+10,1.54747e+10,1.54992e+10,1.55184e+10,1.54987e+10,1.54738e+10,1.54476e+10,1.54227e+10
 0.408,1.10154e+10,1.10308e+10,1.10470e+10,1.10624e+10,1.10745e+10,1.10621e+10,1.10465e+10,1.10300e+10,1.10143e+10
 0.387,8.21440e+09,8.22323e+09,8.23253e+09,8.24136e+09,8.24845e+09,8.24222e+09,8.23416e+09,8.22568e+09,8.21763e+09
 0.362,5.64999e+09,5.65525e+09,5.66078e+09,5.66603e+09,5.67035e+09,5.66722e+09,5.66304e+09,5.65865e+09,5.65447e+09
 0.337,3.45324e+09,3.45697e+09,3.46090e+09,3.46464e+09,3.46762e+09,3.46491e+09,3.46142e+09,3.45775e+09,3.45426e+09
 0.312,2.02492e+09,2.02766e+09,2.03055e+09,2.03330e+09,2.03549e+09,2.03345e+09,2.03083e+09,2.02808e+09,2.02547e+09
 0.287,1.05144e+09,1.05332e+09,1.05530e+09,1.05718e+09,1.05866e+09,1.05718e+09,1.05530e+09,1.05332e+09,1.05144e+09
 0.268,5.38835e+08,5.39829e+08,5.40875e+08,5.41870e+08,5.42654e+08,5.41863e+08,5.40863e+08,5.39810e+08,5.38810e+08
