#Lambda(microns),,Phi=0.1050,Phi=0.2000,Phi=0.3000,Phi=0.3950,Phi=0.5000,Phi=0.6050,Phi=0.7000,Phi=0.8000,Phi=0.8950
227.531,2.11622e+08,2.11732e+08,2.11847e+08,2.11956e+08,2.12019e+08,2.11797e+08,2.11543e+08,2.11276e+08,2.11023e+08
138.793,5.48345e+08,5.48626e+08,5.48921e+08,5.49201e+08,5.49356e+08,5.48731e+08,5.48025e+08,5.47281e+08,5.46575e+08
97.752,1.08048e+09,1.08101e+09,1.08158e+09,1.08211e+09,1.08240e+09,1.08114e+09,1.07973e+09,1.07825e+09,1.07684e+09
73.692,1.87568e+09,1.87659e+09,1.87755e+09,1.87845e+09,1.87894e+09,1.87682e+09,1.87444e+09,1.87193e+09,1.86954e+09
53.879,3.48242e+09,3.48410e+09,3.48588e+09,3.48756e+09,3.48849e+09,3.48478e+09,3.48058e+09,3.47616e+09,3.47196e+09
42.212,5.57166e+09,5.57438e+09,5.57724e+09,5.57996e+09,5.58153e+09,5.57593e+09,5.56956e+09,5.56286e+09,5.55649e+09
35.753,7.72080e+09,7.72461e+09,7.72862e+09,7.73243e+09,7.73470e+09,7.72728e+09,7.71882e+09,7.70990e+09,7.70144e+09
29.700,1.10361e+10,1.10416e+10,1.10474e+10,1.10529e+10,1.10561e+10,1.10452e+10,1.10329e+10,1.10198e+10,1.10074e+10
24.839,1.54880e+10,1.54958e+10,1.55040e+10,1.55118e+10,1.55163e+10,1.55006e+10,1.54827e+10,1.54639e+10,1.54460e+10
21.395,2.05800e+10,2.05905e+10,2.06015e+10,2.06120e+10,2.06182e+10,2.05973e+10,2.05736e+10,2.05486e+10,2.05248e+10
19.382,2.51937e+10,2.52071e+10,2.52211e+10,2.52345e+10,2.52424e+10,2.52162e+10,2.51862e+10,2.51546e+10,2.51247e+10
18.180,2.83984e+10,2.84135e+10,2.84294e+10,2.84444e+10,2.84534e+10,2.84241e+10,2.83906e+10,2.83553e+10,2.83218e+10
16.978,3.22471e+10,3.22643e+10,3.22824e+10,3.22995e+10,3.23098e+10,3.22765e+10,3.22384e+10,3.21984e+10,3.21604e+10
15.777,3.69172e+10,3.69370e+10,3.69578e+10,3.69775e+10,3.69893e+10,3.69510e+10,3.69073e+10,3.68612e+10,3.68175e+10
14.575,4.27010e+10,4.27241e+10,4.27483e+10,4.27714e+10,4.27852e+10,4.27407e+10,4.26900e+10,4.26366e+10,4.25858e+10
13.588,4.85002e+10,4.85266e+10,4.85543e+10,4.85807e+10,4.85965e+10,4.85455e+10,4.84872e+10,4.84259e+10,4.83676e+10
12.787,5.41117e+10,5.41413e+10,5.41725e+10,5.42021e+10,5.42198e+10,5.41622e+10,5.40964e+10,5.40272e+10,5.39614e+10
11.986,6.07966e+10,6.08302e+10,6.08655e+10,6.08991e+10,6.09192e+10,6.08538e+10,6.07792e+10,6.07007e+10,6.06262e+10
11.292,6.75852e+10,6.76229e+10,6.76626e+10,6.77003e+10,6.77228e+10,6.76489e+10,6.75646e+10,6.74759e+10,6.73916e+10
10.692,7.43813e+10,7.44234e+10,7.44677e+10,7.45098e+10,7.45345e+10,7.44507e+10,7.43551e+10,7.42546e+10,7.41590e+10
10.091,8.22973e+10,8.23443e+10,8.23939e+10,8.24409e+10,8.24684e+10,8.23736e+10,8.22656e+10,8.21520e+10,8.20440e+10
 9.648,8.90131e+10,8.90642e+10,8.91180e+10,8.91691e+10,8.91990e+10,8.90962e+10,8.89792e+10,8.88560e+10,8.87390e+10
 9.348,9.41122e+10,9.41663e+10,9.42233e+10,9.42775e+10,9.43094e+10,9.42016e+10,9.40788e+10,9.39495e+10,9.38267e+10
 8.995,1.00676e+11,1.00734e+11,1.00795e+11,1.00853e+11,1.00888e+11,1.00774e+11,1.00644e+11,1.00507e+11,1.00376e+11
 8.673,1.07463e+11,1.07525e+11,1.07591e+11,1.07653e+11,1.07690e+11,1.07572e+11,1.07437e+11,1.07294e+11,1.07159e+11
 8.345,1.14807e+11,1.14873e+11,1.14944e+11,1.15011e+11,1.15051e+11,1.14924e+11,1.14778e+11,1.14625e+11,1.14480e+11
 8.074,1.21380e+11,1.21451e+11,1.21525e+11,1.21597e+11,1.21639e+11,1.21503e+11,1.21348e+11,1.21184e+11,1.21028e+11
 7.904,1.25597e+11,1.25671e+11,1.25749e+11,1.25822e+11,1.25867e+11,1.25724e+11,1.25561e+11,1.25389e+11,1.25226e+11
 7.714,1.30467e+11,1.30544e+11,1.30625e+11,1.30702e+11,1.30748e+11,1.30596e+11,1.30423e+11,1.30241e+11,1.30068e+11
 7.498,1.35800e+11,1.35880e+11,1.35964e+11,1.36044e+11,1.36091e+11,1.35928e+11,1.35743e+11,1.35549e+11,1.35364e+11
 7.284,1.42518e+11,1.42603e+11,1.42692e+11,1.42776e+11,1.42826e+11,1.42656e+11,1.42463e+11,1.42259e+11,1.42066e+11
 7.094,1.48992e+11,1.49081e+11,1.49175e+11,1.49264e+11,1.49316e+11,1.49140e+11,1.48939e+11,1.48728e+11,1.48527e+11
 6.873,1.57058e+11,1.57152e+11,1.57251e+11,1.57345e+11,1.57401e+11,1.57216e+11,1.57006e+11,1.56783e+11,1.56573e+11
 6.664,1.64892e+11,1.64992e+11,1.65096e+11,1.65196e+11,1.65254e+11,1.65057e+11,1.64833e+11,1.64597e+11,1.64372e+11
 6.515,1.69736e+11,1.69837e+11,1.69944e+11,1.70045e+11,1.70102e+11,1.69884e+11,1.69636e+11,1.69376e+11,1.69129e+11
 6.297,1.76872e+11,1.76973e+11,1.77080e+11,1.77181e+11,1.77232e+11,1.76977e+11,1.76691e+11,1.76389e+11,1.76103e+11
 6.064,1.88044e+11,1.88153e+11,1.88267e+11,1.88376e+11,1.88432e+11,1.88163e+11,1.87861e+11,1.87543e+11,1.87241e+11
 5.899,1.96965e+11,1.97081e+11,1.97203e+11,1.97319e+11,1.97380e+11,1.97103e+11,1.96792e+11,1.96464e+11,1.96153e+11
 5.759,2.04841e+11,2.04963e+11,2.05092e+11,2.05214e+11,2.05278e+11,2.04992e+11,2.04670e+11,2.04331e+11,2.04009e+11
 5.572,2.16197e+11,2.16328e+11,2.16465e+11,2.16596e+11,2.16666e+11,2.16367e+11,2.16029e+11,2.15674e+11,2.15336e+11
 5.379,2.28489e+11,2.28630e+11,2.28777e+11,2.28918e+11,2.28994e+11,2.28676e+11,2.28317e+11,2.27940e+11,2.27581e+11
 5.265,2.35965e+11,2.36110e+11,2.36263e+11,2.36408e+11,2.36486e+11,2.36153e+11,2.35778e+11,2.35382e+11,2.35007e+11
 5.149,2.44014e+11,2.44165e+11,2.44324e+11,2.44474e+11,2.44555e+11,2.44208e+11,2.43816e+11,2.43404e+11,2.43012e+11
 5.000,2.54746e+11,2.54904e+11,2.55070e+11,2.55227e+11,2.55311e+11,2.54940e+11,2.54522e+11,2.54083e+11,2.53665e+11
 4.882,2.63403e+11,2.63566e+11,2.63737e+11,2.63899e+11,2.63984e+11,2.63590e+11,2.63148e+11,2.62683e+11,2.62241e+11
 4.827,2.66955e+11,2.67118e+11,2.67289e+11,2.67452e+11,2.67535e+11,2.67133e+11,2.66681e+11,2.66206e+11,2.65755e+11
 4.796,2.70450e+11,2.70618e+11,2.70794e+11,2.70961e+11,2.71048e+11,2.70643e+11,2.70187e+11,2.69708e+11,2.69253e+11
 4.750,2.73637e+11,2.73806e+11,2.73984e+11,2.74153e+11,2.74240e+11,2.73829e+11,2.73367e+11,2.72881e+11,2.72419e+11
 4.700,2.77505e+11,2.77676e+11,2.77857e+11,2.78028e+11,2.78117e+11,2.77700e+11,2.77231e+11,2.76737e+11,2.76268e+11
 4.662,2.81393e+11,2.81569e+11,2.81755e+11,2.81931e+11,2.82023e+11,2.81603e+11,2.81131e+11,2.80634e+11,2.80161e+11
 4.605,2.86819e+11,2.87002e+11,2.87194e+11,2.87376e+11,2.87473e+11,2.87043e+11,2.86558e+11,2.86048e+11,2.85564e+11
 4.504,2.96454e+11,2.96645e+11,2.96847e+11,2.97039e+11,2.97140e+11,2.96692e+11,2.96187e+11,2.95655e+11,2.95150e+11
 4.395,3.05246e+11,3.05444e+11,3.05653e+11,3.05852e+11,3.05954e+11,3.05473e+11,3.04933e+11,3.04363e+11,3.03822e+11
 4.301,3.09002e+11,3.09193e+11,3.09393e+11,3.09583e+11,3.09673e+11,3.09161e+11,3.08588e+11,3.07986e+11,3.07413e+11
 4.202,3.14023e+11,3.14197e+11,3.14380e+11,3.14554e+11,3.14622e+11,3.14062e+11,3.13442e+11,3.12790e+11,3.12171e+11
 4.074,3.22117e+11,3.22272e+11,3.22436e+11,3.22591e+11,3.22633e+11,3.22024e+11,3.21356e+11,3.20653e+11,3.19985e+11
 3.949,3.27582e+11,3.27706e+11,3.27837e+11,3.27962e+11,3.27966e+11,3.27302e+11,3.26580e+11,3.25820e+11,3.25098e+11
 3.849,3.38782e+11,3.38914e+11,3.39054e+11,3.39187e+11,3.39194e+11,3.38504e+11,3.37754e+11,3.36964e+11,3.36214e+11
 3.749,3.54627e+11,3.54798e+11,3.54977e+11,3.55148e+11,3.55188e+11,3.54486e+11,3.53718e+11,3.52908e+11,3.52140e+11
 3.662,3.70179e+11,3.70387e+11,3.70606e+11,3.70814e+11,3.70889e+11,3.70188e+11,3.69413e+11,3.68598e+11,3.67823e+11
 3.587,3.83006e+11,3.83238e+11,3.83481e+11,3.83713e+11,3.83808e+11,3.83103e+11,3.82319e+11,3.81495e+11,3.80711e+11
 3.513,3.96158e+11,3.96413e+11,3.96681e+11,3.96936e+11,3.97052e+11,3.96345e+11,3.95556e+11,3.94726e+11,3.93937e+11
 3.438,4.10135e+11,4.10412e+11,4.10703e+11,4.10979e+11,4.11115e+11,4.10406e+11,4.09611e+11,4.08774e+11,4.07979e+11
 3.363,4.24346e+11,4.24642e+11,4.24953e+11,4.25248e+11,4.25402e+11,4.24693e+11,4.23895e+11,4.23055e+11,4.22257e+11
 3.308,4.35543e+11,4.35852e+11,4.36177e+11,4.36486e+11,4.36654e+11,4.35950e+11,4.35155e+11,4.34318e+11,4.33523e+11
 3.269,4.42690e+11,4.43006e+11,4.43339e+11,4.43655e+11,4.43829e+11,4.43122e+11,4.42324e+11,4.41483e+11,4.40685e+11
 3.231,4.50657e+11,4.50982e+11,4.51324e+11,4.51649e+11,4.51831e+11,4.51129e+11,4.50335e+11,4.49498e+11,4.48704e+11
 3.193,4.57403e+11,4.57732e+11,4.58079e+11,4.58408e+11,4.58594e+11,4.57888e+11,4.57089e+11,4.56247e+11,4.55447e+11
 3.156,4.64594e+11,4.64932e+11,4.65288e+11,4.65626e+11,4.65819e+11,4.65111e+11,4.64308e+11,4.63462e+11,4.62659e+11
 3.118,4.71355e+11,4.71698e+11,4.72059e+11,4.72402e+11,4.72600e+11,4.71887e+11,4.71077e+11,4.70224e+11,4.69415e+11
 3.085,4.77806e+11,4.78155e+11,4.78522e+11,4.78870e+11,4.79072e+11,4.78355e+11,4.77541e+11,4.76683e+11,4.75869e+11
 3.055,4.82618e+11,4.82971e+11,4.83343e+11,4.83696e+11,4.83901e+11,4.83174e+11,4.82347e+11,4.81477e+11,4.80651e+11
 3.014,4.90077e+11,4.90438e+11,4.90818e+11,4.91180e+11,4.91390e+11,4.90657e+11,4.89823e+11,4.88945e+11,4.88111e+11
 2.965,4.99224e+11,4.99594e+11,4.99984e+11,5.00354e+11,5.00570e+11,4.99823e+11,4.98973e+11,4.98078e+11,4.97228e+11
 2.909,5.07593e+11,5.07970e+11,5.08367e+11,5.08743e+11,5.08962e+11,5.08188e+11,5.07309e+11,5.06383e+11,5.05504e+11
 2.847,5.18941e+11,5.19328e+11,5.19736e+11,5.20123e+11,5.20347e+11,5.19551e+11,5.18646e+11,5.17694e+11,5.16789e+11
 2.787,5.27394e+11,5.27786e+11,5.28198e+11,5.28590e+11,5.28813e+11,5.27978e+11,5.27032e+11,5.26036e+11,5.25090e+11
 2.730,5.33956e+11,5.34348e+11,5.34761e+11,5.35153e+11,5.35367e+11,5.34484e+11,5.33487e+11,5.32437e+11,5.31440e+11
 2.676,5.40671e+11,5.41068e+11,5.41486e+11,5.41883e+11,5.42093e+11,5.41156e+11,5.40102e+11,5.38992e+11,5.37938e+11
 2.623,5.54560e+11,5.54973e+11,5.55409e+11,5.55823e+11,5.56047e+11,5.55105e+11,5.54041e+11,5.52922e+11,5.51858e+11
 2.574,5.69224e+11,5.69658e+11,5.70114e+11,5.70548e+11,5.70788e+11,5.69836e+11,5.68758e+11,5.67624e+11,5.66547e+11
 2.527,5.78690e+11,5.79130e+11,5.79594e+11,5.80034e+11,5.80276e+11,5.79293e+11,5.78182e+11,5.77013e+11,5.75902e+11
 2.482,5.79582e+11,5.80005e+11,5.80451e+11,5.80874e+11,5.81089e+11,5.80043e+11,5.78867e+11,5.77630e+11,5.76454e+11
 2.437,5.78322e+11,5.78714e+11,5.79126e+11,5.79518e+11,5.79690e+11,5.78557e+11,5.77296e+11,5.75969e+11,5.74708e+11
 2.394,5.68724e+11,5.69040e+11,5.69372e+11,5.69687e+11,5.69773e+11,5.68547e+11,5.67200e+11,5.65782e+11,5.64434e+11
 2.354,5.56861e+11,5.57094e+11,5.57339e+11,5.57572e+11,5.57572e+11,5.56279e+11,5.54876e+11,5.53400e+11,5.51997e+11
 2.314,5.51861e+11,5.52040e+11,5.52230e+11,5.52409e+11,5.52351e+11,5.51008e+11,5.49560e+11,5.48036e+11,5.46588e+11
 2.276,5.39321e+11,5.39439e+11,5.39563e+11,5.39681e+11,5.39558e+11,5.38167e+11,5.36680e+11,5.35114e+11,5.33626e+11
 2.240,5.51052e+11,5.51221e+11,5.51398e+11,5.51567e+11,5.51488e+11,5.50085e+11,5.48577e+11,5.46988e+11,5.45480e+11
 2.209,5.69114e+11,5.69367e+11,5.69634e+11,5.69888e+11,5.69889e+11,5.68493e+11,5.66977e+11,5.65382e+11,5.63866e+11
 2.183,5.81974e+11,5.82286e+11,5.82615e+11,5.82927e+11,5.82984e+11,5.81602e+11,5.80091e+11,5.78501e+11,5.76991e+11
 2.163,5.90028e+11,5.90370e+11,5.90731e+11,5.91073e+11,5.91159e+11,5.89782e+11,5.88273e+11,5.86684e+11,5.85174e+11
 2.148,5.98366e+11,5.98743e+11,5.99139e+11,5.99516e+11,5.99637e+11,5.98280e+11,5.96784e+11,5.95210e+11,5.93715e+11
 2.137,6.03570e+11,6.03965e+11,6.04382e+11,6.04777e+11,6.04916e+11,6.03566e+11,6.02075e+11,6.00505e+11,5.99014e+11
 2.129,6.07461e+11,6.07870e+11,6.08300e+11,6.08708e+11,6.08862e+11,6.07524e+11,6.06045e+11,6.04488e+11,6.03008e+11
 2.114,6.09420e+11,6.09829e+11,6.10259e+11,6.10668e+11,6.10822e+11,6.09484e+11,6.08005e+11,6.06447e+11,6.04968e+11
 2.091,6.17042e+11,6.17471e+11,6.17922e+11,6.18351e+11,6.18526e+11,6.17208e+11,6.15745e+11,6.14205e+11,6.12742e+11
 2.070,6.21118e+11,6.21550e+11,6.22004e+11,6.22436e+11,6.22616e+11,6.21305e+11,6.19849e+11,6.18316e+11,6.16860e+11
 2.050,6.22703e+11,6.23131e+11,6.23581e+11,6.24009e+11,6.24184e+11,6.22875e+11,6.21421e+11,6.19891e+11,6.18437e+11
 2.030,6.25243e+11,6.25671e+11,6.26120e+11,6.26548e+11,6.26722e+11,6.25411e+11,6.23956e+11,6.22425e+11,6.20969e+11
 2.010,6.27217e+11,6.27645e+11,6.28096e+11,6.28524e+11,6.28699e+11,6.27383e+11,6.25922e+11,6.24384e+11,6.22923e+11
 1.982,6.25303e+11,6.25712e+11,6.26142e+11,6.26551e+11,6.26703e+11,6.25354e+11,6.23862e+11,6.22292e+11,6.20800e+11
 1.947,6.29734e+11,6.30153e+11,6.30594e+11,6.31013e+11,6.31170e+11,6.29795e+11,6.28275e+11,6.26675e+11,6.25155e+11
 1.916,6.38242e+11,6.38686e+11,6.39153e+11,6.39597e+11,6.39776e+11,6.38399e+11,6.36872e+11,6.35264e+11,6.33737e+11
 1.889,6.42940e+11,6.43386e+11,6.43856e+11,6.44302e+11,6.44484e+11,6.43108e+11,6.41580e+11,6.39973e+11,6.38445e+11
 1.863,6.52571e+11,6.53044e+11,6.53542e+11,6.54015e+11,6.54224e+11,6.52861e+11,6.51344e+11,6.49746e+11,6.48229e+11
 1.837,6.46426e+11,6.46866e+11,6.47329e+11,6.47769e+11,6.47939e+11,6.46528e+11,6.44964e+11,6.43319e+11,6.41755e+11
 1.812,6.43390e+11,6.43808e+11,6.44248e+11,6.44666e+11,6.44810e+11,6.43366e+11,6.41772e+11,6.40094e+11,6.38500e+11
 1.788,6.36834e+11,6.37212e+11,6.37609e+11,6.37987e+11,6.38087e+11,6.36602e+11,6.34972e+11,6.33256e+11,6.31626e+11
 1.766,6.25358e+11,6.25676e+11,6.26011e+11,6.26330e+11,6.26368e+11,6.24838e+11,6.23169e+11,6.21413e+11,6.19745e+11
 1.740,6.07268e+11,6.07490e+11,6.07724e+11,6.07946e+11,6.07886e+11,6.06298e+11,6.04585e+11,6.02781e+11,6.01068e+11
 1.713,5.93253e+11,5.93393e+11,5.93541e+11,5.93681e+11,5.93538e+11,5.91902e+11,5.90152e+11,5.88309e+11,5.86559e+11
 1.692,5.82169e+11,5.82231e+11,5.82297e+11,5.82359e+11,5.82137e+11,5.80465e+11,5.78689e+11,5.76820e+11,5.75044e+11
 1.675,5.79462e+11,5.79513e+11,5.79566e+11,5.79617e+11,5.79385e+11,5.77706e+11,5.75926e+11,5.74053e+11,5.72273e+11
 1.660,5.86901e+11,5.86997e+11,5.87097e+11,5.87193e+11,5.87000e+11,5.85318e+11,5.83526e+11,5.81639e+11,5.79847e+11
 1.646,5.97530e+11,5.97686e+11,5.97850e+11,5.98005e+11,5.97869e+11,5.96186e+11,5.94385e+11,5.92488e+11,5.90686e+11
 1.627,6.07757e+11,6.07980e+11,6.08215e+11,6.08438e+11,6.08365e+11,6.06696e+11,6.04898e+11,6.03005e+11,6.01206e+11
 1.604,6.17716e+11,6.18003e+11,6.18304e+11,6.18591e+11,6.18579e+11,6.16928e+11,6.15137e+11,6.13251e+11,6.11460e+11
 1.584,6.23665e+11,6.23991e+11,6.24333e+11,6.24659e+11,6.24686e+11,6.23052e+11,6.21272e+11,6.19399e+11,6.17619e+11
 1.567,6.27079e+11,6.27436e+11,6.27811e+11,6.28167e+11,6.28226e+11,6.26615e+11,6.24854e+11,6.23001e+11,6.21241e+11
 1.552,6.31864e+11,6.32245e+11,6.32646e+11,6.33027e+11,6.33112e+11,6.31515e+11,6.29766e+11,6.27925e+11,6.26175e+11
 1.538,6.35283e+11,6.35682e+11,6.36102e+11,6.36500e+11,6.36604e+11,6.35023e+11,6.33288e+11,6.31461e+11,6.29726e+11
 1.523,6.38905e+11,6.39316e+11,6.39749e+11,6.40160e+11,6.40275e+11,6.38700e+11,6.36968e+11,6.35145e+11,6.33413e+11
 1.506,6.42906e+11,6.43334e+11,6.43785e+11,6.44213e+11,6.44347e+11,6.42781e+11,6.41056e+11,6.39241e+11,6.37516e+11
 1.488,6.49667e+11,6.50125e+11,6.50607e+11,6.51066e+11,6.51229e+11,6.49679e+11,6.47967e+11,6.46164e+11,6.44452e+11
 1.471,6.51508e+11,6.51975e+11,6.52466e+11,6.52933e+11,6.53104e+11,6.51555e+11,6.49842e+11,6.48039e+11,6.46326e+11
 1.452,6.46844e+11,6.47290e+11,6.47760e+11,6.48206e+11,6.48357e+11,6.46799e+11,6.45079e+11,6.43269e+11,6.41549e+11
 1.434,6.46275e+11,6.46725e+11,6.47198e+11,6.47648e+11,6.47804e+11,6.46259e+11,6.44554e+11,6.42759e+11,6.41053e+11
 1.416,6.43088e+11,6.43527e+11,6.43989e+11,6.44428e+11,6.44574e+11,6.43022e+11,6.41310e+11,6.39509e+11,6.37798e+11
 1.400,6.33483e+11,6.33877e+11,6.34291e+11,6.34684e+11,6.34782e+11,6.33195e+11,6.31454e+11,6.29622e+11,6.27881e+11
 1.386,6.26435e+11,6.26800e+11,6.27183e+11,6.27548e+11,6.27616e+11,6.26009e+11,6.24252e+11,6.22403e+11,6.20646e+11
 1.374,6.23512e+11,6.23871e+11,6.24248e+11,6.24607e+11,6.24669e+11,6.23062e+11,6.21306e+11,6.19457e+11,6.17701e+11
 1.358,6.21976e+11,6.22313e+11,6.22667e+11,6.23004e+11,6.23045e+11,6.21432e+11,6.19674e+11,6.17824e+11,6.16065e+11
 1.339,6.11663e+11,6.11924e+11,6.12200e+11,6.12461e+11,6.12426e+11,6.10770e+11,6.08978e+11,6.07092e+11,6.05301e+11
 1.318,5.74066e+11,5.74053e+11,5.74039e+11,5.74026e+11,5.73714e+11,5.71920e+11,5.70027e+11,5.68035e+11,5.66143e+11
 1.296,5.77554e+11,5.77568e+11,5.77583e+11,5.77598e+11,5.77312e+11,5.75519e+11,5.73624e+11,5.71629e+11,5.69734e+11
 1.276,5.81895e+11,5.81969e+11,5.82046e+11,5.82120e+11,5.81893e+11,5.80123e+11,5.78243e+11,5.76264e+11,5.74384e+11
 1.259,5.83551e+11,5.83672e+11,5.83800e+11,5.83921e+11,5.83741e+11,5.81989e+11,5.80120e+11,5.78153e+11,5.76283e+11
 1.241,5.70551e+11,5.70623e+11,5.70699e+11,5.70771e+11,5.70546e+11,5.68793e+11,5.66931e+11,5.64971e+11,5.63109e+11
 1.224,5.57386e+11,5.57421e+11,5.57458e+11,5.57493e+11,5.57233e+11,5.55483e+11,5.53630e+11,5.51679e+11,5.49826e+11
 1.206,5.62329e+11,5.62452e+11,5.62582e+11,5.62705e+11,5.62531e+11,5.60812e+11,5.58976e+11,5.57044e+11,5.55209e+11
 1.189,5.60513e+11,5.60682e+11,5.60860e+11,5.61029e+11,5.60904e+11,5.59218e+11,5.57409e+11,5.55505e+11,5.53697e+11
 1.169,5.53146e+11,5.53298e+11,5.53457e+11,5.53608e+11,5.53468e+11,5.51791e+11,5.49996e+11,5.48106e+11,5.46310e+11
 1.148,5.51637e+11,5.51819e+11,5.52012e+11,5.52194e+11,5.52086e+11,5.50429e+11,5.48649e+11,5.46775e+11,5.44995e+11
 1.126,5.52040e+11,5.52270e+11,5.52513e+11,5.52743e+11,5.52684e+11,5.51060e+11,5.49308e+11,5.47463e+11,5.45710e+11
 1.102,5.39017e+11,5.39231e+11,5.39456e+11,5.39670e+11,5.39601e+11,5.38002e+11,5.36278e+11,5.34464e+11,5.32741e+11
 1.080,5.15805e+11,5.15937e+11,5.16076e+11,5.16208e+11,5.16064e+11,5.14470e+11,5.12766e+11,5.10972e+11,5.09268e+11
 1.061,5.19828e+11,5.20077e+11,5.20339e+11,5.20587e+11,5.20561e+11,5.19030e+11,5.17372e+11,5.15628e+11,5.13970e+11
 1.040,5.18532e+11,5.18830e+11,5.19143e+11,5.19441e+11,5.19465e+11,5.17961e+11,5.16324e+11,5.14600e+11,5.12963e+11
 1.016,5.13305e+11,5.13651e+11,5.14015e+11,5.14362e+11,5.14440e+11,5.12993e+11,5.11408e+11,5.09740e+11,5.08156e+11
 0.996,5.02812e+11,5.03173e+11,5.03553e+11,5.03915e+11,5.04013e+11,5.02609e+11,5.01067e+11,4.99443e+11,4.97901e+11
 0.980,4.88504e+11,4.88870e+11,4.89255e+11,4.89621e+11,4.89732e+11,4.88376e+11,4.86884e+11,4.85313e+11,4.83821e+11
 0.963,4.70959e+11,4.71309e+11,4.71677e+11,4.72027e+11,4.72128e+11,4.70801e+11,4.69343e+11,4.67808e+11,4.66350e+11
 0.944,4.74152e+11,4.74577e+11,4.75024e+11,4.75449e+11,4.75632e+11,4.74379e+11,4.72986e+11,4.71519e+11,4.70126e+11
 0.931,4.68531e+11,4.68965e+11,4.69423e+11,4.69857e+11,4.70057e+11,4.68854e+11,4.67511e+11,4.66098e+11,4.64755e+11
 0.919,4.41399e+11,4.41743e+11,4.42105e+11,4.42449e+11,4.42562e+11,4.41337e+11,4.39986e+11,4.38565e+11,4.37214e+11
 0.904,4.42501e+11,4.42889e+11,4.43297e+11,4.43685e+11,4.43848e+11,4.42681e+11,4.41384e+11,4.40020e+11,4.38723e+11
 0.891,4.43590e+11,4.44004e+11,4.44439e+11,4.44853e+11,4.45052e+11,4.43958e+11,4.42735e+11,4.41448e+11,4.40224e+11
 0.877,4.14016e+11,4.14387e+11,4.14778e+11,4.15149e+11,4.15307e+11,4.14203e+11,4.12976e+11,4.11684e+11,4.10457e+11
 0.865,4.18923e+11,4.19340e+11,4.19778e+11,4.20195e+11,4.20406e+11,4.19370e+11,4.18208e+11,4.16984e+11,4.15822e+11
 0.852,4.20227e+11,4.20653e+11,4.21101e+11,4.21526e+11,4.21759e+11,4.20801e+11,4.19720e+11,4.18582e+11,4.17501e+11
 0.834,3.81822e+11,3.82185e+11,3.82567e+11,3.82929e+11,3.83102e+11,3.82137e+11,3.81058e+11,3.79922e+11,3.78843e+11
 0.822,3.62193e+11,3.62522e+11,3.62868e+11,3.63196e+11,3.63341e+11,3.62392e+11,3.61336e+11,3.60224e+11,3.59168e+11
 0.810,3.51728e+11,3.52056e+11,3.52402e+11,3.52730e+11,3.52879e+11,3.51963e+11,3.50941e+11,3.49865e+11,3.48843e+11
 0.792,3.57655e+11,3.58016e+11,3.58395e+11,3.58756e+11,3.58951e+11,3.58130e+11,3.57203e+11,3.56227e+11,3.55300e+11
 0.777,3.49963e+11,3.50312e+11,3.50679e+11,3.51028e+11,3.51222e+11,3.50459e+11,3.49595e+11,3.48686e+11,3.47822e+11
 0.765,3.24640e+11,3.24957e+11,3.25291e+11,3.25608e+11,3.25776e+11,3.25032e+11,3.24194e+11,3.23312e+11,3.22473e+11
 0.752,2.85478e+11,2.85736e+11,2.86006e+11,2.86264e+11,2.86375e+11,2.85617e+11,2.84774e+11,2.83887e+11,2.83044e+11
 0.739,2.83597e+11,2.83873e+11,2.84163e+11,2.84439e+11,2.84574e+11,2.83860e+11,2.83060e+11,2.82218e+11,2.81419e+11
 0.729,2.92996e+11,2.93288e+11,2.93595e+11,2.93887e+11,2.94047e+11,2.93398e+11,2.92665e+11,2.91893e+11,2.91159e+11
 0.714,2.88608e+11,2.88888e+11,2.89184e+11,2.89464e+11,2.89625e+11,2.89039e+11,2.88374e+11,2.87674e+11,2.87009e+11
 0.697,2.57922e+11,2.58178e+11,2.58448e+11,2.58704e+11,2.58844e+11,2.58269e+11,2.57619e+11,2.56936e+11,2.56286e+11
 0.677,2.47733e+11,2.47972e+11,2.48224e+11,2.48463e+11,2.48599e+11,2.48099e+11,2.47531e+11,2.46933e+11,2.46365e+11
 0.657,2.13554e+11,2.13764e+11,2.13985e+11,2.14195e+11,2.14310e+11,2.13841e+11,2.13311e+11,2.12752e+11,2.12222e+11
 0.642,1.97455e+11,1.97648e+11,1.97851e+11,1.98044e+11,1.98150e+11,1.97718e+11,1.97229e+11,1.96715e+11,1.96226e+11
 0.628,1.86563e+11,1.86742e+11,1.86931e+11,1.87111e+11,1.87211e+11,1.86821e+11,1.86380e+11,1.85915e+11,1.85473e+11
 0.617,1.69341e+11,1.69505e+11,1.69678e+11,1.69842e+11,1.69932e+11,1.69563e+11,1.69145e+11,1.68706e+11,1.68289e+11
 0.604,1.55998e+11,1.56149e+11,1.56308e+11,1.56460e+11,1.56541e+11,1.56196e+11,1.55806e+11,1.55396e+11,1.55006e+11
 0.591,1.45330e+11,1.45469e+11,1.45615e+11,1.45753e+11,1.45829e+11,1.45519e+11,1.45168e+11,1.44799e+11,1.44448e+11
 0.578,1.27311e+11,1.27434e+11,1.27564e+11,1.27688e+11,1.27753e+11,1.27461e+11,1.27133e+11,1.26788e+11,1.26460e+11
 0.565,1.17650e+11,1.17763e+11,1.17882e+11,1.17994e+11,1.18055e+11,1.17793e+11,1.17498e+11,1.17187e+11,1.16892e+11
 0.552,1.02903e+11,1.03002e+11,1.03106e+11,1.03205e+11,1.03256e+11,1.03019e+11,1.02752e+11,1.02471e+11,1.02204e+11
 0.537,8.61998e+10,8.62828e+10,8.63702e+10,8.64532e+10,8.64946e+10,8.62844e+10,8.60487e+10,8.58007e+10,8.55650e+10
 0.523,7.71774e+10,7.72500e+10,7.73264e+10,7.73991e+10,7.74355e+10,7.72525e+10,7.70472e+10,7.68312e+10,7.66259e+10
 0.506,6.51815e+10,6.52421e+10,6.53060e+10,6.53666e+10,6.53963e+10,6.52395e+10,6.50638e+10,6.48789e+10,6.47032e+10
 0.485,5.01913e+10,5.02378e+10,5.02868e+10,5.03334e+10,5.03559e+10,5.02340e+10,5.00975e+10,4.99538e+10,4.98173e+10
 0.465,3.80164e+10,3.80514e+10,3.80882e+10,3.81232e+10,3.81397e+10,3.80454e+10,3.79400e+10,3.78290e+10,3.77236e+10
 0.445,2.68399e+10,2.68636e+10,2.68886e+10,2.69124e+10,2.69226e+10,2.68529e+10,2.67753e+10,2.66936e+10,2.66160e+10
 0.426,1.76486e+10,1.76620e+10,1.76761e+10,1.76896e+10,1.76940e+10,1.76467e+10,1.75945e+10,1.75396e+10,1.74874e+10
 0.408,1.12427e+10,1.12506e+10,1.12589e+10,1.12668e+10,1.12699e+10,1.12446e+10,1.12165e+10,1.11870e+10,1.11590e+10
 0.387,7.58903e+09,7.60417e+09,7.62010e+09,7.63523e+09,7.64910e+09,7.64871e+09,7.64578e+09,7.64269e+09,7.63975e+09
 0.362,5.23344e+09,5.24837e+09,5.26409e+09,5.27903e+09,5.29352e+09,5.29790e+09,5.30004e+09,5.30230e+09,5.30444e+09
 0.337,3.12301e+09,3.12895e+09,3.13520e+09,3.14113e+09,3.14615e+09,3.14348e+09,3.13967e+09,3.13566e+09,3.13185e+09
 0.312,1.63898e+09,1.64130e+09,1.64374e+09,1.64607e+09,1.64775e+09,1.64504e+09,1.64179e+09,1.63837e+09,1.63512e+09
 0.287,6.20766e+08,6.21145e+08,6.21544e+08,6.21922e+08,6.22006e+08,6.20412e+08,6.18667e+08,6.16829e+08,6.15084e+08
 0.268,2.08856e+08,2.08914e+08,2.08974e+08,2.09032e+08,2.08989e+08,2.08411e+08,2.07792e+08,2.07141e+08,2.06522e+08
