#Lambda(microns),,Phi=0.1050,Phi=0.2000,Phi=0.3000,Phi=0.3950,Phi=0.5000,Phi=0.6050,Phi=0.7000,Phi=0.8000,Phi=0.8950
227.531,2.11374e+08,2.11417e+08,2.11463e+08,2.11506e+08,2.11539e+08,2.11498e+08,2.11447e+08,2.11393e+08,2.11342e+08
138.793,5.40284e+08,5.40394e+08,5.40510e+08,5.40621e+08,5.40704e+08,5.40595e+08,5.40460e+08,5.40319e+08,5.40185e+08
97.752,1.05578e+09,1.05600e+09,1.05622e+09,1.05644e+09,1.05660e+09,1.05638e+09,1.05612e+09,1.05584e+09,1.05558e+09
73.692,1.82463e+09,1.82499e+09,1.82538e+09,1.82575e+09,1.82603e+09,1.82566e+09,1.82520e+09,1.82472e+09,1.82427e+09
53.879,3.37883e+09,3.37952e+09,3.38024e+09,3.38092e+09,3.38144e+09,3.38076e+09,3.37992e+09,3.37904e+09,3.37821e+09
42.212,5.41511e+09,5.41621e+09,5.41737e+09,5.41847e+09,5.41930e+09,5.41822e+09,5.41690e+09,5.41551e+09,5.41419e+09
35.753,7.52724e+09,7.52877e+09,7.53039e+09,7.53193e+09,7.53309e+09,7.53161e+09,7.52980e+09,7.52788e+09,7.52606e+09
29.700,1.07333e+10,1.07355e+10,1.07378e+10,1.07400e+10,1.07417e+10,1.07396e+10,1.07369e+10,1.07342e+10,1.07316e+10
24.839,1.50283e+10,1.50314e+10,1.50346e+10,1.50377e+10,1.50400e+10,1.50370e+10,1.50333e+10,1.50294e+10,1.50257e+10
21.395,1.99888e+10,1.99929e+10,1.99972e+10,2.00013e+10,2.00044e+10,2.00004e+10,1.99955e+10,1.99903e+10,1.99854e+10
19.382,2.50371e+10,2.50424e+10,2.50480e+10,2.50533e+10,2.50573e+10,2.50522e+10,2.50459e+10,2.50393e+10,2.50330e+10
18.180,2.81884e+10,2.81944e+10,2.82006e+10,2.82066e+10,2.82111e+10,2.82054e+10,2.81983e+10,2.81909e+10,2.81839e+10
16.978,3.19480e+10,3.19547e+10,3.19618e+10,3.19686e+10,3.19737e+10,3.19672e+10,3.19592e+10,3.19508e+10,3.19428e+10
15.777,3.64969e+10,3.65046e+10,3.65127e+10,3.65204e+10,3.65263e+10,3.65188e+10,3.65097e+10,3.65000e+10,3.64909e+10
14.575,4.21251e+10,4.21340e+10,4.21434e+10,4.21523e+10,4.21591e+10,4.21504e+10,4.21398e+10,4.21287e+10,4.21181e+10
13.588,4.77449e+10,4.77550e+10,4.77657e+10,4.77758e+10,4.77834e+10,4.77737e+10,4.77616e+10,4.77490e+10,4.77370e+10
12.787,5.31539e+10,5.31652e+10,5.31770e+10,5.31883e+10,5.31968e+10,5.31859e+10,5.31724e+10,5.31583e+10,5.31449e+10
11.986,5.96004e+10,5.96130e+10,5.96263e+10,5.96389e+10,5.96485e+10,5.96362e+10,5.96211e+10,5.96052e+10,5.95901e+10
11.292,6.60396e+10,6.60536e+10,6.60683e+10,6.60823e+10,6.60929e+10,6.60792e+10,6.60624e+10,6.60447e+10,6.60279e+10
10.692,7.23823e+10,7.23977e+10,7.24138e+10,7.24292e+10,7.24407e+10,7.24256e+10,7.24070e+10,7.23874e+10,7.23688e+10
10.091,7.97735e+10,7.97904e+10,7.98082e+10,7.98252e+10,7.98380e+10,7.98211e+10,7.98004e+10,7.97787e+10,7.97581e+10
 9.648,8.61707e+10,8.61890e+10,8.62083e+10,8.62266e+10,8.62405e+10,8.62222e+10,8.61998e+10,8.61763e+10,8.61540e+10
 9.348,9.12273e+10,9.12468e+10,9.12673e+10,9.12867e+10,9.13014e+10,9.12821e+10,9.12584e+10,9.12335e+10,9.12099e+10
 8.995,9.76794e+10,9.77003e+10,9.77223e+10,9.77433e+10,9.77591e+10,9.77384e+10,9.77130e+10,9.76864e+10,9.76611e+10
 8.673,1.04478e+11,1.04501e+11,1.04524e+11,1.04547e+11,1.04564e+11,1.04542e+11,1.04515e+11,1.04487e+11,1.04460e+11
 8.345,1.11566e+11,1.11590e+11,1.11615e+11,1.11639e+11,1.11657e+11,1.11634e+11,1.11605e+11,1.11574e+11,1.11546e+11
 8.074,1.17951e+11,1.17977e+11,1.18003e+11,1.18029e+11,1.18048e+11,1.18023e+11,1.17993e+11,1.17960e+11,1.17930e+11
 7.904,1.21868e+11,1.21894e+11,1.21922e+11,1.21948e+11,1.21968e+11,1.21942e+11,1.21910e+11,1.21877e+11,1.21845e+11
 7.714,1.26152e+11,1.26180e+11,1.26208e+11,1.26236e+11,1.26256e+11,1.26229e+11,1.26196e+11,1.26161e+11,1.26128e+11
 7.498,1.30615e+11,1.30643e+11,1.30673e+11,1.30701e+11,1.30722e+11,1.30694e+11,1.30659e+11,1.30623e+11,1.30588e+11
 7.284,1.37120e+11,1.37149e+11,1.37181e+11,1.37210e+11,1.37233e+11,1.37203e+11,1.37166e+11,1.37128e+11,1.37092e+11
 7.094,1.43419e+11,1.43450e+11,1.43483e+11,1.43514e+11,1.43537e+11,1.43506e+11,1.43468e+11,1.43428e+11,1.43390e+11
 6.873,1.51274e+11,1.51307e+11,1.51341e+11,1.51374e+11,1.51399e+11,1.51366e+11,1.51326e+11,1.51284e+11,1.51244e+11
 6.664,1.58570e+11,1.58605e+11,1.58641e+11,1.58676e+11,1.58702e+11,1.58667e+11,1.58625e+11,1.58581e+11,1.58538e+11
 6.515,1.62000e+11,1.62035e+11,1.62072e+11,1.62107e+11,1.62134e+11,1.62097e+11,1.62053e+11,1.62007e+11,1.61963e+11
 6.297,1.66616e+11,1.66651e+11,1.66688e+11,1.66724e+11,1.66750e+11,1.66711e+11,1.66665e+11,1.66615e+11,1.66569e+11
 6.064,1.77620e+11,1.77658e+11,1.77698e+11,1.77736e+11,1.77765e+11,1.77723e+11,1.77674e+11,1.77621e+11,1.77571e+11
 5.899,1.86841e+11,1.86881e+11,1.86923e+11,1.86964e+11,1.86994e+11,1.86950e+11,1.86898e+11,1.86843e+11,1.86791e+11
 5.759,1.94784e+11,1.94826e+11,1.94870e+11,1.94913e+11,1.94944e+11,1.94899e+11,1.94845e+11,1.94787e+11,1.94733e+11
 5.572,2.06577e+11,2.06622e+11,2.06669e+11,2.06714e+11,2.06748e+11,2.06700e+11,2.06643e+11,2.06582e+11,2.06525e+11
 5.379,2.18732e+11,2.18780e+11,2.18830e+11,2.18878e+11,2.18914e+11,2.18863e+11,2.18802e+11,2.18738e+11,2.18677e+11
 5.265,2.26241e+11,2.26290e+11,2.26343e+11,2.26392e+11,2.26429e+11,2.26377e+11,2.26313e+11,2.26247e+11,2.26183e+11
 5.149,2.34620e+11,2.34671e+11,2.34725e+11,2.34776e+11,2.34815e+11,2.34760e+11,2.34694e+11,2.34625e+11,2.34559e+11
 5.000,2.45016e+11,2.45070e+11,2.45126e+11,2.45180e+11,2.45220e+11,2.45163e+11,2.45093e+11,2.45020e+11,2.44951e+11
 4.882,2.52997e+11,2.53052e+11,2.53110e+11,2.53166e+11,2.53207e+11,2.53147e+11,2.53075e+11,2.52999e+11,2.52927e+11
 4.827,2.56092e+11,2.56148e+11,2.56207e+11,2.56262e+11,2.56303e+11,2.56243e+11,2.56170e+11,2.56093e+11,2.56020e+11
 4.796,2.59886e+11,2.59943e+11,2.60003e+11,2.60059e+11,2.60101e+11,2.60040e+11,2.59966e+11,2.59887e+11,2.59813e+11
 4.750,2.62974e+11,2.63031e+11,2.63092e+11,2.63149e+11,2.63191e+11,2.63129e+11,2.63054e+11,2.62975e+11,2.62900e+11
 4.700,2.67132e+11,2.67190e+11,2.67251e+11,2.67309e+11,2.67352e+11,2.67289e+11,2.67213e+11,2.67133e+11,2.67056e+11
 4.662,2.70722e+11,2.70781e+11,2.70843e+11,2.70902e+11,2.70946e+11,2.70882e+11,2.70805e+11,2.70723e+11,2.70646e+11
 4.605,2.76078e+11,2.76138e+11,2.76202e+11,2.76262e+11,2.76307e+11,2.76241e+11,2.76162e+11,2.76079e+11,2.76000e+11
 4.504,2.83576e+11,2.83638e+11,2.83704e+11,2.83766e+11,2.83812e+11,2.83744e+11,2.83662e+11,2.83576e+11,2.83493e+11
 4.395,2.86961e+11,2.87024e+11,2.87091e+11,2.87154e+11,2.87200e+11,2.87130e+11,2.87045e+11,2.86955e+11,2.86871e+11
 4.301,2.82563e+11,2.82623e+11,2.82687e+11,2.82748e+11,2.82792e+11,2.82721e+11,2.82636e+11,2.82546e+11,2.82461e+11
 4.202,2.84265e+11,2.84324e+11,2.84387e+11,2.84446e+11,2.84489e+11,2.84416e+11,2.84330e+11,2.84240e+11,2.84153e+11
 4.074,2.90504e+11,2.90563e+11,2.90625e+11,2.90684e+11,2.90726e+11,2.90651e+11,2.90563e+11,2.90470e+11,2.90381e+11
 3.949,2.93268e+11,2.93324e+11,2.93384e+11,2.93440e+11,2.93479e+11,2.93403e+11,2.93313e+11,2.93218e+11,2.93128e+11
 3.849,3.02939e+11,3.02998e+11,3.03059e+11,3.03118e+11,3.03158e+11,3.03079e+11,3.02986e+11,3.02887e+11,3.02794e+11
 3.749,3.18113e+11,3.18176e+11,3.18244e+11,3.18307e+11,3.18352e+11,3.18269e+11,3.18171e+11,3.18067e+11,3.17969e+11
 3.662,3.33692e+11,3.33762e+11,3.33835e+11,3.33904e+11,3.33954e+11,3.33867e+11,3.33764e+11,3.33656e+11,3.33553e+11
 3.587,3.46408e+11,3.46482e+11,3.46559e+11,3.46633e+11,3.46686e+11,3.46597e+11,3.46490e+11,3.46377e+11,3.46271e+11
 3.513,3.59674e+11,3.59752e+11,3.59834e+11,3.59913e+11,3.59969e+11,3.59877e+11,3.59767e+11,3.59650e+11,3.59540e+11
 3.438,3.73997e+11,3.74080e+11,3.74167e+11,3.74250e+11,3.74310e+11,3.74215e+11,3.74101e+11,3.73981e+11,3.73866e+11
 3.363,3.88887e+11,3.88975e+11,3.89067e+11,3.89155e+11,3.89219e+11,3.89121e+11,3.89003e+11,3.88878e+11,3.88760e+11
 3.308,4.01109e+11,4.01201e+11,4.01297e+11,4.01388e+11,4.01456e+11,4.01356e+11,4.01235e+11,4.01108e+11,4.00987e+11
 3.269,4.08572e+11,4.08666e+11,4.08764e+11,4.08857e+11,4.08927e+11,4.08825e+11,4.08703e+11,4.08574e+11,4.08452e+11
 3.231,4.17461e+11,4.17558e+11,4.17659e+11,4.17755e+11,4.17827e+11,4.17724e+11,4.17600e+11,4.17469e+11,4.17344e+11
 3.193,4.24600e+11,4.24698e+11,4.24802e+11,4.24900e+11,4.24973e+11,4.24868e+11,4.24742e+11,4.24610e+11,4.24484e+11
 3.156,4.31865e+11,4.31965e+11,4.32071e+11,4.32171e+11,4.32246e+11,4.32140e+11,4.32012e+11,4.31878e+11,4.31750e+11
 3.118,4.38735e+11,4.38837e+11,4.38944e+11,4.39046e+11,4.39122e+11,4.39016e+11,4.38886e+11,4.38750e+11,4.38621e+11
 3.085,4.45488e+11,4.45592e+11,4.45701e+11,4.45805e+11,4.45882e+11,4.45774e+11,4.45643e+11,4.45506e+11,4.45375e+11
 3.055,4.49654e+11,4.49758e+11,4.49869e+11,4.49974e+11,4.50052e+11,4.49943e+11,4.49811e+11,4.49671e+11,4.49539e+11
 3.014,4.56747e+11,4.56854e+11,4.56966e+11,4.57073e+11,4.57153e+11,4.57042e+11,4.56908e+11,4.56767e+11,4.56632e+11
 2.965,4.65498e+11,4.65608e+11,4.65723e+11,4.65832e+11,4.65913e+11,4.65801e+11,4.65664e+11,4.65520e+11,4.65383e+11
 2.909,4.71679e+11,4.71790e+11,4.71906e+11,4.72017e+11,4.72100e+11,4.71985e+11,4.71845e+11,4.71698e+11,4.71558e+11
 2.847,4.81938e+11,4.82052e+11,4.82171e+11,4.82284e+11,4.82369e+11,4.82251e+11,4.82108e+11,4.81957e+11,4.81814e+11
 2.787,4.87764e+11,4.87878e+11,4.87999e+11,4.88113e+11,4.88199e+11,4.88078e+11,4.87931e+11,4.87777e+11,4.87631e+11
 2.730,4.91579e+11,4.91694e+11,4.91814e+11,4.91929e+11,4.92014e+11,4.91890e+11,4.91741e+11,4.91583e+11,4.91434e+11
 2.676,4.94040e+11,4.94155e+11,4.94276e+11,4.94391e+11,4.94476e+11,4.94348e+11,4.94195e+11,4.94034e+11,4.93880e+11
 2.623,5.09457e+11,5.09577e+11,5.09702e+11,5.09822e+11,5.09910e+11,5.09780e+11,5.09623e+11,5.09458e+11,5.09301e+11
 2.574,5.26556e+11,5.26681e+11,5.26812e+11,5.26937e+11,5.27029e+11,5.26896e+11,5.26735e+11,5.26565e+11,5.26403e+11
 2.527,5.36159e+11,5.36286e+11,5.36419e+11,5.36546e+11,5.36640e+11,5.36504e+11,5.36339e+11,5.36165e+11,5.36001e+11
 2.482,5.32975e+11,5.33099e+11,5.33229e+11,5.33353e+11,5.33444e+11,5.33306e+11,5.33139e+11,5.32963e+11,5.32796e+11
 2.437,5.28035e+11,5.28155e+11,5.28281e+11,5.28401e+11,5.28488e+11,5.28346e+11,5.28177e+11,5.27999e+11,5.27829e+11
 2.394,5.10824e+11,5.10935e+11,5.11051e+11,5.11161e+11,5.11239e+11,5.11097e+11,5.10929e+11,5.10752e+11,5.10583e+11
 2.354,4.91634e+11,4.91735e+11,4.91841e+11,4.91941e+11,4.92011e+11,4.91869e+11,4.91704e+11,4.91529e+11,4.91364e+11
 2.314,4.82736e+11,4.82831e+11,4.82931e+11,4.83026e+11,4.83090e+11,4.82949e+11,4.82784e+11,4.82611e+11,4.82446e+11
 2.276,4.59713e+11,4.59798e+11,4.59888e+11,4.59973e+11,4.60029e+11,4.59890e+11,4.59730e+11,4.59561e+11,4.59400e+11
 2.240,4.68509e+11,4.68598e+11,4.68692e+11,4.68781e+11,4.68840e+11,4.68699e+11,4.68535e+11,4.68363e+11,4.68200e+11
 2.209,4.86621e+11,4.86719e+11,4.86821e+11,4.86919e+11,4.86984e+11,4.86840e+11,4.86672e+11,4.86494e+11,4.86326e+11
 2.183,4.99769e+11,4.99872e+11,4.99982e+11,5.00085e+11,5.00156e+11,5.00010e+11,4.99838e+11,4.99658e+11,4.99486e+11
 2.163,5.07969e+11,5.08076e+11,5.08189e+11,5.08296e+11,5.08371e+11,5.08223e+11,5.08049e+11,5.07867e+11,5.07693e+11
 2.148,5.17409e+11,5.17521e+11,5.17639e+11,5.17751e+11,5.17829e+11,5.17680e+11,5.17504e+11,5.17319e+11,5.17143e+11
 2.137,5.22925e+11,5.23040e+11,5.23160e+11,5.23274e+11,5.23355e+11,5.23205e+11,5.23028e+11,5.22842e+11,5.22665e+11
 2.129,5.27858e+11,5.27974e+11,5.28097e+11,5.28214e+11,5.28297e+11,5.28146e+11,5.27968e+11,5.27781e+11,5.27603e+11
 2.114,5.29790e+11,5.29907e+11,5.30031e+11,5.30149e+11,5.30232e+11,5.30081e+11,5.29902e+11,5.29714e+11,5.29535e+11
 2.091,5.38820e+11,5.38942e+11,5.39070e+11,5.39192e+11,5.39278e+11,5.39126e+11,5.38945e+11,5.38755e+11,5.38574e+11
 2.070,5.43549e+11,5.43673e+11,5.43803e+11,5.43926e+11,5.44014e+11,5.43861e+11,5.43679e+11,5.43488e+11,5.43306e+11
 2.050,5.45263e+11,5.45387e+11,5.45517e+11,5.45641e+11,5.45730e+11,5.45577e+11,5.45394e+11,5.45202e+11,5.45019e+11
 2.030,5.47816e+11,5.47941e+11,5.48072e+11,5.48197e+11,5.48286e+11,5.48132e+11,5.47949e+11,5.47756e+11,5.47573e+11
 2.010,5.49390e+11,5.49515e+11,5.49647e+11,5.49773e+11,5.49862e+11,5.49707e+11,5.49523e+11,5.49329e+11,5.49145e+11
 1.982,5.45074e+11,5.45197e+11,5.45327e+11,5.45449e+11,5.45537e+11,5.45381e+11,5.45197e+11,5.45003e+11,5.44819e+11
 1.947,5.46761e+11,5.46885e+11,5.47015e+11,5.47138e+11,5.47226e+11,5.47069e+11,5.46883e+11,5.46687e+11,5.46501e+11
 1.916,5.54385e+11,5.54512e+11,5.54645e+11,5.54772e+11,5.54862e+11,5.54704e+11,5.54516e+11,5.54317e+11,5.54129e+11
 1.889,5.59409e+11,5.59538e+11,5.59673e+11,5.59801e+11,5.59893e+11,5.59734e+11,5.59544e+11,5.59345e+11,5.59155e+11
 1.863,5.70281e+11,5.70414e+11,5.70553e+11,5.70686e+11,5.70782e+11,5.70621e+11,5.70429e+11,5.70228e+11,5.70036e+11
 1.837,5.60058e+11,5.60186e+11,5.60320e+11,5.60448e+11,5.60539e+11,5.60379e+11,5.60187e+11,5.59986e+11,5.59795e+11
 1.812,5.54655e+11,5.54780e+11,5.54912e+11,5.55037e+11,5.55125e+11,5.54964e+11,5.54773e+11,5.54572e+11,5.54381e+11
 1.788,5.44810e+11,5.44930e+11,5.45057e+11,5.45177e+11,5.45261e+11,5.45100e+11,5.44910e+11,5.44710e+11,5.44521e+11
 1.766,5.29109e+11,5.29222e+11,5.29341e+11,5.29454e+11,5.29531e+11,5.29371e+11,5.29184e+11,5.28987e+11,5.28800e+11
 1.740,5.05329e+11,5.05431e+11,5.05538e+11,5.05640e+11,5.05707e+11,5.05550e+11,5.05368e+11,5.05176e+11,5.04993e+11
 1.713,4.86445e+11,4.86537e+11,4.86635e+11,4.86727e+11,4.86786e+11,4.86632e+11,4.86454e+11,4.86266e+11,4.86088e+11
 1.692,4.71668e+11,4.71752e+11,4.71841e+11,4.71926e+11,4.71978e+11,4.71826e+11,4.71652e+11,4.71468e+11,4.71294e+11
 1.675,4.68445e+11,4.68528e+11,4.68615e+11,4.68699e+11,4.68750e+11,4.68598e+11,4.68425e+11,4.68242e+11,4.68068e+11
 1.660,4.75358e+11,4.75444e+11,4.75536e+11,4.75623e+11,4.75677e+11,4.75524e+11,4.75347e+11,4.75162e+11,4.74986e+11
 1.646,4.86099e+11,4.86191e+11,4.86288e+11,4.86380e+11,4.86439e+11,4.86283e+11,4.86103e+11,4.85914e+11,4.85734e+11
 1.627,4.97261e+11,4.97360e+11,4.97463e+11,4.97562e+11,4.97626e+11,4.97468e+11,4.97285e+11,4.97092e+11,4.96908e+11
 1.604,5.08162e+11,5.08267e+11,5.08377e+11,5.08482e+11,5.08551e+11,5.08391e+11,5.08204e+11,5.08008e+11,5.07821e+11
 1.584,5.14729e+11,5.14838e+11,5.14953e+11,5.15062e+11,5.15135e+11,5.14974e+11,5.14785e+11,5.14586e+11,5.14398e+11
 1.567,5.19252e+11,5.19365e+11,5.19483e+11,5.19595e+11,5.19671e+11,5.19509e+11,5.19320e+11,5.19120e+11,5.18930e+11
 1.552,5.24736e+11,5.24852e+11,5.24973e+11,5.25089e+11,5.25168e+11,5.25005e+11,5.24814e+11,5.24613e+11,5.24421e+11
 1.538,5.28915e+11,5.29033e+11,5.29158e+11,5.29276e+11,5.29357e+11,5.29194e+11,5.29001e+11,5.28799e+11,5.28607e+11
 1.523,5.32460e+11,5.32580e+11,5.32707e+11,5.32827e+11,5.32910e+11,5.32746e+11,5.32553e+11,5.32350e+11,5.32157e+11
 1.506,5.36552e+11,5.36674e+11,5.36803e+11,5.36926e+11,5.37011e+11,5.36847e+11,5.36652e+11,5.36448e+11,5.36254e+11
 1.488,5.44225e+11,5.44351e+11,5.44485e+11,5.44611e+11,5.44700e+11,5.44535e+11,5.44339e+11,5.44133e+11,5.43937e+11
 1.471,5.46179e+11,5.46306e+11,5.46441e+11,5.46569e+11,5.46659e+11,5.46493e+11,5.46297e+11,5.46090e+11,5.45894e+11
 1.452,5.40968e+11,5.41094e+11,5.41226e+11,5.41352e+11,5.41440e+11,5.41275e+11,5.41079e+11,5.40873e+11,5.40678e+11
 1.434,5.42080e+11,5.42207e+11,5.42341e+11,5.42468e+11,5.42558e+11,5.42392e+11,5.42197e+11,5.41991e+11,5.41795e+11
 1.416,5.39881e+11,5.40008e+11,5.40141e+11,5.40268e+11,5.40357e+11,5.40191e+11,5.39996e+11,5.39790e+11,5.39595e+11
 1.400,5.28517e+11,5.28639e+11,5.28767e+11,5.28888e+11,5.28972e+11,5.28808e+11,5.28614e+11,5.28409e+11,5.28215e+11
 1.386,5.19710e+11,5.19828e+11,5.19952e+11,5.20070e+11,5.20151e+11,5.19987e+11,5.19795e+11,5.19592e+11,5.19399e+11
 1.374,5.16086e+11,5.16203e+11,5.16327e+11,5.16444e+11,5.16524e+11,5.16361e+11,5.16169e+11,5.15966e+11,5.15774e+11
 1.358,5.15175e+11,5.15291e+11,5.15414e+11,5.15530e+11,5.15610e+11,5.15446e+11,5.15255e+11,5.15053e+11,5.14862e+11
 1.339,5.02792e+11,5.02902e+11,5.03017e+11,5.03127e+11,5.03201e+11,5.03039e+11,5.02849e+11,5.02650e+11,5.02461e+11
 1.318,4.55835e+11,4.55919e+11,4.56008e+11,4.56092e+11,4.56144e+11,4.55989e+11,4.55811e+11,4.55624e+11,4.55447e+11
 1.296,4.56353e+11,4.56438e+11,4.56527e+11,4.56612e+11,4.56664e+11,4.56510e+11,4.56334e+11,4.56148e+11,4.55971e+11
 1.276,4.59315e+11,4.59403e+11,4.59496e+11,4.59584e+11,4.59639e+11,4.59485e+11,4.59308e+11,4.59122e+11,4.58945e+11
 1.259,4.62614e+11,4.62706e+11,4.62802e+11,4.62894e+11,4.62952e+11,4.62797e+11,4.62618e+11,4.62429e+11,4.62250e+11
 1.241,4.54600e+11,4.54689e+11,4.54783e+11,4.54872e+11,4.54928e+11,4.54774e+11,4.54597e+11,4.54410e+11,4.54233e+11
 1.224,4.44047e+11,4.44133e+11,4.44223e+11,4.44308e+11,4.44362e+11,4.44209e+11,4.44034e+11,4.43850e+11,4.43675e+11
 1.206,4.47656e+11,4.47746e+11,4.47842e+11,4.47932e+11,4.47990e+11,4.47836e+11,4.47659e+11,4.47473e+11,4.47296e+11
 1.189,4.44516e+11,4.44608e+11,4.44705e+11,4.44797e+11,4.44857e+11,4.44704e+11,4.44527e+11,4.44341e+11,4.44164e+11
 1.169,4.41227e+11,4.41319e+11,4.41415e+11,4.41507e+11,4.41567e+11,4.41415e+11,4.41241e+11,4.41057e+11,4.40882e+11
 1.148,4.41048e+11,4.41142e+11,4.41240e+11,4.41334e+11,4.41395e+11,4.41245e+11,4.41072e+11,4.40889e+11,4.40715e+11
 1.126,4.37264e+11,4.37358e+11,4.37458e+11,4.37553e+11,4.37615e+11,4.37467e+11,4.37296e+11,4.37116e+11,4.36944e+11
 1.102,4.26382e+11,4.26474e+11,4.26571e+11,4.26663e+11,4.26723e+11,4.26579e+11,4.26411e+11,4.26234e+11,4.26067e+11
 1.080,4.06175e+11,4.06258e+11,4.06346e+11,4.06430e+11,4.06483e+11,4.06343e+11,4.06181e+11,4.06011e+11,4.05849e+11
 1.061,4.06677e+11,4.06766e+11,4.06859e+11,4.06948e+11,4.07006e+11,4.06866e+11,4.06704e+11,4.06534e+11,4.06372e+11
 1.040,4.07849e+11,4.07941e+11,4.08037e+11,4.08129e+11,4.08191e+11,4.08053e+11,4.07893e+11,4.07725e+11,4.07565e+11
 1.016,4.04128e+11,4.04222e+11,4.04321e+11,4.04415e+11,4.04479e+11,4.04345e+11,4.04188e+11,4.04022e+11,4.03865e+11
 0.996,3.96588e+11,3.96682e+11,3.96780e+11,3.96874e+11,3.96939e+11,3.96807e+11,3.96653e+11,3.96490e+11,3.96336e+11
 0.980,3.76619e+11,3.76708e+11,3.76801e+11,3.76890e+11,3.76951e+11,3.76825e+11,3.76677e+11,3.76521e+11,3.76372e+11
 0.963,3.60754e+11,3.60839e+11,3.60928e+11,3.61012e+11,3.61070e+11,3.60947e+11,3.60804e+11,3.60653e+11,3.60509e+11
 0.944,3.65239e+11,3.65329e+11,3.65425e+11,3.65515e+11,3.65579e+11,3.65459e+11,3.65317e+11,3.65169e+11,3.65027e+11
 0.931,3.62551e+11,3.62643e+11,3.62739e+11,3.62831e+11,3.62896e+11,3.62778e+11,3.62639e+11,3.62493e+11,3.62354e+11
 0.919,3.38361e+11,3.38443e+11,3.38528e+11,3.38609e+11,3.38665e+11,3.38552e+11,3.38419e+11,3.38279e+11,3.38146e+11
 0.904,3.41560e+11,3.41645e+11,3.41735e+11,3.41820e+11,3.41879e+11,3.41768e+11,3.41636e+11,3.41497e+11,3.41365e+11
 0.891,3.46372e+11,3.46461e+11,3.46554e+11,3.46643e+11,3.46707e+11,3.46597e+11,3.46467e+11,3.46329e+11,3.46199e+11
 0.877,3.15223e+11,3.15302e+11,3.15384e+11,3.15462e+11,3.15517e+11,3.15412e+11,3.15289e+11,3.15159e+11,3.15035e+11
 0.865,3.21252e+11,3.21335e+11,3.21423e+11,3.21507e+11,3.21567e+11,3.21464e+11,3.21342e+11,3.21213e+11,3.21090e+11
 0.852,3.29962e+11,3.30050e+11,3.30143e+11,3.30232e+11,3.30297e+11,3.30196e+11,3.30075e+11,3.29947e+11,3.29826e+11
 0.834,2.91570e+11,2.91645e+11,2.91724e+11,2.91799e+11,2.91853e+11,2.91759e+11,2.91647e+11,2.91530e+11,2.91418e+11
 0.822,2.75884e+11,2.75954e+11,2.76028e+11,2.76098e+11,2.76148e+11,2.76057e+11,2.75950e+11,2.75838e+11,2.75731e+11
 0.810,2.65665e+11,2.65733e+11,2.65805e+11,2.65873e+11,2.65921e+11,2.65833e+11,2.65730e+11,2.65621e+11,2.65518e+11
 0.792,2.79735e+11,2.79810e+11,2.79890e+11,2.79965e+11,2.80021e+11,2.79935e+11,2.79832e+11,2.79723e+11,2.79620e+11
 0.777,2.81834e+11,2.81911e+11,2.81992e+11,2.82069e+11,2.82126e+11,2.82042e+11,2.81942e+11,2.81836e+11,2.81735e+11
 0.765,2.56346e+11,2.56415e+11,2.56488e+11,2.56557e+11,2.56607e+11,2.56530e+11,2.56436e+11,2.56338e+11,2.56244e+11
 0.752,2.13089e+11,2.13144e+11,2.13201e+11,2.13255e+11,2.13293e+11,2.13222e+11,2.13138e+11,2.13050e+11,2.12966e+11
 0.739,2.15281e+11,2.15338e+11,2.15398e+11,2.15455e+11,2.15496e+11,2.15427e+11,2.15344e+11,2.15257e+11,2.15175e+11
 0.729,2.34892e+11,2.34957e+11,2.35024e+11,2.35089e+11,2.35136e+11,2.35067e+11,2.34982e+11,2.34894e+11,2.34809e+11
 0.714,2.43851e+11,2.43918e+11,2.43988e+11,2.44055e+11,2.44105e+11,2.44037e+11,2.43954e+11,2.43867e+11,2.43784e+11
 0.697,2.10056e+11,2.10114e+11,2.10175e+11,2.10233e+11,2.10276e+11,2.10214e+11,2.10139e+11,2.10060e+11,2.09985e+11
 0.677,2.13695e+11,2.13754e+11,2.13816e+11,2.13875e+11,2.13920e+11,2.13861e+11,2.13788e+11,2.13712e+11,2.13640e+11
 0.657,1.71428e+11,1.71476e+11,1.71526e+11,1.71574e+11,1.71609e+11,1.71559e+11,1.71498e+11,1.71433e+11,1.71372e+11
 0.642,1.59900e+11,1.59944e+11,1.59991e+11,1.60036e+11,1.60069e+11,1.60022e+11,1.59966e+11,1.59906e+11,1.59849e+11
 0.628,1.55981e+11,1.56024e+11,1.56070e+11,1.56113e+11,1.56146e+11,1.56102e+11,1.56048e+11,1.55992e+11,1.55938e+11
 0.617,1.37088e+11,1.37126e+11,1.37166e+11,1.37204e+11,1.37233e+11,1.37193e+11,1.37144e+11,1.37094e+11,1.37045e+11
 0.604,1.25219e+11,1.25254e+11,1.25291e+11,1.25326e+11,1.25352e+11,1.25315e+11,1.25271e+11,1.25224e+11,1.25179e+11
 0.591,1.21578e+11,1.21612e+11,1.21648e+11,1.21682e+11,1.21707e+11,1.21673e+11,1.21630e+11,1.21586e+11,1.21544e+11
 0.578,9.99185e+10,9.99465e+10,9.99761e+10,1.00004e+11,1.00025e+11,9.99950e+10,9.99587e+10,9.99204e+10,9.98841e+10
 0.565,9.52359e+10,9.52627e+10,9.52909e+10,9.53176e+10,9.53376e+10,9.53097e+10,9.52758e+10,9.52401e+10,9.52063e+10
 0.552,8.21716e+10,8.21947e+10,8.22190e+10,8.22420e+10,8.22591e+10,8.22346e+10,8.22048e+10,8.21735e+10,8.21437e+10
 0.537,6.53409e+10,6.53592e+10,6.53784e+10,6.53966e+10,6.54100e+10,6.53897e+10,6.53651e+10,6.53393e+10,6.53148e+10
 0.523,6.11669e+10,6.11839e+10,6.12018e+10,6.12187e+10,6.12313e+10,6.12128e+10,6.11905e+10,6.11670e+10,6.11447e+10
 0.506,5.38043e+10,5.38193e+10,5.38351e+10,5.38501e+10,5.38612e+10,5.38450e+10,5.38254e+10,5.38047e+10,5.37851e+10
 0.485,3.87698e+10,3.87807e+10,3.87921e+10,3.88029e+10,3.88109e+10,3.87990e+10,3.87847e+10,3.87697e+10,3.87553e+10
 0.465,2.80149e+10,2.80227e+10,2.80309e+10,2.80387e+10,2.80445e+10,2.80358e+10,2.80253e+10,2.80142e+10,2.80037e+10
 0.445,1.86740e+10,1.86791e+10,1.86845e+10,1.86897e+10,1.86934e+10,1.86874e+10,1.86802e+10,1.86727e+10,1.86655e+10
 0.426,1.18276e+10,1.18307e+10,1.18340e+10,1.18372e+10,1.18394e+10,1.18357e+10,1.18312e+10,1.18264e+10,1.18219e+10
 0.408,8.43201e+09,8.43438e+09,8.43687e+09,8.43924e+09,8.44108e+09,8.43903e+09,8.43647e+09,8.43377e+09,8.43121e+09
 0.387,7.70208e+09,7.70499e+09,7.70805e+09,7.71096e+09,7.71355e+09,7.71300e+09,7.71194e+09,7.71083e+09,7.70977e+09
 0.362,5.99412e+09,5.99663e+09,5.99927e+09,6.00178e+09,6.00407e+09,6.00398e+09,6.00346e+09,6.00292e+09,6.00240e+09
 0.337,3.50532e+09,3.50663e+09,3.50801e+09,3.50932e+09,3.51048e+09,3.51020e+09,3.50968e+09,3.50913e+09,3.50862e+09
 0.312,2.05527e+09,2.05599e+09,2.05676e+09,2.05749e+09,2.05812e+09,2.05789e+09,2.05753e+09,2.05714e+09,2.05677e+09
 0.287,9.92458e+08,9.92743e+08,9.93043e+08,9.93328e+08,9.93552e+08,9.93317e+08,9.93022e+08,9.92711e+08,9.92415e+08
 0.268,5.02951e+08,5.03084e+08,5.03224e+08,5.03357e+08,5.03457e+08,5.03323e+08,5.03160e+08,5.02988e+08,5.02824e+08
