#Lambda(microns),,Phi=0.1050,Phi=0.2000,Phi=0.3000,Phi=0.3950,Phi=0.5000,Phi=0.6050,Phi=0.7000,Phi=0.8000,Phi=0.8950
227.531,2.11045e+08,2.11168e+08,2.11296e+08,2.11419e+08,2.11485e+08,2.11209e+08,2.10898e+08,2.10570e+08,2.10258e+08
138.793,5.39695e+08,5.39947e+08,5.40212e+08,5.40464e+08,5.40568e+08,5.39800e+08,5.38947e+08,5.38049e+08,5.37196e+08
97.752,1.05494e+09,1.05536e+09,1.05580e+09,1.05621e+09,1.05634e+09,1.05481e+09,1.05311e+09,1.05133e+09,1.04964e+09
73.692,1.82325e+09,1.82395e+09,1.82469e+09,1.82539e+09,1.82559e+09,1.82297e+09,1.82009e+09,1.81706e+09,1.81417e+09
53.879,3.37579e+09,3.37721e+09,3.37870e+09,3.38011e+09,3.38064e+09,3.37597e+09,3.37081e+09,3.36537e+09,3.36021e+09
42.212,5.40909e+09,5.41164e+09,5.41432e+09,5.41687e+09,5.41803e+09,5.41090e+09,5.40295e+09,5.39459e+09,5.38664e+09
35.753,7.51752e+09,7.52140e+09,7.52547e+09,7.52934e+09,7.53132e+09,7.52178e+09,7.51107e+09,7.49980e+09,7.48909e+09
29.700,1.07199e+10,1.07253e+10,1.07310e+10,1.07365e+10,1.07391e+10,1.07251e+10,1.07094e+10,1.06928e+10,1.06771e+10
24.839,1.50104e+10,1.50178e+10,1.50255e+10,1.50329e+10,1.50364e+10,1.50161e+10,1.49936e+10,1.49698e+10,1.49472e+10
21.395,1.99635e+10,1.99737e+10,1.99844e+10,1.99946e+10,1.99995e+10,1.99726e+10,1.99426e+10,1.99109e+10,1.98809e+10
19.382,2.49988e+10,2.50133e+10,2.50286e+10,2.50431e+10,2.50507e+10,2.50164e+10,2.49777e+10,2.49369e+10,2.48982e+10
18.180,2.81448e+10,2.81613e+10,2.81786e+10,2.81950e+10,2.82038e+10,2.81654e+10,2.81222e+10,2.80768e+10,2.80336e+10
16.978,3.18987e+10,3.19173e+10,3.19369e+10,3.19555e+10,3.19654e+10,3.19219e+10,3.18728e+10,3.18212e+10,3.17722e+10
15.777,3.64409e+10,3.64621e+10,3.64844e+10,3.65055e+10,3.65167e+10,3.64667e+10,3.64104e+10,3.63512e+10,3.62949e+10
14.575,4.20600e+10,4.20845e+10,4.21104e+10,4.21350e+10,4.21479e+10,4.20899e+10,4.20245e+10,4.19556e+10,4.18903e+10
13.588,4.76719e+10,4.76996e+10,4.77287e+10,4.77564e+10,4.77708e+10,4.77043e+10,4.76296e+10,4.75509e+10,4.74762e+10
12.787,5.30738e+10,5.31043e+10,5.31365e+10,5.31670e+10,5.31826e+10,5.31078e+10,5.30238e+10,5.29354e+10,5.28513e+10
11.986,5.95105e+10,5.95448e+10,5.95808e+10,5.96150e+10,5.96324e+10,5.95475e+10,5.94522e+10,5.93519e+10,5.92567e+10
11.292,6.59429e+10,6.59801e+10,6.60193e+10,6.60565e+10,6.60749e+10,6.59791e+10,6.58718e+10,6.57589e+10,6.56516e+10
10.692,7.22820e+10,7.23215e+10,7.23630e+10,7.24025e+10,7.24207e+10,7.23120e+10,7.21906e+10,7.20629e+10,7.19415e+10
10.091,7.96680e+10,7.97103e+10,7.97548e+10,7.97971e+10,7.98156e+10,7.96926e+10,7.95557e+10,7.94116e+10,7.92747e+10
 9.648,8.60575e+10,8.61030e+10,8.61510e+10,8.61965e+10,8.62162e+10,8.60826e+10,8.59340e+10,8.57775e+10,8.56289e+10
 9.348,9.11023e+10,9.11518e+10,9.12040e+10,9.12535e+10,9.12757e+10,9.11352e+10,9.09786e+10,9.08138e+10,9.06572e+10
 8.995,9.75384e+10,9.75932e+10,9.76509e+10,9.77057e+10,9.77314e+10,9.75825e+10,9.74161e+10,9.72410e+10,9.70746e+10
 8.673,1.04313e+11,1.04376e+11,1.04441e+11,1.04503e+11,1.04534e+11,1.04379e+11,1.04205e+11,1.04022e+11,1.03848e+11
 8.345,1.11390e+11,1.11456e+11,1.11526e+11,1.11592e+11,1.11626e+11,1.11460e+11,1.11273e+11,1.11077e+11,1.10890e+11
 8.074,1.17766e+11,1.17836e+11,1.17910e+11,1.17980e+11,1.18015e+11,1.17837e+11,1.17637e+11,1.17428e+11,1.17228e+11
 7.904,1.21682e+11,1.21753e+11,1.21828e+11,1.21899e+11,1.21933e+11,1.21747e+11,1.21538e+11,1.21318e+11,1.21109e+11
 7.714,1.25968e+11,1.26040e+11,1.26115e+11,1.26187e+11,1.26220e+11,1.26022e+11,1.25802e+11,1.25570e+11,1.25350e+11
 7.498,1.30439e+11,1.30510e+11,1.30584e+11,1.30654e+11,1.30684e+11,1.30474e+11,1.30240e+11,1.29993e+11,1.29759e+11
 7.284,1.36928e+11,1.37004e+11,1.37083e+11,1.37159e+11,1.37193e+11,1.36972e+11,1.36728e+11,1.36470e+11,1.36225e+11
 7.094,1.43208e+11,1.43290e+11,1.43376e+11,1.43458e+11,1.43495e+11,1.43267e+11,1.43012e+11,1.42743e+11,1.42488e+11
 6.873,1.51043e+11,1.51131e+11,1.51224e+11,1.51313e+11,1.51355e+11,1.51115e+11,1.50848e+11,1.50566e+11,1.50299e+11
 6.664,1.58335e+11,1.58426e+11,1.58522e+11,1.58613e+11,1.58655e+11,1.58401e+11,1.58118e+11,1.57820e+11,1.57537e+11
 6.515,1.61819e+11,1.61898e+11,1.61981e+11,1.62059e+11,1.62085e+11,1.61806e+11,1.61498e+11,1.61174e+11,1.60867e+11
 6.297,1.66558e+11,1.66607e+11,1.66659e+11,1.66708e+11,1.66700e+11,1.66379e+11,1.66032e+11,1.65666e+11,1.65319e+11
 6.064,1.77536e+11,1.77594e+11,1.77656e+11,1.77714e+11,1.77711e+11,1.77370e+11,1.77001e+11,1.76612e+11,1.76242e+11
 5.899,1.86716e+11,1.86786e+11,1.86860e+11,1.86930e+11,1.86936e+11,1.86584e+11,1.86200e+11,1.85796e+11,1.85412e+11
 5.759,1.94636e+11,1.94714e+11,1.94796e+11,1.94873e+11,1.94884e+11,1.94519e+11,1.94121e+11,1.93702e+11,1.93304e+11
 5.572,2.06392e+11,2.06481e+11,2.06576e+11,2.06665e+11,2.06684e+11,2.06301e+11,2.05882e+11,2.05442e+11,2.05023e+11
 5.379,2.18521e+11,2.18620e+11,2.18723e+11,2.18822e+11,2.18845e+11,2.18439e+11,2.17994e+11,2.17526e+11,2.17082e+11
 5.265,2.26029e+11,2.26129e+11,2.26235e+11,2.26336e+11,2.26357e+11,2.25931e+11,2.25465e+11,2.24975e+11,2.24509e+11
 5.149,2.34398e+11,2.34503e+11,2.34613e+11,2.34718e+11,2.34739e+11,2.34293e+11,2.33805e+11,2.33291e+11,2.32803e+11
 5.000,2.44801e+11,2.44906e+11,2.45017e+11,2.45123e+11,2.45140e+11,2.44664e+11,2.44143e+11,2.43595e+11,2.43075e+11
 4.882,2.52810e+11,2.52910e+11,2.53016e+11,2.53116e+11,2.53124e+11,2.52620e+11,2.52071e+11,2.51494e+11,2.50945e+11
 4.827,2.55941e+11,2.56033e+11,2.56130e+11,2.56222e+11,2.56221e+11,2.55708e+11,2.55150e+11,2.54564e+11,2.54007e+11
 4.796,2.59706e+11,2.59806e+11,2.59911e+11,2.60011e+11,2.60017e+11,2.59497e+11,2.58931e+11,2.58336e+11,2.57771e+11
 4.750,2.62811e+11,2.62907e+11,2.63009e+11,2.63106e+11,2.63107e+11,2.62580e+11,2.62007e+11,2.61404e+11,2.60832e+11
 4.700,2.66991e+11,2.67083e+11,2.67180e+11,2.67271e+11,2.67268e+11,2.66737e+11,2.66162e+11,2.65557e+11,2.64981e+11
 4.662,2.70548e+11,2.70649e+11,2.70755e+11,2.70856e+11,2.70859e+11,2.70320e+11,2.69734e+11,2.69118e+11,2.68532e+11
 4.605,2.75902e+11,2.76004e+11,2.76112e+11,2.76215e+11,2.76218e+11,2.75665e+11,2.75064e+11,2.74432e+11,2.73832e+11
 4.504,2.83394e+11,2.83500e+11,2.83612e+11,2.83718e+11,2.83718e+11,2.83132e+11,2.82496e+11,2.81826e+11,2.81190e+11
 4.395,2.86867e+11,2.86952e+11,2.87043e+11,2.87129e+11,2.87103e+11,2.86476e+11,2.85800e+11,2.85088e+11,2.84412e+11
 4.301,2.82695e+11,2.82724e+11,2.82754e+11,2.82783e+11,2.82700e+11,2.82046e+11,2.81351e+11,2.80619e+11,2.79924e+11
 4.202,2.84575e+11,2.84560e+11,2.84544e+11,2.84528e+11,2.84402e+11,2.83725e+11,2.83014e+11,2.82265e+11,2.81554e+11
 4.074,2.91026e+11,2.90960e+11,2.90889e+11,2.90822e+11,2.90643e+11,2.89937e+11,2.89203e+11,2.88430e+11,2.87695e+11
 3.949,2.94114e+11,2.93967e+11,2.93812e+11,2.93665e+11,2.93406e+11,2.92666e+11,2.91910e+11,2.91113e+11,2.90357e+11
 3.849,3.03805e+11,3.03655e+11,3.03498e+11,3.03348e+11,3.03081e+11,3.02311e+11,3.01523e+11,3.00693e+11,2.99905e+11
 3.749,3.18820e+11,3.18713e+11,3.18601e+11,3.18495e+11,3.18263e+11,3.17459e+11,3.16628e+11,3.15753e+11,3.14922e+11
 3.662,3.34172e+11,3.34126e+11,3.34078e+11,3.34032e+11,3.33851e+11,3.33022e+11,3.32155e+11,3.31242e+11,3.30375e+11
 3.587,3.46737e+11,3.46732e+11,3.46726e+11,3.46721e+11,3.46574e+11,3.45725e+11,3.44830e+11,3.43888e+11,3.42993e+11
 3.513,3.59836e+11,3.59875e+11,3.59916e+11,3.59956e+11,3.59848e+11,3.58984e+11,3.58065e+11,3.57098e+11,3.56180e+11
 3.438,3.73985e+11,3.74071e+11,3.74161e+11,3.74247e+11,3.74179e+11,3.73301e+11,3.72361e+11,3.71370e+11,3.70429e+11
 3.363,3.88688e+11,3.88824e+11,3.88966e+11,3.89102e+11,3.89078e+11,3.88187e+11,3.87225e+11,3.86211e+11,3.85249e+11
 3.308,4.00751e+11,4.00929e+11,4.01115e+11,4.01293e+11,4.01308e+11,4.00415e+11,3.99444e+11,3.98421e+11,3.97450e+11
 3.269,4.08152e+11,4.08347e+11,4.08551e+11,4.08746e+11,4.08776e+11,4.07881e+11,4.06905e+11,4.05877e+11,4.04901e+11
 3.231,4.16927e+11,4.17152e+11,4.17388e+11,4.17613e+11,4.17671e+11,4.16777e+11,4.15795e+11,4.14762e+11,4.13781e+11
 3.193,4.24023e+11,4.24260e+11,4.24509e+11,4.24746e+11,4.24814e+11,4.23916e+11,4.22929e+11,4.21890e+11,4.20902e+11
 3.156,4.31221e+11,4.31476e+11,4.31744e+11,4.31999e+11,4.32084e+11,4.31182e+11,4.30186e+11,4.29139e+11,4.28144e+11
 3.118,4.38052e+11,4.38318e+11,4.38598e+11,4.38865e+11,4.38959e+11,4.38052e+11,4.37051e+11,4.35997e+11,4.34996e+11
 3.085,4.44765e+11,4.45042e+11,4.45335e+11,4.45612e+11,4.45717e+11,4.44809e+11,4.43805e+11,4.42749e+11,4.41745e+11
 3.055,4.48927e+11,4.49206e+11,4.49501e+11,4.49780e+11,4.49884e+11,4.48965e+11,4.47947e+11,4.46877e+11,4.45859e+11
 3.014,4.55971e+11,4.56265e+11,4.56573e+11,4.56867e+11,4.56982e+11,4.56054e+11,4.55025e+11,4.53942e+11,4.52914e+11
 2.965,4.64692e+11,4.64995e+11,4.65314e+11,4.65617e+11,4.65739e+11,4.64797e+11,4.63752e+11,4.62651e+11,4.61606e+11
 2.909,4.70908e+11,4.71204e+11,4.71516e+11,4.71812e+11,4.71922e+11,4.70949e+11,4.69872e+11,4.68738e+11,4.67662e+11
 2.847,4.81140e+11,4.81445e+11,4.81767e+11,4.82072e+11,4.82187e+11,4.81188e+11,4.80083e+11,4.78919e+11,4.77814e+11
 2.787,4.87051e+11,4.87337e+11,4.87638e+11,4.87924e+11,4.88013e+11,4.86972e+11,4.85825e+11,4.84618e+11,4.83471e+11
 2.730,4.91025e+11,4.91273e+11,4.91534e+11,4.91782e+11,4.91828e+11,4.90737e+11,4.89544e+11,4.88288e+11,4.87095e+11
 2.676,4.93636e+11,4.93848e+11,4.94071e+11,4.94283e+11,4.94285e+11,4.93125e+11,4.91866e+11,4.90540e+11,4.89280e+11
 2.623,5.08898e+11,5.09152e+11,5.09419e+11,5.09673e+11,5.09712e+11,5.08539e+11,5.07260e+11,5.05912e+11,5.04633e+11
 2.574,5.25843e+11,5.26139e+11,5.26451e+11,5.26747e+11,5.26822e+11,5.25638e+11,5.24338e+11,5.22970e+11,5.21670e+11
 2.527,5.35471e+11,5.35763e+11,5.36071e+11,5.36363e+11,5.36429e+11,5.35212e+11,5.33879e+11,5.32476e+11,5.31143e+11
 2.482,5.32616e+11,5.32826e+11,5.33047e+11,5.33258e+11,5.33238e+11,5.31956e+11,5.30569e+11,5.29109e+11,5.27721e+11
 2.437,5.28128e+11,5.28225e+11,5.28328e+11,5.28425e+11,5.28287e+11,5.26919e+11,5.25459e+11,5.23921e+11,5.22461e+11
 2.394,5.11605e+11,5.11527e+11,5.11446e+11,5.11369e+11,5.11059e+11,5.09628e+11,5.08131e+11,5.06555e+11,5.05058e+11
 2.354,4.93009e+11,4.92779e+11,4.92537e+11,4.92307e+11,4.91851e+11,4.90389e+11,4.88884e+11,4.87301e+11,4.85796e+11
 2.314,4.84506e+11,4.84175e+11,4.83827e+11,4.83496e+11,4.82944e+11,4.81458e+11,4.79944e+11,4.78351e+11,4.76838e+11
 2.276,4.62007e+11,4.61540e+11,4.61049e+11,4.60583e+11,4.59903e+11,4.58401e+11,4.56893e+11,4.55306e+11,4.53799e+11
 2.240,4.70736e+11,4.70289e+11,4.69819e+11,4.69373e+11,4.68707e+11,4.67181e+11,4.65644e+11,4.64026e+11,4.62489e+11
 2.209,4.88531e+11,4.88169e+11,4.87788e+11,4.87426e+11,4.86835e+11,4.85289e+11,4.83717e+11,4.82063e+11,4.80492e+11
 2.183,5.01385e+11,5.01099e+11,5.00799e+11,5.00514e+11,4.99993e+11,4.98443e+11,4.96853e+11,4.95180e+11,4.93591e+11
 2.163,5.09410e+11,5.09170e+11,5.08918e+11,5.08679e+11,5.08200e+11,5.06646e+11,5.05046e+11,5.03361e+11,5.01761e+11
 2.148,5.18576e+11,5.18407e+11,5.18229e+11,5.18060e+11,5.17646e+11,5.16095e+11,5.14486e+11,5.12792e+11,5.11183e+11
 2.137,5.23956e+11,5.23822e+11,5.23682e+11,5.23548e+11,5.23167e+11,5.21617e+11,5.20003e+11,5.18304e+11,5.16690e+11
 2.129,5.28732e+11,5.28639e+11,5.28540e+11,5.28446e+11,5.28102e+11,5.26555e+11,5.24937e+11,5.23234e+11,5.21617e+11
 2.114,5.30624e+11,5.30541e+11,5.30453e+11,5.30370e+11,5.30035e+11,5.28483e+11,5.26859e+11,5.25149e+11,5.23525e+11
 2.091,5.39404e+11,5.39385e+11,5.39365e+11,5.39346e+11,5.39071e+11,5.37524e+11,5.35894e+11,5.34178e+11,5.32547e+11
 2.070,5.44026e+11,5.44034e+11,5.44044e+11,5.44053e+11,5.43803e+11,5.42256e+11,5.40622e+11,5.38902e+11,5.37268e+11
 2.050,5.45709e+11,5.45725e+11,5.45743e+11,5.45760e+11,5.45517e+11,5.43969e+11,5.42331e+11,5.40608e+11,5.38971e+11
 2.030,5.48237e+11,5.48260e+11,5.48285e+11,5.48308e+11,5.48072e+11,5.46521e+11,5.44880e+11,5.43153e+11,5.41512e+11
 2.010,5.49805e+11,5.49830e+11,5.49857e+11,5.49882e+11,5.49646e+11,5.48087e+11,5.46437e+11,5.44700e+11,5.43050e+11
 1.982,5.45697e+11,5.45670e+11,5.45642e+11,5.45615e+11,5.45326e+11,5.43742e+11,5.42074e+11,5.40318e+11,5.38651e+11
 1.947,5.47431e+11,5.47393e+11,5.47354e+11,5.47316e+11,5.47013e+11,5.45402e+11,5.43708e+11,5.41924e+11,5.40230e+11
 1.916,5.54914e+11,5.54913e+11,5.54913e+11,5.54912e+11,5.54642e+11,5.53024e+11,5.51316e+11,5.49519e+11,5.47811e+11
 1.889,5.59859e+11,5.59879e+11,5.59900e+11,5.59921e+11,5.59670e+11,5.58054e+11,5.56345e+11,5.54547e+11,5.52838e+11
 1.863,5.70496e+11,5.70577e+11,5.70662e+11,5.70743e+11,5.70550e+11,5.68946e+11,5.67238e+11,5.65441e+11,5.63734e+11
 1.837,5.60618e+11,5.60611e+11,5.60604e+11,5.60597e+11,5.60317e+11,5.58676e+11,5.56946e+11,5.55124e+11,5.53393e+11
 1.812,5.55430e+11,5.55368e+11,5.55304e+11,5.55243e+11,5.54909e+11,5.53245e+11,5.51500e+11,5.49662e+11,5.47916e+11
 1.788,5.45905e+11,5.45762e+11,5.45611e+11,5.45468e+11,5.45055e+11,5.43372e+11,5.41618e+11,5.39773e+11,5.38019e+11
 1.766,5.30637e+11,5.30383e+11,5.30114e+11,5.29859e+11,5.29341e+11,5.27640e+11,5.25886e+11,5.24041e+11,5.22287e+11
 1.740,5.07445e+11,5.07038e+11,5.06609e+11,5.06202e+11,5.05542e+11,5.03832e+11,5.02096e+11,5.00268e+11,4.98531e+11
 1.713,4.89053e+11,4.88518e+11,4.87955e+11,4.87420e+11,4.86644e+11,4.84945e+11,4.83241e+11,4.81447e+11,4.79743e+11
 1.692,4.74655e+11,4.74021e+11,4.73354e+11,4.72719e+11,4.71856e+11,4.70179e+11,4.68516e+11,4.66764e+11,4.65100e+11
 1.675,4.71506e+11,4.70852e+11,4.70165e+11,4.69512e+11,4.68631e+11,4.66954e+11,4.65293e+11,4.63545e+11,4.61884e+11
 1.660,4.78318e+11,4.77692e+11,4.77034e+11,4.76409e+11,4.75550e+11,4.73853e+11,4.72165e+11,4.70388e+11,4.68700e+11
 1.646,4.88890e+11,4.88311e+11,4.87701e+11,4.87122e+11,4.86301e+11,4.84573e+11,4.82846e+11,4.81028e+11,4.79302e+11
 1.627,4.99800e+11,4.99288e+11,4.98748e+11,4.98236e+11,4.97473e+11,4.95726e+11,4.93967e+11,4.92115e+11,4.90356e+11
 1.604,5.10397e+11,5.09964e+11,5.09509e+11,5.09076e+11,5.08383e+11,5.06620e+11,5.04832e+11,5.02949e+11,5.01161e+11
 1.584,5.16722e+11,5.16352e+11,5.15962e+11,5.15591e+11,5.14956e+11,5.13189e+11,5.11387e+11,5.09489e+11,5.07686e+11
 1.567,5.21039e+11,5.20722e+11,5.20387e+11,5.20070e+11,5.19483e+11,5.17717e+11,5.15906e+11,5.14000e+11,5.12189e+11
 1.552,5.26322e+11,5.26056e+11,5.25776e+11,5.25510e+11,5.24971e+11,5.23207e+11,5.21389e+11,5.19475e+11,5.17657e+11
 1.538,5.30324e+11,5.30103e+11,5.29871e+11,5.29650e+11,5.29153e+11,5.27395e+11,5.25577e+11,5.23662e+11,5.21843e+11
 1.523,5.33749e+11,5.33559e+11,5.33359e+11,5.33169e+11,5.32702e+11,5.30949e+11,5.29130e+11,5.27215e+11,5.25396e+11
 1.506,5.37695e+11,5.37543e+11,5.37382e+11,5.37230e+11,5.36798e+11,5.35050e+11,5.33231e+11,5.31317e+11,5.29498e+11
 1.488,5.45129e+11,5.45038e+11,5.44942e+11,5.44851e+11,5.44478e+11,5.42743e+11,5.40927e+11,5.39015e+11,5.37198e+11
 1.471,5.47014e+11,5.46941e+11,5.46864e+11,5.46791e+11,5.46435e+11,5.44704e+11,5.42889e+11,5.40978e+11,5.39163e+11
 1.452,5.41910e+11,5.41809e+11,5.41703e+11,5.41602e+11,5.41221e+11,5.39490e+11,5.37681e+11,5.35776e+11,5.33966e+11
 1.434,5.42912e+11,5.42839e+11,5.42762e+11,5.42689e+11,5.42335e+11,5.40618e+11,5.38818e+11,5.36923e+11,5.35122e+11
 1.416,5.40761e+11,5.40676e+11,5.40586e+11,5.40501e+11,5.40137e+11,5.38420e+11,5.36621e+11,5.34728e+11,5.32930e+11
 1.400,5.29721e+11,5.29553e+11,5.29376e+11,5.29208e+11,5.28764e+11,5.27031e+11,5.25230e+11,5.23334e+11,5.21533e+11
 1.386,5.21115e+11,5.20895e+11,5.20663e+11,5.20443e+11,5.19950e+11,5.18211e+11,5.16411e+11,5.14517e+11,5.12717e+11
 1.374,5.17512e+11,5.17286e+11,5.17048e+11,5.16822e+11,5.16325e+11,5.14587e+11,5.12791e+11,5.10900e+11,5.09104e+11
 1.358,5.16620e+11,5.16389e+11,5.16145e+11,5.15914e+11,5.15413e+11,5.13690e+11,5.11910e+11,5.10036e+11,5.08255e+11
 1.339,5.04586e+11,5.04264e+11,5.03925e+11,5.03603e+11,5.03020e+11,5.01301e+11,4.99540e+11,4.97686e+11,4.95925e+11
 1.318,4.58889e+11,4.58239e+11,4.57554e+11,4.56904e+11,4.56028e+11,4.54372e+11,4.52732e+11,4.51006e+11,4.49365e+11
 1.296,4.59357e+11,4.58720e+11,4.58048e+11,4.57410e+11,4.56551e+11,4.54920e+11,4.53305e+11,4.51605e+11,4.49990e+11
 1.276,4.62155e+11,4.61560e+11,4.60933e+11,4.60338e+11,4.59520e+11,4.57901e+11,4.56290e+11,4.54595e+11,4.52985e+11
 1.259,4.65317e+11,4.64758e+11,4.64170e+11,4.63612e+11,4.62822e+11,4.61172e+11,4.59523e+11,4.57787e+11,4.56138e+11
 1.241,4.57395e+11,4.56811e+11,4.56197e+11,4.55614e+11,4.54804e+11,4.53165e+11,4.51533e+11,4.49815e+11,4.48183e+11
 1.224,4.46955e+11,4.46341e+11,4.45695e+11,4.45081e+11,4.44244e+11,4.42613e+11,4.40994e+11,4.39289e+11,4.37670e+11
 1.206,4.50331e+11,4.49778e+11,4.49196e+11,4.48643e+11,4.47857e+11,4.46201e+11,4.44545e+11,4.42802e+11,4.41147e+11
 1.189,4.47055e+11,4.46536e+11,4.45990e+11,4.45472e+11,4.44717e+11,4.43057e+11,4.41390e+11,4.39636e+11,4.37970e+11
 1.169,4.43666e+11,4.43171e+11,4.42650e+11,4.42155e+11,4.41428e+11,4.39802e+11,4.38167e+11,4.36446e+11,4.34811e+11
 1.148,4.43308e+11,4.42858e+11,4.42384e+11,4.41934e+11,4.41254e+11,4.39661e+11,4.38054e+11,4.36363e+11,4.34756e+11
 1.126,4.39334e+11,4.38931e+11,4.38506e+11,4.38103e+11,4.37472e+11,4.35915e+11,4.34340e+11,4.32681e+11,4.31106e+11
 1.102,4.28455e+11,4.28048e+11,4.27620e+11,4.27213e+11,4.26586e+11,4.25069e+11,4.23537e+11,4.21923e+11,4.20390e+11
 1.080,4.08549e+11,4.08062e+11,4.07548e+11,4.07060e+11,4.06365e+11,4.04889e+11,4.03412e+11,4.01857e+11,4.00380e+11
 1.061,4.08694e+11,4.08297e+11,4.07880e+11,4.07483e+11,4.06872e+11,4.05393e+11,4.03898e+11,4.02325e+11,4.00830e+11
 1.040,4.09560e+11,4.09240e+11,4.08904e+11,4.08584e+11,4.08051e+11,4.06626e+11,4.05175e+11,4.03648e+11,4.02196e+11
 1.016,4.05512e+11,4.05273e+11,4.05022e+11,4.04783e+11,4.04333e+11,4.02954e+11,4.01539e+11,4.00049e+11,3.98634e+11
 0.996,3.97816e+11,3.97614e+11,3.97402e+11,3.97200e+11,3.96790e+11,3.95446e+11,3.94059e+11,3.92600e+11,3.91214e+11
 0.980,3.77901e+11,3.77681e+11,3.77450e+11,3.77231e+11,3.76812e+11,3.75513e+11,3.74178e+11,3.72773e+11,3.71438e+11
 0.963,3.62106e+11,3.61865e+11,3.61612e+11,3.61371e+11,3.60938e+11,3.59669e+11,3.58370e+11,3.57002e+11,3.55702e+11
 0.944,3.66015e+11,3.65919e+11,3.65817e+11,3.65721e+11,3.65433e+11,3.64232e+11,3.62982e+11,3.61665e+11,3.60414e+11
 0.931,3.63079e+11,3.63043e+11,3.63006e+11,3.62971e+11,3.62746e+11,3.61589e+11,3.60375e+11,3.59097e+11,3.57882e+11
 0.919,3.39403e+11,3.39234e+11,3.39055e+11,3.38886e+11,3.38539e+11,3.37398e+11,3.36222e+11,3.34983e+11,3.33807e+11
 0.904,3.42225e+11,3.42150e+11,3.42071e+11,3.41996e+11,3.41743e+11,3.40637e+11,3.39483e+11,3.38267e+11,3.37112e+11
 0.891,3.46611e+11,3.46642e+11,3.46675e+11,3.46707e+11,3.46559e+11,3.45500e+11,3.44376e+11,3.43194e+11,3.42071e+11
 0.877,3.15942e+11,3.15847e+11,3.15748e+11,3.15653e+11,3.15392e+11,3.14350e+11,3.13265e+11,3.12123e+11,3.11038e+11
 0.865,3.21465e+11,3.21497e+11,3.21531e+11,3.21563e+11,3.21428e+11,3.20437e+11,3.19386e+11,3.18279e+11,3.17228e+11
 0.852,3.29669e+11,3.29828e+11,3.29995e+11,3.30154e+11,3.30145e+11,3.29211e+11,3.28199e+11,3.27134e+11,3.26122e+11
 0.834,2.91841e+11,2.91851e+11,2.91861e+11,2.91871e+11,2.91730e+11,2.90826e+11,2.89870e+11,2.88864e+11,2.87909e+11
 0.822,2.76302e+11,2.76272e+11,2.76239e+11,2.76209e+11,2.76035e+11,2.75160e+11,2.74241e+11,2.73274e+11,2.72355e+11
 0.810,2.66064e+11,2.66036e+11,2.66007e+11,2.65979e+11,2.65812e+11,2.64967e+11,2.64079e+11,2.63145e+11,2.62258e+11
 0.792,2.79454e+11,2.79597e+11,2.79748e+11,2.79891e+11,2.79891e+11,2.79103e+11,2.78247e+11,2.77347e+11,2.76491e+11
 0.777,2.81300e+11,2.81505e+11,2.81721e+11,2.81927e+11,2.81992e+11,2.81249e+11,2.80431e+11,2.79570e+11,2.78751e+11
 0.765,2.56060e+11,2.56198e+11,2.56343e+11,2.56480e+11,2.56491e+11,2.55791e+11,2.55030e+11,2.54228e+11,2.53466e+11
 0.752,2.13464e+11,2.13428e+11,2.13391e+11,2.13355e+11,2.13208e+11,2.12528e+11,2.11816e+11,2.11067e+11,2.10355e+11
 0.739,2.15362e+11,2.15400e+11,2.15439e+11,2.15476e+11,2.15403e+11,2.14756e+11,2.14067e+11,2.13341e+11,2.12652e+11
 0.729,2.34444e+11,2.34616e+11,2.34798e+11,2.34970e+11,2.35025e+11,2.34407e+11,2.33726e+11,2.33009e+11,2.32328e+11
 0.714,2.43147e+11,2.43383e+11,2.43632e+11,2.43868e+11,2.43990e+11,2.43416e+11,2.42771e+11,2.42092e+11,2.41447e+11
 0.697,2.09603e+11,2.09770e+11,2.09946e+11,2.10113e+11,2.10175e+11,2.09628e+11,2.09023e+11,2.08385e+11,2.07780e+11
 0.677,2.12985e+11,2.13215e+11,2.13457e+11,2.13687e+11,2.13816e+11,2.13319e+11,2.12756e+11,2.12164e+11,2.11602e+11
 0.657,1.71011e+11,1.71159e+11,1.71315e+11,1.71463e+11,1.71526e+11,1.71088e+11,1.70601e+11,1.70088e+11,1.69601e+11
 0.642,1.59487e+11,1.59631e+11,1.59782e+11,1.59926e+11,1.59992e+11,1.59589e+11,1.59140e+11,1.58667e+11,1.58218e+11
 0.628,1.55488e+11,1.55650e+11,1.55821e+11,1.55983e+11,1.56070e+11,1.55699e+11,1.55281e+11,1.54841e+11,1.54423e+11
 0.617,1.36722e+11,1.36848e+11,1.36981e+11,1.37107e+11,1.37167e+11,1.36828e+11,1.36450e+11,1.36052e+11,1.35673e+11
 0.604,1.24886e+11,1.25001e+11,1.25123e+11,1.25238e+11,1.25291e+11,1.24976e+11,1.24623e+11,1.24253e+11,1.23901e+11
 0.591,1.21196e+11,1.21322e+11,1.21454e+11,1.21580e+11,1.21648e+11,1.21359e+11,1.21034e+11,1.20691e+11,1.20366e+11
 0.578,9.96862e+10,9.97701e+10,9.98584e+10,9.99424e+10,9.99768e+10,9.97198e+10,9.94346e+10,9.91344e+10,9.88491e+10
 0.565,9.49714e+10,9.50617e+10,9.51569e+10,9.52472e+10,9.52912e+10,9.50554e+10,9.47914e+10,9.45136e+10,9.42496e+10
 0.552,8.19786e+10,8.20481e+10,8.21212e+10,8.21907e+10,8.22199e+10,8.20117e+10,8.17804e+10,8.15368e+10,8.13055e+10
 0.537,6.52441e+10,6.52856e+10,6.53293e+10,6.53708e+10,6.53801e+10,6.52060e+10,6.50154e+10,6.48147e+10,6.46241e+10
 0.523,6.10476e+10,6.10932e+10,6.11413e+10,6.11870e+10,6.12031e+10,6.10477e+10,6.08759e+10,6.06952e+10,6.05235e+10
 0.506,5.36915e+10,5.37336e+10,5.37780e+10,5.38201e+10,5.38362e+10,5.37001e+10,5.35494e+10,5.33907e+10,5.32400e+10
 0.485,3.86982e+10,3.87262e+10,3.87558e+10,3.87838e+10,3.87933e+10,3.86951e+10,3.85867e+10,3.84726e+10,3.83643e+10
 0.465,2.79730e+10,2.79909e+10,2.80097e+10,2.80276e+10,2.80322e+10,2.79607e+10,2.78823e+10,2.77998e+10,2.77214e+10
 0.445,1.86639e+10,1.86715e+10,1.86794e+10,1.86870e+10,1.86860e+10,1.86383e+10,1.85868e+10,1.85325e+10,1.84810e+10
 0.426,1.18303e+10,1.18327e+10,1.18354e+10,1.18379e+10,1.18358e+10,1.18094e+10,1.17811e+10,1.17513e+10,1.17231e+10
 0.408,8.39998e+09,8.41005e+09,8.42066e+09,8.43073e+09,8.43939e+09,8.43571e+09,8.43015e+09,8.42430e+09,8.41873e+09
 0.387,7.58132e+09,7.61327e+09,7.64691e+09,7.67887e+09,7.71215e+09,7.73526e+09,7.75432e+09,7.77439e+09,7.79345e+09
 0.362,5.87641e+09,5.90723e+09,5.93967e+09,5.97050e+09,6.00281e+09,6.02636e+09,6.04609e+09,6.06685e+09,6.08657e+09
 0.337,3.45301e+09,3.46690e+09,3.48152e+09,3.49542e+09,3.50964e+09,3.51820e+09,3.52492e+09,3.53199e+09,3.53871e+09
 0.312,2.02721e+09,2.03468e+09,2.04256e+09,2.05003e+09,2.05748e+09,2.06086e+09,2.06318e+09,2.06562e+09,2.06793e+09
 0.287,9.86559e+08,9.88263e+08,9.90056e+08,9.91760e+08,9.93120e+08,9.91864e+08,9.90254e+08,9.88559e+08,9.86949e+08
 0.268,5.01147e+08,5.01713e+08,5.02310e+08,5.02877e+08,5.03220e+08,5.02145e+08,5.00916e+08,4.99623e+08,4.98394e+08
