#Lambda(microns),,Phi=0.1050,Phi=0.2000,Phi=0.3000,Phi=0.3950,Phi=0.5000,Phi=0.6050,Phi=0.7000,Phi=0.8000,Phi=0.8950
227.531,8.94203e-03,8.94984e-03,8.95806e-03,8.96587e-03,8.97189e-03,8.96485e-03,8.95611e-03,8.94691e-03,8.93818e-03
138.793,8.39548e-03,8.40257e-03,8.41004e-03,8.41714e-03,8.42258e-03,8.41604e-03,8.40794e-03,8.39942e-03,8.39133e-03
97.752,8.07554e-03,8.08211e-03,8.08903e-03,8.09561e-03,8.10064e-03,8.09449e-03,8.08690e-03,8.07892e-03,8.07134e-03
73.692,7.88123e-03,7.88748e-03,7.89407e-03,7.90032e-03,7.90511e-03,7.89926e-03,7.89205e-03,7.88446e-03,7.87725e-03
53.879,7.75401e-03,7.76011e-03,7.76654e-03,7.77265e-03,7.77733e-03,7.77169e-03,7.76472e-03,7.75739e-03,7.75042e-03
42.212,7.58997e-03,7.59595e-03,7.60225e-03,7.60823e-03,7.61283e-03,7.60740e-03,7.60066e-03,7.59356e-03,7.58683e-03
35.753,7.55024e-03,7.55623e-03,7.56255e-03,7.56854e-03,7.57317e-03,7.56779e-03,7.56111e-03,7.55408e-03,7.54740e-03
29.700,7.42246e-03,7.42844e-03,7.43473e-03,7.44070e-03,7.44531e-03,7.43992e-03,7.43323e-03,7.42619e-03,7.41950e-03
24.839,7.27342e-03,7.27934e-03,7.28557e-03,7.29148e-03,7.29604e-03,7.29067e-03,7.28401e-03,7.27701e-03,7.27035e-03
21.395,7.18046e-03,7.18638e-03,7.19260e-03,7.19851e-03,7.20307e-03,7.19772e-03,7.19109e-03,7.18412e-03,7.17749e-03
19.382,7.37699e-03,7.38354e-03,7.39043e-03,7.39698e-03,7.40203e-03,7.39615e-03,7.38886e-03,7.38119e-03,7.37389e-03
18.180,7.31463e-03,7.32109e-03,7.32789e-03,7.33436e-03,7.33934e-03,7.33355e-03,7.32636e-03,7.31880e-03,7.31161e-03
16.978,7.24111e-03,7.24751e-03,7.25425e-03,7.26065e-03,7.26559e-03,7.25985e-03,7.25273e-03,7.24523e-03,7.23811e-03
15.777,7.14912e-03,7.15546e-03,7.16213e-03,7.16846e-03,7.17335e-03,7.16767e-03,7.16061e-03,7.15319e-03,7.14613e-03
14.575,7.05585e-03,7.06215e-03,7.06877e-03,7.07506e-03,7.07992e-03,7.07427e-03,7.06726e-03,7.05988e-03,7.05287e-03
13.588,6.96688e-03,6.97313e-03,6.97972e-03,6.98598e-03,6.99080e-03,6.98517e-03,6.97818e-03,6.97083e-03,6.96384e-03
12.787,6.89134e-03,6.89759e-03,6.90416e-03,6.91040e-03,6.91521e-03,6.90958e-03,6.90259e-03,6.89523e-03,6.88824e-03
11.986,6.79736e-03,6.80360e-03,6.81016e-03,6.81639e-03,6.82120e-03,6.81555e-03,6.80855e-03,6.80118e-03,6.79418e-03
11.292,6.70614e-03,6.71235e-03,6.71890e-03,6.72511e-03,6.72990e-03,6.72424e-03,6.71723e-03,6.70985e-03,6.70284e-03
10.692,6.61026e-03,6.61647e-03,6.62301e-03,6.62922e-03,6.63399e-03,6.62829e-03,6.62124e-03,6.61382e-03,6.60677e-03
10.091,6.51380e-03,6.51999e-03,6.52650e-03,6.53269e-03,6.53744e-03,6.53173e-03,6.52467e-03,6.51724e-03,6.51018e-03
 9.648,6.44684e-03,6.45299e-03,6.45945e-03,6.46560e-03,6.47031e-03,6.46464e-03,6.45763e-03,6.45026e-03,6.44325e-03
 9.348,6.41493e-03,6.42103e-03,6.42746e-03,6.43357e-03,6.43826e-03,6.43265e-03,6.42572e-03,6.41843e-03,6.41150e-03
 8.995,6.37375e-03,6.37982e-03,6.38621e-03,6.39229e-03,6.39695e-03,6.39142e-03,6.38456e-03,6.37734e-03,6.37048e-03
 8.673,6.34760e-03,6.35364e-03,6.36000e-03,6.36604e-03,6.37069e-03,6.36524e-03,6.35848e-03,6.35136e-03,6.34460e-03
 8.345,6.28955e-03,6.29554e-03,6.30183e-03,6.30782e-03,6.31243e-03,6.30704e-03,6.30035e-03,6.29330e-03,6.28661e-03
 8.074,6.24185e-03,6.24782e-03,6.25410e-03,6.26007e-03,6.26467e-03,6.25929e-03,6.25260e-03,6.24557e-03,6.23889e-03
 7.904,6.18871e-03,6.19465e-03,6.20090e-03,6.20684e-03,6.21142e-03,6.20604e-03,6.19937e-03,6.19236e-03,6.18569e-03
 7.714,6.11827e-03,6.12416e-03,6.13036e-03,6.13625e-03,6.14078e-03,6.13542e-03,6.12878e-03,6.12180e-03,6.11516e-03
 7.498,6.01875e-03,6.02455e-03,6.03065e-03,6.03645e-03,6.04090e-03,6.03558e-03,6.02901e-03,6.02209e-03,6.01551e-03
 7.284,5.96154e-03,5.96731e-03,5.97338e-03,5.97915e-03,5.98358e-03,5.97831e-03,5.97179e-03,5.96492e-03,5.95839e-03
 7.094,5.92257e-03,5.92834e-03,5.93440e-03,5.94017e-03,5.94460e-03,5.93935e-03,5.93285e-03,5.92601e-03,5.91951e-03
 6.873,5.88092e-03,5.88666e-03,5.89271e-03,5.89846e-03,5.90288e-03,5.89767e-03,5.89121e-03,5.88441e-03,5.87795e-03
 6.664,5.81438e-03,5.82008e-03,5.82607e-03,5.83177e-03,5.83615e-03,5.83097e-03,5.82456e-03,5.81780e-03,5.81139e-03
 6.515,5.71183e-03,5.71743e-03,5.72333e-03,5.72894e-03,5.73323e-03,5.72801e-03,5.72156e-03,5.71477e-03,5.70833e-03
 6.297,5.54050e-03,5.54593e-03,5.55164e-03,5.55707e-03,5.56118e-03,5.55584e-03,5.54930e-03,5.54241e-03,5.53587e-03
 6.064,5.50923e-03,5.51468e-03,5.52042e-03,5.52586e-03,5.53000e-03,5.52468e-03,5.51816e-03,5.51130e-03,5.50478e-03
 5.899,5.50350e-03,5.50899e-03,5.51476e-03,5.52024e-03,5.52442e-03,5.51913e-03,5.51265e-03,5.50582e-03,5.49933e-03
 5.759,5.48323e-03,5.48874e-03,5.49453e-03,5.50004e-03,5.50423e-03,5.49896e-03,5.49247e-03,5.48564e-03,5.47916e-03
 5.572,5.47172e-03,5.47729e-03,5.48315e-03,5.48873e-03,5.49297e-03,5.48768e-03,5.48115e-03,5.47429e-03,5.46777e-03
 5.379,5.46390e-03,5.46954e-03,5.47548e-03,5.48112e-03,5.48542e-03,5.48008e-03,5.47349e-03,5.46656e-03,5.45997e-03
 5.265,5.43215e-03,5.43782e-03,5.44379e-03,5.44946e-03,5.45379e-03,5.44839e-03,5.44176e-03,5.43477e-03,5.42814e-03
 5.149,5.40366e-03,5.40935e-03,5.41534e-03,5.42104e-03,5.42538e-03,5.41996e-03,5.41329e-03,5.40628e-03,5.39961e-03
 5.000,5.35616e-03,5.36185e-03,5.36783e-03,5.37352e-03,5.37785e-03,5.37241e-03,5.36572e-03,5.35868e-03,5.35199e-03
 4.882,5.32410e-03,5.32975e-03,5.33570e-03,5.34136e-03,5.34566e-03,5.34020e-03,5.33350e-03,5.32644e-03,5.31974e-03
 4.827,5.21093e-03,5.21640e-03,5.22215e-03,5.22762e-03,5.23177e-03,5.22644e-03,5.21992e-03,5.21304e-03,5.20651e-03
 4.796,5.31405e-03,5.31967e-03,5.32560e-03,5.33122e-03,5.33550e-03,5.33005e-03,5.32336e-03,5.31632e-03,5.30964e-03
 4.750,5.29735e-03,5.30292e-03,5.30877e-03,5.31434e-03,5.31856e-03,5.31315e-03,5.30652e-03,5.29953e-03,5.29289e-03
 4.700,5.25741e-03,5.26283e-03,5.26854e-03,5.27396e-03,5.27807e-03,5.27278e-03,5.26629e-03,5.25945e-03,5.25296e-03
 4.662,5.29870e-03,5.30426e-03,5.31012e-03,5.31568e-03,5.31990e-03,5.31450e-03,5.30787e-03,5.30090e-03,5.29427e-03
 4.605,5.28980e-03,5.29535e-03,5.30119e-03,5.30675e-03,5.31096e-03,5.30558e-03,5.29897e-03,5.29201e-03,5.28540e-03
 4.504,5.24512e-03,5.25077e-03,5.25672e-03,5.26237e-03,5.26666e-03,5.26118e-03,5.25444e-03,5.24736e-03,5.24063e-03
 4.395,5.01897e-03,5.02449e-03,5.03030e-03,5.03582e-03,5.04000e-03,5.03453e-03,5.02784e-03,5.02080e-03,5.01412e-03
 4.301,4.65098e-03,4.65586e-03,4.66100e-03,4.66589e-03,4.66954e-03,4.66446e-03,4.65828e-03,4.65179e-03,4.64561e-03
 4.202,4.49358e-03,4.49820e-03,4.50307e-03,4.50769e-03,4.51111e-03,4.50606e-03,4.49997e-03,4.49355e-03,4.48745e-03
 4.074,4.36171e-03,4.36606e-03,4.37064e-03,4.37499e-03,4.37816e-03,4.37309e-03,4.36701e-03,4.36062e-03,4.35454e-03
 3.949,4.18681e-03,4.19075e-03,4.19489e-03,4.19882e-03,4.20159e-03,4.19649e-03,4.19046e-03,4.18410e-03,4.17806e-03
 3.849,4.13162e-03,4.13555e-03,4.13969e-03,4.14362e-03,4.14639e-03,4.14132e-03,4.13531e-03,4.12899e-03,4.12298e-03
 3.749,4.14280e-03,4.14697e-03,4.15136e-03,4.15554e-03,4.15854e-03,4.15354e-03,4.14757e-03,4.14129e-03,4.13532e-03
 3.662,4.11528e-03,4.11965e-03,4.12426e-03,4.12863e-03,4.13185e-03,4.12696e-03,4.12108e-03,4.11489e-03,4.10900e-03
 3.587,4.08530e-03,4.08978e-03,4.09449e-03,4.09896e-03,4.10228e-03,4.09746e-03,4.09163e-03,4.08548e-03,4.07965e-03
 3.513,4.06993e-03,4.07452e-03,4.07936e-03,4.08395e-03,4.08738e-03,4.08260e-03,4.07679e-03,4.07067e-03,4.06486e-03
 3.438,4.06218e-03,4.06689e-03,4.07185e-03,4.07656e-03,4.08010e-03,4.07534e-03,4.06953e-03,4.06341e-03,4.05759e-03
 3.363,4.04151e-03,4.04631e-03,4.05136e-03,4.05616e-03,4.05979e-03,4.05507e-03,4.04928e-03,4.04319e-03,4.03740e-03
 3.308,4.10041e-03,4.10535e-03,4.11056e-03,4.11551e-03,4.11926e-03,4.11449e-03,4.10863e-03,4.10246e-03,4.09660e-03
 3.269,4.02035e-03,4.02522e-03,4.03035e-03,4.03521e-03,4.03892e-03,4.03426e-03,4.02853e-03,4.02249e-03,4.01676e-03
 3.231,4.00920e-03,4.01409e-03,4.01923e-03,4.02412e-03,4.02785e-03,4.02323e-03,4.01754e-03,4.01156e-03,4.00587e-03
 3.193,3.98786e-03,3.99273e-03,3.99785e-03,4.00271e-03,4.00643e-03,4.00185e-03,3.99621e-03,3.99027e-03,3.98463e-03
 3.156,3.97513e-03,3.98000e-03,3.98513e-03,3.99000e-03,3.99373e-03,3.98918e-03,3.98357e-03,3.97766e-03,3.97205e-03
 3.118,3.96265e-03,3.96751e-03,3.97262e-03,3.97748e-03,3.98121e-03,3.97668e-03,3.97110e-03,3.96522e-03,3.95964e-03
 3.085,3.92870e-03,3.93352e-03,3.93858e-03,3.94339e-03,3.94708e-03,3.94262e-03,3.93712e-03,3.93132e-03,3.92581e-03
 3.055,3.92123e-03,3.92605e-03,3.93112e-03,3.93594e-03,3.93963e-03,3.93517e-03,3.92965e-03,3.92385e-03,3.91834e-03
 3.014,3.87213e-03,3.87691e-03,3.88193e-03,3.88671e-03,3.89037e-03,3.88596e-03,3.88052e-03,3.87478e-03,3.86934e-03
 2.965,3.82590e-03,3.83063e-03,3.83561e-03,3.84034e-03,3.84398e-03,3.83962e-03,3.83423e-03,3.82856e-03,3.82318e-03
 2.909,3.75530e-03,3.75997e-03,3.76487e-03,3.76953e-03,3.77311e-03,3.76879e-03,3.76346e-03,3.75784e-03,3.75251e-03
 2.847,3.70591e-03,3.71054e-03,3.71542e-03,3.72005e-03,3.72361e-03,3.71932e-03,3.71401e-03,3.70844e-03,3.70313e-03
 2.787,3.61564e-03,3.62018e-03,3.62495e-03,3.62948e-03,3.63295e-03,3.62871e-03,3.62348e-03,3.61797e-03,3.61274e-03
 2.730,3.52701e-03,3.53143e-03,3.53607e-03,3.54048e-03,3.54384e-03,3.53965e-03,3.53448e-03,3.52905e-03,3.52388e-03
 2.676,3.44797e-03,3.45233e-03,3.45693e-03,3.46129e-03,3.46460e-03,3.46038e-03,3.45519e-03,3.44973e-03,3.44454e-03
 2.623,3.46777e-03,3.47223e-03,3.47693e-03,3.48139e-03,3.48479e-03,3.48052e-03,3.47527e-03,3.46974e-03,3.46449e-03
 2.574,3.43042e-03,3.43489e-03,3.43959e-03,3.44406e-03,3.44747e-03,3.44325e-03,3.43805e-03,3.43258e-03,3.42739e-03
 2.527,3.38157e-03,3.38600e-03,3.39065e-03,3.39508e-03,3.39845e-03,3.39426e-03,3.38909e-03,3.38366e-03,3.37849e-03
 2.482,3.28500e-03,3.28925e-03,3.29373e-03,3.29799e-03,3.30121e-03,3.29704e-03,3.29193e-03,3.28654e-03,3.28143e-03
 2.437,3.18162e-03,3.18570e-03,3.19000e-03,3.19408e-03,3.19714e-03,3.19293e-03,3.18781e-03,3.18242e-03,3.17729e-03
 2.394,3.01719e-03,3.02086e-03,3.02471e-03,3.02838e-03,3.03107e-03,3.02692e-03,3.02193e-03,3.01667e-03,3.01168e-03
 2.354,2.83706e-03,2.84027e-03,2.84365e-03,2.84687e-03,2.84916e-03,2.84515e-03,2.84038e-03,2.83536e-03,2.83059e-03
 2.314,2.71936e-03,2.72229e-03,2.72538e-03,2.72831e-03,2.73035e-03,2.72641e-03,2.72176e-03,2.71687e-03,2.71222e-03
 2.276,2.55210e-03,2.55470e-03,2.55743e-03,2.56002e-03,2.56176e-03,2.55787e-03,2.55334e-03,2.54856e-03,2.54402e-03
 2.240,2.51833e-03,2.52100e-03,2.52381e-03,2.52648e-03,2.52830e-03,2.52448e-03,2.52000e-03,2.51528e-03,2.51080e-03
 2.209,2.53983e-03,2.54271e-03,2.54574e-03,2.54862e-03,2.55065e-03,2.54688e-03,2.54243e-03,2.53773e-03,2.53328e-03
 2.183,2.55948e-03,2.56251e-03,2.56571e-03,2.56875e-03,2.57092e-03,2.56718e-03,2.56272e-03,2.55803e-03,2.55358e-03
 2.163,2.62809e-03,2.63128e-03,2.63464e-03,2.63783e-03,2.64014e-03,2.63632e-03,2.63176e-03,2.62696e-03,2.62239e-03
 2.148,2.53994e-03,2.54311e-03,2.54645e-03,2.54963e-03,2.55194e-03,2.54830e-03,2.54392e-03,2.53930e-03,2.53492e-03
 2.137,2.55628e-03,2.55952e-03,2.56293e-03,2.56617e-03,2.56855e-03,2.56490e-03,2.56050e-03,2.55587e-03,2.55147e-03
 2.129,2.54907e-03,2.55235e-03,2.55579e-03,2.55906e-03,2.56148e-03,2.55785e-03,2.55348e-03,2.54888e-03,2.54451e-03
 2.114,2.52278e-03,2.52603e-03,2.52945e-03,2.53270e-03,2.53509e-03,2.53151e-03,2.52718e-03,2.52263e-03,2.51830e-03
 2.091,2.51816e-03,2.52146e-03,2.52494e-03,2.52825e-03,2.53070e-03,2.52715e-03,2.52286e-03,2.51834e-03,2.51405e-03
 2.070,2.49653e-03,2.49983e-03,2.50329e-03,2.50659e-03,2.50904e-03,2.50554e-03,2.50129e-03,2.49683e-03,2.49258e-03
 2.050,2.44865e-03,2.45188e-03,2.45528e-03,2.45851e-03,2.46091e-03,2.45749e-03,2.45333e-03,2.44896e-03,2.44480e-03
 2.030,2.45623e-03,2.45947e-03,2.46288e-03,2.46612e-03,2.46853e-03,2.46510e-03,2.46094e-03,2.45656e-03,2.45240e-03
 2.010,2.39125e-03,2.39441e-03,2.39773e-03,2.40089e-03,2.40324e-03,2.39990e-03,2.39585e-03,2.39159e-03,2.38755e-03
 1.982,2.34414e-03,2.34719e-03,2.35041e-03,2.35347e-03,2.35573e-03,2.35243e-03,2.34844e-03,2.34423e-03,2.34024e-03
 1.947,2.33565e-03,2.33872e-03,2.34195e-03,2.34502e-03,2.34729e-03,2.34397e-03,2.33995e-03,2.33572e-03,2.33170e-03
 1.916,2.25535e-03,2.25837e-03,2.26155e-03,2.26457e-03,2.26681e-03,2.26359e-03,2.25969e-03,2.25559e-03,2.25168e-03
 1.889,2.26786e-03,2.27091e-03,2.27412e-03,2.27717e-03,2.27944e-03,2.27621e-03,2.27228e-03,2.26815e-03,2.26423e-03
 1.863,2.24693e-03,2.25000e-03,2.25323e-03,2.25630e-03,2.25860e-03,2.25542e-03,2.25155e-03,2.24748e-03,2.24362e-03
 1.837,2.13237e-03,2.13524e-03,2.13826e-03,2.14112e-03,2.14325e-03,2.14018e-03,2.13646e-03,2.13254e-03,2.12882e-03
 1.812,2.12227e-03,2.12510e-03,2.12807e-03,2.13089e-03,2.13298e-03,2.12988e-03,2.12615e-03,2.12221e-03,2.11847e-03
 1.788,1.99936e-03,2.00197e-03,2.00471e-03,2.00731e-03,2.00922e-03,2.00624e-03,2.00267e-03,1.99891e-03,1.99533e-03
 1.766,1.92385e-03,1.92627e-03,1.92881e-03,1.93123e-03,1.93297e-03,1.93003e-03,1.92652e-03,1.92283e-03,1.91932e-03
 1.740,1.87547e-03,1.87768e-03,1.88000e-03,1.88221e-03,1.88375e-03,1.88076e-03,1.87723e-03,1.87352e-03,1.86999e-03
 1.713,1.72303e-03,1.72492e-03,1.72692e-03,1.72882e-03,1.73008e-03,1.72721e-03,1.72386e-03,1.72033e-03,1.71698e-03
 1.692,1.65020e-03,1.65188e-03,1.65366e-03,1.65535e-03,1.65643e-03,1.65356e-03,1.65026e-03,1.64679e-03,1.64348e-03
 1.675,1.66489e-03,1.66658e-03,1.66836e-03,1.67005e-03,1.67112e-03,1.66822e-03,1.66487e-03,1.66135e-03,1.65800e-03
 1.660,1.60363e-03,1.60533e-03,1.60712e-03,1.60882e-03,1.60992e-03,1.60716e-03,1.60395e-03,1.60058e-03,1.59738e-03
 1.646,1.66430e-03,1.66616e-03,1.66811e-03,1.66997e-03,1.67122e-03,1.66841e-03,1.66513e-03,1.66168e-03,1.65840e-03
 1.627,1.64988e-03,1.65182e-03,1.65387e-03,1.65581e-03,1.65715e-03,1.65442e-03,1.65122e-03,1.64785e-03,1.64464e-03
 1.604,1.67171e-03,1.67378e-03,1.67596e-03,1.67803e-03,1.67948e-03,1.67677e-03,1.67357e-03,1.67019e-03,1.66699e-03
 1.584,1.71260e-03,1.71478e-03,1.71708e-03,1.71926e-03,1.72081e-03,1.71807e-03,1.71480e-03,1.71137e-03,1.70811e-03
 1.567,1.66427e-03,1.66644e-03,1.66873e-03,1.67090e-03,1.67246e-03,1.66982e-03,1.66667e-03,1.66335e-03,1.66020e-03
 1.552,1.66266e-03,1.66487e-03,1.66720e-03,1.66941e-03,1.67101e-03,1.66839e-03,1.66526e-03,1.66196e-03,1.65883e-03
 1.538,1.65366e-03,1.65589e-03,1.65823e-03,1.66046e-03,1.66209e-03,1.65950e-03,1.65640e-03,1.65314e-03,1.65004e-03
 1.523,1.65577e-03,1.65803e-03,1.66040e-03,1.66265e-03,1.66430e-03,1.66172e-03,1.65862e-03,1.65536e-03,1.65226e-03
 1.506,1.68774e-03,1.69006e-03,1.69251e-03,1.69483e-03,1.69654e-03,1.69392e-03,1.69077e-03,1.68745e-03,1.68430e-03
 1.488,1.66515e-03,1.66749e-03,1.66995e-03,1.67229e-03,1.67401e-03,1.67145e-03,1.66835e-03,1.66509e-03,1.66199e-03
 1.471,1.65072e-03,1.65305e-03,1.65551e-03,1.65784e-03,1.65957e-03,1.65703e-03,1.65396e-03,1.65072e-03,1.64765e-03
 1.452,1.62434e-03,1.62661e-03,1.62901e-03,1.63128e-03,1.63296e-03,1.63045e-03,1.62742e-03,1.62423e-03,1.62120e-03
 1.434,1.61030e-03,1.61257e-03,1.61496e-03,1.61723e-03,1.61891e-03,1.61643e-03,1.61343e-03,1.61028e-03,1.60729e-03
 1.416,1.58226e-03,1.58449e-03,1.58683e-03,1.58906e-03,1.59070e-03,1.58826e-03,1.58530e-03,1.58219e-03,1.57924e-03
 1.400,1.54039e-03,1.54251e-03,1.54474e-03,1.54686e-03,1.54841e-03,1.54599e-03,1.54309e-03,1.54003e-03,1.53712e-03
 1.386,1.51446e-03,1.51652e-03,1.51868e-03,1.52073e-03,1.52223e-03,1.51982e-03,1.51694e-03,1.51391e-03,1.51103e-03
 1.374,1.50376e-03,1.50580e-03,1.50794e-03,1.50998e-03,1.51146e-03,1.50907e-03,1.50621e-03,1.50319e-03,1.50033e-03
 1.358,1.48533e-03,1.48732e-03,1.48943e-03,1.49142e-03,1.49286e-03,1.49049e-03,1.48764e-03,1.48465e-03,1.48181e-03
 1.339,1.44758e-03,1.44945e-03,1.45141e-03,1.45328e-03,1.45461e-03,1.45222e-03,1.44938e-03,1.44639e-03,1.44356e-03
 1.318,1.32629e-03,1.32767e-03,1.32912e-03,1.33050e-03,1.33135e-03,1.32886e-03,1.32599e-03,1.32298e-03,1.32011e-03
 1.296,1.31348e-03,1.31485e-03,1.31630e-03,1.31768e-03,1.31853e-03,1.31604e-03,1.31319e-03,1.31018e-03,1.30733e-03
 1.276,1.33981e-03,1.34127e-03,1.34282e-03,1.34428e-03,1.34521e-03,1.34270e-03,1.33981e-03,1.33676e-03,1.33387e-03
 1.259,1.31350e-03,1.31501e-03,1.31660e-03,1.31811e-03,1.31910e-03,1.31670e-03,1.31392e-03,1.31100e-03,1.30822e-03
 1.241,1.28115e-03,1.28260e-03,1.28412e-03,1.28557e-03,1.28651e-03,1.28414e-03,1.28140e-03,1.27851e-03,1.27576e-03
 1.224,1.25811e-03,1.25951e-03,1.26098e-03,1.26238e-03,1.26327e-03,1.26092e-03,1.25820e-03,1.25533e-03,1.25261e-03
 1.206,1.27132e-03,1.27283e-03,1.27441e-03,1.27591e-03,1.27691e-03,1.27461e-03,1.27193e-03,1.26911e-03,1.26643e-03
 1.189,1.25504e-03,1.25657e-03,1.25818e-03,1.25971e-03,1.26075e-03,1.25852e-03,1.25591e-03,1.25316e-03,1.25055e-03
 1.169,1.23951e-03,1.24102e-03,1.24262e-03,1.24413e-03,1.24516e-03,1.24296e-03,1.24039e-03,1.23768e-03,1.23511e-03
 1.148,1.20820e-03,1.20971e-03,1.21130e-03,1.21282e-03,1.21386e-03,1.21172e-03,1.20921e-03,1.20656e-03,1.20405e-03
 1.126,1.19904e-03,1.20057e-03,1.20218e-03,1.20372e-03,1.20477e-03,1.20265e-03,1.20015e-03,1.19752e-03,1.19502e-03
 1.102,1.16738e-03,1.16886e-03,1.17042e-03,1.17190e-03,1.17292e-03,1.17083e-03,1.16839e-03,1.16581e-03,1.16336e-03
 1.080,1.11956e-03,1.12089e-03,1.12230e-03,1.12363e-03,1.12452e-03,1.12245e-03,1.12004e-03,1.11750e-03,1.11509e-03
 1.061,1.10643e-03,1.10785e-03,1.10934e-03,1.11076e-03,1.11174e-03,1.10978e-03,1.10748e-03,1.10505e-03,1.10275e-03
 1.040,1.07001e-03,1.07144e-03,1.07295e-03,1.07438e-03,1.07539e-03,1.07351e-03,1.07129e-03,1.06896e-03,1.06674e-03
 1.016,1.06189e-03,1.06338e-03,1.06494e-03,1.06642e-03,1.06748e-03,1.06565e-03,1.06347e-03,1.06117e-03,1.05899e-03
 0.996,1.02689e-03,1.02835e-03,1.02989e-03,1.03134e-03,1.03239e-03,1.03064e-03,1.02854e-03,1.02633e-03,1.02424e-03
 0.980,9.73226e-04,9.74590e-04,9.76026e-04,9.77391e-04,9.78371e-04,9.76715e-04,9.74740e-04,9.72661e-04,9.70686e-04
 0.963,9.43009e-04,9.44314e-04,9.45687e-04,9.46992e-04,9.47926e-04,9.46321e-04,9.44410e-04,9.42398e-04,9.40487e-04
 0.944,9.35041e-04,9.36426e-04,9.37884e-04,9.39269e-04,9.40286e-04,9.38736e-04,9.36870e-04,9.34905e-04,9.33039e-04
 0.931,9.14323e-04,9.15707e-04,9.17165e-04,9.18549e-04,9.19575e-04,9.18076e-04,9.16262e-04,9.14354e-04,9.12541e-04
 0.919,8.72783e-04,8.74019e-04,8.75321e-04,8.76557e-04,8.77449e-04,8.75968e-04,8.74199e-04,8.72337e-04,8.70567e-04
 0.904,8.92076e-04,8.93410e-04,8.94813e-04,8.96147e-04,8.97126e-04,8.95632e-04,8.93833e-04,8.91939e-04,8.90140e-04
 0.891,8.70342e-04,8.71702e-04,8.73133e-04,8.74493e-04,8.75507e-04,8.74076e-04,8.72339e-04,8.70511e-04,8.68774e-04
 0.877,8.00564e-04,8.01743e-04,8.02984e-04,8.04163e-04,8.05027e-04,8.03697e-04,8.02096e-04,8.00410e-04,7.98809e-04
 0.865,8.31063e-04,8.32369e-04,8.33743e-04,8.35049e-04,8.36025e-04,8.34666e-04,8.33014e-04,8.31275e-04,8.29622e-04
 0.852,8.36244e-04,8.37629e-04,8.39087e-04,8.40472e-04,8.41522e-04,8.40169e-04,8.38510e-04,8.36764e-04,8.35105e-04
 0.834,7.43271e-04,7.44422e-04,7.45635e-04,7.46786e-04,7.47643e-04,7.46423e-04,7.44943e-04,7.43385e-04,7.41905e-04
 0.822,7.07900e-04,7.08966e-04,7.10089e-04,7.11155e-04,7.11944e-04,7.10781e-04,7.09377e-04,7.07898e-04,7.06493e-04
 0.810,6.63219e-04,6.64222e-04,6.65279e-04,6.66282e-04,6.67024e-04,6.65935e-04,6.64618e-04,6.63232e-04,6.61915e-04
 0.792,6.93032e-04,6.94190e-04,6.95409e-04,6.96567e-04,6.97446e-04,6.96319e-04,6.94937e-04,6.93483e-04,6.92101e-04
 0.777,6.83964e-04,6.85134e-04,6.86366e-04,6.87536e-04,6.88430e-04,6.87331e-04,6.85975e-04,6.84547e-04,6.83191e-04
 0.765,6.29741e-04,6.30778e-04,6.31869e-04,6.32906e-04,6.33693e-04,6.32687e-04,6.31452e-04,6.30151e-04,6.28916e-04
 0.752,5.36701e-04,5.37494e-04,5.38330e-04,5.39123e-04,5.39708e-04,5.38833e-04,5.37778e-04,5.36666e-04,5.35610e-04
 0.739,5.44053e-04,5.44913e-04,5.45818e-04,5.46678e-04,5.47323e-04,5.46436e-04,5.45356e-04,5.44219e-04,5.43140e-04
 0.729,5.78367e-04,5.79359e-04,5.80404e-04,5.81396e-04,5.82154e-04,5.81222e-04,5.80072e-04,5.78861e-04,5.77711e-04
 0.714,5.96128e-04,5.97154e-04,5.98233e-04,5.99258e-04,6.00048e-04,5.99119e-04,5.97968e-04,5.96757e-04,5.95606e-04
 0.697,5.15766e-04,5.16664e-04,5.17610e-04,5.18509e-04,5.19197e-04,5.18359e-04,5.17325e-04,5.16237e-04,5.15203e-04
 0.677,5.25383e-04,5.26315e-04,5.27295e-04,5.28226e-04,5.28945e-04,5.28114e-04,5.27082e-04,5.25995e-04,5.24963e-04
 0.657,4.48165e-04,4.48954e-04,4.49784e-04,4.50572e-04,4.51177e-04,4.50450e-04,4.49552e-04,4.48606e-04,4.47708e-04
 0.642,4.02918e-04,4.03628e-04,4.04376e-04,4.05086e-04,4.05632e-04,4.04981e-04,4.04175e-04,4.03327e-04,4.02521e-04
 0.628,4.02497e-04,4.03212e-04,4.03966e-04,4.04682e-04,4.05234e-04,4.04592e-04,4.03795e-04,4.02955e-04,4.02158e-04
 0.617,3.61369e-04,3.62003e-04,3.62670e-04,3.63303e-04,3.63790e-04,3.63212e-04,3.62495e-04,3.61741e-04,3.61025e-04
 0.604,3.21227e-04,3.21797e-04,3.22398e-04,3.22969e-04,3.23408e-04,3.22886e-04,3.22240e-04,3.21560e-04,3.20914e-04
 0.591,3.18626e-04,3.19192e-04,3.19789e-04,3.20355e-04,3.20792e-04,3.20283e-04,3.19652e-04,3.18987e-04,3.18356e-04
 0.578,2.66029e-04,2.66496e-04,2.66988e-04,2.67455e-04,2.67813e-04,2.67381e-04,2.66847e-04,2.66284e-04,2.65750e-04
 0.565,2.66387e-04,2.66860e-04,2.67358e-04,2.67831e-04,2.68195e-04,2.67764e-04,2.67230e-04,2.66669e-04,2.66135e-04
 0.552,2.34294e-04,2.34703e-04,2.35132e-04,2.35541e-04,2.35854e-04,2.35476e-04,2.35009e-04,2.34517e-04,2.34050e-04
 0.537,1.98811e-04,1.99145e-04,1.99497e-04,1.99832e-04,2.00086e-04,1.99767e-04,1.99374e-04,1.98960e-04,1.98567e-04
 0.523,2.04246e-04,2.04591e-04,2.04954e-04,2.05298e-04,2.05561e-04,2.05236e-04,2.04836e-04,2.04415e-04,2.04014e-04
 0.506,1.73277e-04,1.73573e-04,1.73884e-04,1.74179e-04,1.74405e-04,1.74127e-04,1.73785e-04,1.73424e-04,1.73081e-04
 0.485,1.29184e-04,1.29401e-04,1.29629e-04,1.29845e-04,1.30011e-04,1.29806e-04,1.29553e-04,1.29288e-04,1.29035e-04
 0.465,9.86748e-05,9.88364e-05,9.90066e-05,9.91683e-05,9.92914e-05,9.91364e-05,9.89459e-05,9.87454e-05,9.85549e-05
 0.445,8.14799e-05,8.16033e-05,8.17332e-05,8.18566e-05,8.19496e-05,8.18253e-05,8.16735e-05,8.15138e-05,8.13620e-05
 0.426,6.39937e-05,6.40765e-05,6.41636e-05,6.42464e-05,6.43074e-05,6.42155e-05,6.41048e-05,6.39883e-05,6.38775e-05
 0.408,4.13218e-05,4.13674e-05,4.14154e-05,4.14610e-05,4.14948e-05,4.14458e-05,4.13866e-05,4.13242e-05,4.12649e-05
 0.387,5.14478e-05,5.15424e-05,5.16419e-05,5.17365e-05,5.18266e-05,5.18444e-05,5.18475e-05,5.18506e-05,5.18537e-05
 0.362,6.55069e-05,6.56507e-05,6.58021e-05,6.59459e-05,6.60888e-05,6.61514e-05,6.61936e-05,6.62379e-05,6.62801e-05
 0.337,4.66136e-05,4.66890e-05,4.67684e-05,4.68438e-05,4.69125e-05,4.69076e-05,4.68899e-05,4.68713e-05,4.68536e-05
 0.312,4.40717e-05,4.41512e-05,4.42348e-05,4.43143e-05,4.43833e-05,4.43584e-05,4.43188e-05,4.42771e-05,4.42375e-05
 0.287,4.18901e-05,4.19636e-05,4.20411e-05,4.21147e-05,4.21721e-05,4.21104e-05,4.20329e-05,4.19514e-05,4.18740e-05
 0.268,Inf,Inf,Inf,Inf,Inf,Inf,Inf,Inf,Inf
