#Lambda(microns),,Phi=0.1050,Phi=0.2000,Phi=0.3000,Phi=0.3950,Phi=0.5000,Phi=0.6050,Phi=0.7000,Phi=0.8000,Phi=0.8950
227.531,1.96123e+08,1.96143e+08,1.96164e+08,1.96184e+08,1.96157e+08,1.95885e+08,1.95595e+08,1.95289e+08,1.94999e+08
138.793,5.08103e+08,5.08161e+08,5.08221e+08,5.08279e+08,5.08214e+08,5.07508e+08,5.06754e+08,5.05959e+08,5.05205e+08
97.752,1.00529e+09,1.00541e+09,1.00554e+09,1.00567e+09,1.00555e+09,1.00414e+09,1.00262e+09,1.00103e+09,9.99520e+08
73.692,1.74860e+09,1.74886e+09,1.74913e+09,1.74938e+09,1.74920e+09,1.74670e+09,1.74402e+09,1.74120e+09,1.73852e+09
53.879,3.23937e+09,3.23994e+09,3.24054e+09,3.24110e+09,3.24084e+09,3.23615e+09,3.23111e+09,3.22579e+09,3.22075e+09
42.212,5.16787e+09,5.16891e+09,5.17000e+09,5.17104e+09,5.17074e+09,5.16320e+09,5.15507e+09,5.14651e+09,5.13838e+09
35.753,7.13664e+09,7.13819e+09,7.13983e+09,7.14138e+09,7.14106e+09,7.13059e+09,7.11927e+09,7.10736e+09,7.09604e+09
29.700,1.01939e+10,1.01960e+10,1.01983e+10,1.02004e+10,1.01998e+10,1.01846e+10,1.01682e+10,1.01510e+10,1.01346e+10
24.839,1.43206e+10,1.43235e+10,1.43266e+10,1.43295e+10,1.43286e+10,1.43070e+10,1.42837e+10,1.42592e+10,1.42359e+10
21.395,1.90037e+10,1.90077e+10,1.90120e+10,1.90160e+10,1.90148e+10,1.89858e+10,1.89545e+10,1.89215e+10,1.88902e+10
19.382,2.34236e+10,2.34285e+10,2.34336e+10,2.34385e+10,2.34369e+10,2.34005e+10,2.33613e+10,2.33199e+10,2.32807e+10
18.180,2.63590e+10,2.63646e+10,2.63705e+10,2.63761e+10,2.63744e+10,2.63332e+10,2.62887e+10,2.62419e+10,2.61975e+10
16.978,2.98753e+10,2.98817e+10,2.98884e+10,2.98947e+10,2.98928e+10,2.98458e+10,2.97952e+10,2.97419e+10,2.96913e+10
15.777,3.41237e+10,3.41309e+10,3.41385e+10,3.41457e+10,3.41434e+10,3.40894e+10,3.40312e+10,3.39700e+10,3.39119e+10
14.575,3.93751e+10,3.93835e+10,3.93923e+10,3.94007e+10,3.93979e+10,3.93352e+10,3.92676e+10,3.91964e+10,3.91288e+10
13.588,4.46285e+10,4.46377e+10,4.46474e+10,4.46566e+10,4.46532e+10,4.45818e+10,4.45050e+10,4.44240e+10,4.43471e+10
12.787,4.96963e+10,4.97062e+10,4.97166e+10,4.97264e+10,4.97222e+10,4.96425e+10,4.95567e+10,4.94664e+10,4.93805e+10
11.986,5.56939e+10,5.57044e+10,5.57155e+10,5.57260e+10,5.57207e+10,5.56308e+10,5.55343e+10,5.54326e+10,5.53361e+10
11.292,6.17774e+10,6.17885e+10,6.18002e+10,6.18113e+10,6.18049e+10,6.17052e+10,6.15980e+10,6.14853e+10,6.13781e+10
10.692,6.78812e+10,6.78926e+10,6.79046e+10,6.79160e+10,6.79081e+10,6.77977e+10,6.76792e+10,6.75545e+10,6.74360e+10
10.091,7.50342e+10,7.50465e+10,7.50594e+10,7.50718e+10,7.50626e+10,7.49397e+10,7.48078e+10,7.46690e+10,7.45372e+10
 9.648,8.11936e+10,8.12077e+10,8.12226e+10,8.12368e+10,8.12274e+10,8.10927e+10,8.09482e+10,8.07961e+10,8.06516e+10
 9.348,8.59218e+10,8.59384e+10,8.59559e+10,8.59725e+10,8.59636e+10,8.58190e+10,8.56636e+10,8.54999e+10,8.53445e+10
 8.995,9.19005e+10,9.19200e+10,9.19404e+10,9.19599e+10,9.19517e+10,9.17952e+10,9.16267e+10,9.14495e+10,9.12810e+10
 8.673,9.79492e+10,9.79727e+10,9.79973e+10,9.80208e+10,9.80142e+10,9.78453e+10,9.76631e+10,9.74713e+10,9.72891e+10
 8.345,1.04741e+11,1.04767e+11,1.04795e+11,1.04821e+11,1.04815e+11,1.04631e+11,1.04434e+11,1.04226e+11,1.04028e+11
 8.074,1.10906e+11,1.10934e+11,1.10964e+11,1.10992e+11,1.10986e+11,1.10791e+11,1.10580e+11,1.10358e+11,1.10147e+11
 7.904,1.14835e+11,1.14864e+11,1.14895e+11,1.14924e+11,1.14918e+11,1.14715e+11,1.14496e+11,1.14266e+11,1.14047e+11
 7.714,1.19051e+11,1.19079e+11,1.19110e+11,1.19139e+11,1.19130e+11,1.18919e+11,1.18691e+11,1.18451e+11,1.18223e+11
 7.498,1.23744e+11,1.23772e+11,1.23802e+11,1.23830e+11,1.23820e+11,1.23599e+11,1.23362e+11,1.23112e+11,1.22875e+11
 7.284,1.29675e+11,1.29706e+11,1.29738e+11,1.29769e+11,1.29759e+11,1.29527e+11,1.29277e+11,1.29014e+11,1.28764e+11
 7.094,1.35359e+11,1.35392e+11,1.35427e+11,1.35460e+11,1.35450e+11,1.35206e+11,1.34944e+11,1.34667e+11,1.34404e+11
 6.873,1.42573e+11,1.42610e+11,1.42648e+11,1.42685e+11,1.42675e+11,1.42417e+11,1.42138e+11,1.41844e+11,1.41565e+11
 6.664,1.49892e+11,1.49932e+11,1.49973e+11,1.50013e+11,1.50003e+11,1.49729e+11,1.49434e+11,1.49122e+11,1.48827e+11
 6.515,1.55293e+11,1.55328e+11,1.55364e+11,1.55399e+11,1.55383e+11,1.55095e+11,1.54786e+11,1.54461e+11,1.54151e+11
 6.297,1.63713e+11,1.63735e+11,1.63759e+11,1.63781e+11,1.63751e+11,1.63444e+11,1.63116e+11,1.62771e+11,1.62444e+11
 6.064,1.74207e+11,1.74235e+11,1.74265e+11,1.74293e+11,1.74264e+11,1.73933e+11,1.73579e+11,1.73207e+11,1.72854e+11
 5.899,1.82402e+11,1.82437e+11,1.82473e+11,1.82508e+11,1.82482e+11,1.82133e+11,1.81759e+11,1.81365e+11,1.80991e+11
 5.759,1.89751e+11,1.89789e+11,1.89830e+11,1.89868e+11,1.89842e+11,1.89479e+11,1.89089e+11,1.88678e+11,1.88287e+11
 5.572,2.00389e+11,2.00432e+11,2.00478e+11,2.00521e+11,2.00497e+11,2.00112e+11,1.99699e+11,1.99263e+11,1.98850e+11
 5.379,2.11743e+11,2.11790e+11,2.11839e+11,2.11886e+11,2.11861e+11,2.11452e+11,2.11014e+11,2.10552e+11,2.10113e+11
 5.265,2.19314e+11,2.19361e+11,2.19410e+11,2.19457e+11,2.19429e+11,2.19003e+11,2.18546e+11,2.18064e+11,2.17606e+11
 5.149,2.27838e+11,2.27887e+11,2.27939e+11,2.27989e+11,2.27960e+11,2.27511e+11,2.27030e+11,2.26523e+11,2.26041e+11
 5.000,2.38646e+11,2.38697e+11,2.38751e+11,2.38802e+11,2.38769e+11,2.38292e+11,2.37780e+11,2.37241e+11,2.36729e+11
 4.882,2.47546e+11,2.47596e+11,2.47649e+11,2.47700e+11,2.47663e+11,2.47161e+11,2.46624e+11,2.46059e+11,2.45521e+11
 4.827,2.52044e+11,2.52095e+11,2.52149e+11,2.52200e+11,2.52162e+11,2.51648e+11,2.51097e+11,2.50517e+11,2.49966e+11
 4.796,2.54833e+11,2.54887e+11,2.54944e+11,2.54998e+11,2.54961e+11,2.54441e+11,2.53882e+11,2.53295e+11,2.52736e+11
 4.750,2.58741e+11,2.58797e+11,2.58856e+11,2.58913e+11,2.58876e+11,2.58348e+11,2.57780e+11,2.57183e+11,2.56616e+11
 4.700,2.63616e+11,2.63679e+11,2.63744e+11,2.63807e+11,2.63776e+11,2.63241e+11,2.62667e+11,2.62063e+11,2.61488e+11
 4.662,2.66118e+11,2.66179e+11,2.66244e+11,2.66305e+11,2.66270e+11,2.65728e+11,2.65146e+11,2.64533e+11,2.63950e+11
 4.605,2.71215e+11,2.71281e+11,2.71350e+11,2.71416e+11,2.71384e+11,2.70830e+11,2.70234e+11,2.69607e+11,2.69012e+11
 4.504,2.78552e+11,2.78612e+11,2.78674e+11,2.78734e+11,2.78692e+11,2.78112e+11,2.77490e+11,2.76836e+11,2.76214e+11
 4.395,2.83819e+11,2.83862e+11,2.83906e+11,2.83948e+11,2.83889e+11,2.83297e+11,2.82665e+11,2.82001e+11,2.81369e+11
 4.301,2.86436e+11,2.86461e+11,2.86487e+11,2.86512e+11,2.86433e+11,2.85825e+11,2.85180e+11,2.84500e+11,2.83854e+11
 4.202,2.92405e+11,2.92404e+11,2.92403e+11,2.92403e+11,2.92298e+11,2.91674e+11,2.91016e+11,2.90323e+11,2.89664e+11
 4.074,3.03945e+11,3.03917e+11,3.03888e+11,3.03860e+11,3.03726e+11,3.03075e+11,3.02393e+11,3.01675e+11,3.00992e+11
 3.949,3.15252e+11,3.15185e+11,3.15114e+11,3.15048e+11,3.14872e+11,3.14188e+11,3.13477e+11,3.12728e+11,3.12017e+11
 3.849,3.25660e+11,3.25592e+11,3.25521e+11,3.25454e+11,3.25273e+11,3.24561e+11,3.23821e+11,3.23041e+11,3.22301e+11
 3.749,3.37340e+11,3.37297e+11,3.37252e+11,3.37209e+11,3.37047e+11,3.36312e+11,3.35543e+11,3.34734e+11,3.33965e+11
 3.662,3.47692e+11,3.47678e+11,3.47663e+11,3.47649e+11,3.47510e+11,3.46755e+11,3.45960e+11,3.45124e+11,3.44329e+11
 3.587,3.56561e+11,3.56564e+11,3.56567e+11,3.56570e+11,3.56444e+11,3.55668e+11,3.54849e+11,3.53986e+11,3.53167e+11
 3.513,3.65454e+11,3.65475e+11,3.65496e+11,3.65517e+11,3.65403e+11,3.64608e+11,3.63766e+11,3.62879e+11,3.62036e+11
 3.438,3.74605e+11,3.74641e+11,3.74680e+11,3.74716e+11,3.74614e+11,3.73799e+11,3.72933e+11,3.72021e+11,3.71154e+11
 3.363,3.83830e+11,3.83883e+11,3.83939e+11,3.83992e+11,3.83901e+11,3.83061e+11,3.82167e+11,3.81225e+11,3.80331e+11
 3.308,3.90861e+11,3.90928e+11,3.90998e+11,3.91065e+11,3.90984e+11,3.90127e+11,3.89211e+11,3.88246e+11,3.87330e+11
 3.269,3.96078e+11,3.96151e+11,3.96229e+11,3.96302e+11,3.96224e+11,3.95353e+11,3.94421e+11,3.93440e+11,3.92508e+11
 3.231,4.01155e+11,4.01242e+11,4.01332e+11,4.01419e+11,4.01350e+11,4.00461e+11,3.99509e+11,3.98507e+11,3.97554e+11
 3.193,4.06446e+11,4.06538e+11,4.06634e+11,4.06726e+11,4.06659e+11,4.05752e+11,4.04780e+11,4.03756e+11,4.02784e+11
 3.156,4.11772e+11,4.11872e+11,4.11978e+11,4.12079e+11,4.12018e+11,4.11096e+11,4.10106e+11,4.09065e+11,4.08075e+11
 3.118,4.17191e+11,4.17297e+11,4.17408e+11,4.17513e+11,4.17454e+11,4.16517e+11,4.15510e+11,4.14450e+11,4.13443e+11
 3.085,4.22488e+11,4.22600e+11,4.22718e+11,4.22831e+11,4.22776e+11,4.21823e+11,4.20798e+11,4.19719e+11,4.18695e+11
 3.055,4.26828e+11,4.26942e+11,4.27061e+11,4.27175e+11,4.27119e+11,4.26154e+11,4.25116e+11,4.24023e+11,4.22985e+11
 3.014,4.32664e+11,4.32785e+11,4.32913e+11,4.33034e+11,4.32982e+11,4.32000e+11,4.30943e+11,4.29830e+11,4.28773e+11
 2.965,4.40588e+11,4.40715e+11,4.40849e+11,4.40976e+11,4.40925e+11,4.39922e+11,4.38841e+11,4.37703e+11,4.36622e+11
 2.909,4.48606e+11,4.48733e+11,4.48866e+11,4.48992e+11,4.48937e+11,4.47908e+11,4.46800e+11,4.45635e+11,4.44527e+11
 2.847,4.58023e+11,4.58152e+11,4.58287e+11,4.58416e+11,4.58358e+11,4.57300e+11,4.56162e+11,4.54964e+11,4.53826e+11
 2.787,4.67280e+11,4.67403e+11,4.67533e+11,4.67656e+11,4.67588e+11,4.66497e+11,4.65324e+11,4.64090e+11,4.62918e+11
 2.730,4.77349e+11,4.77459e+11,4.77576e+11,4.77686e+11,4.77600e+11,4.76474e+11,4.75267e+11,4.73996e+11,4.72788e+11
 2.676,4.86052e+11,4.86147e+11,4.86248e+11,4.86343e+11,4.86239e+11,4.85081e+11,4.83843e+11,4.82539e+11,4.81301e+11
 2.623,4.95543e+11,4.95651e+11,4.95765e+11,4.95873e+11,4.95774e+11,4.94587e+11,4.93315e+11,4.91976e+11,4.90704e+11
 2.574,5.06720e+11,5.06842e+11,5.06971e+11,5.07094e+11,5.07003e+11,5.05785e+11,5.04477e+11,5.03102e+11,5.01795e+11
 2.527,5.16875e+11,5.16996e+11,5.17123e+11,5.17245e+11,5.17148e+11,5.15895e+11,5.14553e+11,5.13140e+11,5.11798e+11
 2.482,5.24607e+11,5.24696e+11,5.24789e+11,5.24878e+11,5.24745e+11,5.23455e+11,5.22079e+11,5.20631e+11,5.19255e+11
 2.437,5.34170e+11,5.34209e+11,5.34250e+11,5.34289e+11,5.34100e+11,5.32754e+11,5.31327e+11,5.29825e+11,5.28397e+11
 2.394,5.36133e+11,5.36089e+11,5.36043e+11,5.35999e+11,5.35725e+11,5.34327e+11,5.32859e+11,5.31313e+11,5.29845e+11
 2.354,5.34803e+11,5.34682e+11,5.34554e+11,5.34433e+11,5.34081e+11,5.32641e+11,5.31142e+11,5.29563e+11,5.28064e+11
 2.314,5.37036e+11,5.36859e+11,5.36673e+11,5.36496e+11,5.36086e+11,5.34608e+11,5.33077e+11,5.31465e+11,5.29934e+11
 2.276,5.29599e+11,5.29341e+11,5.29069e+11,5.28811e+11,5.28325e+11,5.26838e+11,5.25311e+11,5.23704e+11,5.22178e+11
 2.240,5.36863e+11,5.36631e+11,5.36387e+11,5.36156e+11,5.35695e+11,5.34211e+11,5.32683e+11,5.31075e+11,5.29547e+11
 2.209,5.46963e+11,5.46794e+11,5.46616e+11,5.46447e+11,5.46046e+11,5.44575e+11,5.43050e+11,5.41445e+11,5.39920e+11
 2.183,5.53054e+11,5.52928e+11,5.52795e+11,5.52669e+11,5.52310e+11,5.50851e+11,5.49332e+11,5.47733e+11,5.46215e+11
 2.163,5.56917e+11,5.56813e+11,5.56703e+11,5.56599e+11,5.56261e+11,5.54805e+11,5.53286e+11,5.51688e+11,5.50169e+11
 2.148,5.59787e+11,5.59714e+11,5.59637e+11,5.59564e+11,5.59256e+11,5.57808e+11,5.56291e+11,5.54695e+11,5.53178e+11
 2.137,5.61722e+11,5.61665e+11,5.61604e+11,5.61547e+11,5.61253e+11,5.59808e+11,5.58292e+11,5.56696e+11,5.55180e+11
 2.129,5.62764e+11,5.62722e+11,5.62678e+11,5.62637e+11,5.62358e+11,5.60913e+11,5.59395e+11,5.57796e+11,5.56278e+11
 2.114,5.64149e+11,5.64111e+11,5.64070e+11,5.64032e+11,5.63754e+11,5.62299e+11,5.60769e+11,5.59159e+11,5.57629e+11
 2.091,5.66906e+11,5.66894e+11,5.66882e+11,5.66870e+11,5.66616e+11,5.65154e+11,5.63612e+11,5.61990e+11,5.60449e+11
 2.070,5.68927e+11,5.68926e+11,5.68925e+11,5.68924e+11,5.68678e+11,5.67201e+11,5.65643e+11,5.64003e+11,5.62445e+11
 2.050,5.70412e+11,5.70414e+11,5.70416e+11,5.70418e+11,5.70170e+11,5.68678e+11,5.67102e+11,5.65443e+11,5.63867e+11
 2.030,5.72441e+11,5.72447e+11,5.72453e+11,5.72459e+11,5.72213e+11,5.70704e+11,5.69110e+11,5.67432e+11,5.65838e+11
 2.010,5.74602e+11,5.74611e+11,5.74621e+11,5.74630e+11,5.74385e+11,5.72860e+11,5.71250e+11,5.69554e+11,5.67944e+11
 1.982,5.76877e+11,5.76864e+11,5.76850e+11,5.76837e+11,5.76566e+11,5.75013e+11,5.73376e+11,5.71652e+11,5.70015e+11
 1.947,5.80902e+11,5.80886e+11,5.80869e+11,5.80853e+11,5.80576e+11,5.79009e+11,5.77357e+11,5.75618e+11,5.73966e+11
 1.916,5.84782e+11,5.84781e+11,5.84780e+11,5.84778e+11,5.84516e+11,5.82948e+11,5.81293e+11,5.79551e+11,5.77896e+11
 1.889,5.86810e+11,5.86814e+11,5.86819e+11,5.86823e+11,5.86564e+11,5.84981e+11,5.83309e+11,5.81550e+11,5.79878e+11
 1.863,5.90102e+11,5.90133e+11,5.90166e+11,5.90198e+11,5.89962e+11,5.88375e+11,5.86695e+11,5.84926e+11,5.83246e+11
 1.837,5.90764e+11,5.90754e+11,5.90744e+11,5.90734e+11,5.90456e+11,5.88840e+11,5.87136e+11,5.85343e+11,5.83639e+11
 1.812,5.91460e+11,5.91422e+11,5.91382e+11,5.91344e+11,5.91036e+11,5.89396e+11,5.87671e+11,5.85855e+11,5.84130e+11
 1.788,5.90459e+11,5.90375e+11,5.90286e+11,5.90201e+11,5.89846e+11,5.88179e+11,5.86434e+11,5.84598e+11,5.82853e+11
 1.766,5.87641e+11,5.87492e+11,5.87336e+11,5.87187e+11,5.86767e+11,5.85071e+11,5.83306e+11,5.81448e+11,5.79683e+11
 1.740,5.81508e+11,5.81260e+11,5.80999e+11,5.80752e+11,5.80235e+11,5.78504e+11,5.76718e+11,5.74837e+11,5.73051e+11
 1.713,5.76684e+11,5.76348e+11,5.75996e+11,5.75661e+11,5.75059e+11,5.73304e+11,5.71506e+11,5.69615e+11,5.67817e+11
 1.692,5.71834e+11,5.71420e+11,5.70985e+11,5.70571e+11,5.69894e+11,5.68116e+11,5.66309e+11,5.64407e+11,5.62600e+11
 1.675,5.70946e+11,5.70521e+11,5.70073e+11,5.69648e+11,5.68959e+11,5.67174e+11,5.65360e+11,5.63451e+11,5.61637e+11
 1.660,5.74842e+11,5.74449e+11,5.74035e+11,5.73642e+11,5.72982e+11,5.71196e+11,5.69375e+11,5.67460e+11,5.65640e+11
 1.646,5.80447e+11,5.80101e+11,5.79737e+11,5.79391e+11,5.78774e+11,5.76990e+11,5.75165e+11,5.73243e+11,5.71418e+11
 1.627,5.85408e+11,5.85120e+11,5.84817e+11,5.84528e+11,5.83968e+11,5.82196e+11,5.80375e+11,5.78457e+11,5.76636e+11
 1.604,5.89272e+11,5.89041e+11,5.88797e+11,5.88566e+11,5.88059e+11,5.86300e+11,5.84482e+11,5.82567e+11,5.80749e+11
 1.584,5.90334e+11,5.90138e+11,5.89933e+11,5.89738e+11,5.89267e+11,5.87517e+11,5.85702e+11,5.83792e+11,5.81977e+11
 1.567,5.90898e+11,5.90737e+11,5.90568e+11,5.90407e+11,5.89969e+11,5.88230e+11,5.86421e+11,5.84518e+11,5.82709e+11
 1.552,5.91459e+11,5.91325e+11,5.91184e+11,5.91051e+11,5.90639e+11,5.88906e+11,5.87100e+11,5.85199e+11,5.83392e+11
 1.538,5.91277e+11,5.91165e+11,5.91048e+11,5.90936e+11,5.90546e+11,5.88819e+11,5.87016e+11,5.85117e+11,5.83314e+11
 1.523,5.91195e+11,5.91098e+11,5.90995e+11,5.90898e+11,5.90520e+11,5.88795e+11,5.86990e+11,5.85090e+11,5.83285e+11
 1.506,5.90788e+11,5.90709e+11,5.90626e+11,5.90547e+11,5.90187e+11,5.88466e+11,5.86663e+11,5.84766e+11,5.82963e+11
 1.488,5.90755e+11,5.90707e+11,5.90655e+11,5.90607e+11,5.90277e+11,5.88569e+11,5.86775e+11,5.84886e+11,5.83091e+11
 1.471,5.89849e+11,5.89809e+11,5.89767e+11,5.89727e+11,5.89405e+11,5.87699e+11,5.85904e+11,5.84015e+11,5.82220e+11
 1.452,5.87146e+11,5.87089e+11,5.87029e+11,5.86972e+11,5.86633e+11,5.84914e+11,5.83109e+11,5.81209e+11,5.79404e+11
 1.434,5.85056e+11,5.85012e+11,5.84966e+11,5.84922e+11,5.84596e+11,5.82882e+11,5.81080e+11,5.79184e+11,5.77382e+11
 1.416,5.82961e+11,5.82909e+11,5.82854e+11,5.82802e+11,5.82468e+11,5.80750e+11,5.78946e+11,5.77046e+11,5.75242e+11
 1.400,5.79760e+11,5.79662e+11,5.79559e+11,5.79462e+11,5.79081e+11,5.77336e+11,5.75510e+11,5.73588e+11,5.71762e+11
 1.386,5.76678e+11,5.76550e+11,5.76415e+11,5.76288e+11,5.75876e+11,5.74115e+11,5.72277e+11,5.70343e+11,5.68505e+11
 1.374,5.74267e+11,5.74136e+11,5.73997e+11,5.73866e+11,5.73451e+11,5.71689e+11,5.69852e+11,5.67918e+11,5.66080e+11
 1.358,5.70586e+11,5.70435e+11,5.70275e+11,5.70124e+11,5.69689e+11,5.67916e+11,5.66071e+11,5.64128e+11,5.62282e+11
 1.339,5.64379e+11,5.64150e+11,5.63909e+11,5.63680e+11,5.63168e+11,5.61359e+11,5.59488e+11,5.57518e+11,5.55647e+11
 1.318,5.51211e+11,5.50708e+11,5.50179e+11,5.49677e+11,5.48898e+11,5.47001e+11,5.45082e+11,5.43062e+11,5.41144e+11
 1.296,5.47887e+11,5.47391e+11,5.46868e+11,5.46372e+11,5.45603e+11,5.43732e+11,5.41839e+11,5.39846e+11,5.37953e+11
 1.276,5.44878e+11,5.44422e+11,5.43942e+11,5.43487e+11,5.42761e+11,5.40923e+11,5.39060e+11,5.37099e+11,5.35236e+11
 1.259,5.42361e+11,5.41950e+11,5.41518e+11,5.41108e+11,5.40425e+11,5.38595e+11,5.36732e+11,5.34771e+11,5.32908e+11
 1.241,5.36351e+11,5.35919e+11,5.35464e+11,5.35032e+11,5.34329e+11,5.32494e+11,5.30629e+11,5.28667e+11,5.26802e+11
 1.224,5.29257e+11,5.28802e+11,5.28323e+11,5.27868e+11,5.27141e+11,5.25295e+11,5.23423e+11,5.21452e+11,5.19579e+11
 1.206,5.25715e+11,5.25324e+11,5.24913e+11,5.24522e+11,5.23858e+11,5.22033e+11,5.20172e+11,5.18214e+11,5.16353e+11
 1.189,5.19662e+11,5.19308e+11,5.18935e+11,5.18581e+11,5.17953e+11,5.16145e+11,5.14296e+11,5.12350e+11,5.10501e+11
 1.169,5.12691e+11,5.12347e+11,5.11986e+11,5.11643e+11,5.11031e+11,5.09258e+11,5.07443e+11,5.05532e+11,5.03718e+11
 1.148,5.05473e+11,5.05163e+11,5.04835e+11,5.04525e+11,5.03951e+11,5.02229e+11,5.00462e+11,4.98603e+11,4.96837e+11
 1.126,4.94790e+11,4.94499e+11,4.94192e+11,4.93901e+11,4.93353e+11,4.91675e+11,4.89953e+11,4.88140e+11,4.86418e+11
 1.102,4.82639e+11,4.82336e+11,4.82016e+11,4.81712e+11,4.81157e+11,4.79505e+11,4.77812e+11,4.76030e+11,4.74337e+11
 1.080,4.69670e+11,4.69294e+11,4.68898e+11,4.68521e+11,4.67898e+11,4.66238e+11,4.64548e+11,4.62769e+11,4.61079e+11
 1.061,4.61053e+11,4.60763e+11,4.60458e+11,4.60168e+11,4.59632e+11,4.58022e+11,4.56372e+11,4.54634e+11,4.52984e+11
 1.040,4.50598e+11,4.50360e+11,4.50109e+11,4.49871e+11,4.49398e+11,4.47876e+11,4.46310e+11,4.44660e+11,4.43094e+11
 1.016,4.36650e+11,4.36465e+11,4.36269e+11,4.36084e+11,4.35672e+11,4.34226e+11,4.32730e+11,4.31156e+11,4.29661e+11
 0.996,4.24376e+11,4.24213e+11,4.24041e+11,4.23878e+11,4.23494e+11,4.22093e+11,4.20641e+11,4.19112e+11,4.17660e+11
 0.980,4.11234e+11,4.11078e+11,4.10914e+11,4.10758e+11,4.10387e+11,4.09022e+11,4.07607e+11,4.06117e+11,4.04702e+11
 0.963,3.98557e+11,3.98395e+11,3.98223e+11,3.98060e+11,3.97686e+11,3.96342e+11,3.94950e+11,3.93485e+11,3.92093e+11
 0.944,3.85538e+11,3.85459e+11,3.85375e+11,3.85296e+11,3.85019e+11,3.83792e+11,3.82511e+11,3.81162e+11,3.79880e+11
 0.931,3.75725e+11,3.75677e+11,3.75626e+11,3.75577e+11,3.75337e+11,3.74164e+11,3.72934e+11,3.71639e+11,3.70409e+11
 0.919,3.65538e+11,3.65407e+11,3.65270e+11,3.65139e+11,3.64818e+11,3.63612e+11,3.62360e+11,3.61042e+11,3.59790e+11
 0.904,3.54440e+11,3.54357e+11,3.54271e+11,3.54188e+11,3.53922e+11,3.52784e+11,3.51597e+11,3.50347e+11,3.49160e+11
 0.891,3.44292e+11,3.44257e+11,3.44221e+11,3.44186e+11,3.43974e+11,3.42893e+11,3.41758e+11,3.40563e+11,3.39429e+11
 0.877,3.32893e+11,3.32814e+11,3.32731e+11,3.32653e+11,3.32401e+11,3.31321e+11,3.30194e+11,3.29008e+11,3.27881e+11
 0.865,3.22268e+11,3.22253e+11,3.22237e+11,3.22222e+11,3.22043e+11,3.21052e+11,3.20008e+11,3.18910e+11,3.17866e+11
 0.852,3.10172e+11,3.10201e+11,3.10232e+11,3.10262e+11,3.10134e+11,3.09208e+11,3.08225e+11,3.07190e+11,3.06207e+11
 0.834,2.94743e+11,2.94712e+11,2.94680e+11,2.94649e+11,2.94467e+11,2.93544e+11,2.92574e+11,2.91553e+11,2.90583e+11
 0.822,2.84916e+11,2.84868e+11,2.84817e+11,2.84768e+11,2.84572e+11,2.83660e+11,2.82705e+11,2.81700e+11,2.80746e+11
 0.810,2.73969e+11,2.73926e+11,2.73882e+11,2.73839e+11,2.73655e+11,2.72780e+11,2.71864e+11,2.70900e+11,2.69985e+11
 0.792,2.58660e+11,2.58681e+11,2.58704e+11,2.58725e+11,2.58615e+11,2.57832e+11,2.57002e+11,2.56129e+11,2.55299e+11
 0.777,2.47319e+11,2.47352e+11,2.47387e+11,2.47420e+11,2.47324e+11,2.46570e+11,2.45769e+11,2.44926e+11,2.44124e+11
 0.765,2.35386e+11,2.35401e+11,2.35417e+11,2.35432e+11,2.35325e+11,2.34597e+11,2.33826e+11,2.33014e+11,2.32243e+11
 0.752,2.22406e+11,2.22362e+11,2.22316e+11,2.22272e+11,2.22111e+11,2.21388e+11,2.20632e+11,2.19836e+11,2.19079e+11
 0.739,2.10937e+11,2.10924e+11,2.10912e+11,2.10899e+11,2.10778e+11,2.10118e+11,2.09422e+11,2.08691e+11,2.07996e+11
 0.729,2.04311e+11,2.04336e+11,2.04362e+11,2.04387e+11,2.04305e+11,2.03680e+11,2.03016e+11,2.02316e+11,2.01652e+11
 0.714,1.99831e+11,1.99867e+11,1.99905e+11,1.99941e+11,1.99871e+11,1.99249e+11,1.98586e+11,1.97888e+11,1.97225e+11
 0.697,1.77847e+11,1.77867e+11,1.77888e+11,1.77907e+11,1.77834e+11,1.77287e+11,1.76707e+11,1.76096e+11,1.75516e+11
 0.677,1.67105e+11,1.67134e+11,1.67164e+11,1.67193e+11,1.67132e+11,1.66605e+11,1.66044e+11,1.65453e+11,1.64892e+11
 0.657,1.42198e+11,1.42219e+11,1.42240e+11,1.42261e+11,1.42207e+11,1.41769e+11,1.41304e+11,1.40814e+11,1.40348e+11
 0.642,1.30652e+11,1.30671e+11,1.30691e+11,1.30710e+11,1.30660e+11,1.30256e+11,1.29826e+11,1.29374e+11,1.28944e+11
 0.628,1.21949e+11,1.21968e+11,1.21989e+11,1.22008e+11,1.21962e+11,1.21576e+11,1.21166e+11,1.20734e+11,1.20324e+11
 0.617,1.11029e+11,1.11046e+11,1.11063e+11,1.11079e+11,1.11036e+11,1.10690e+11,1.10321e+11,1.09934e+11,1.09565e+11
 0.604,1.00813e+11,1.00827e+11,1.00842e+11,1.00856e+11,1.00817e+11,1.00504e+11,1.00171e+11,9.98209e+10,9.94883e+10
 0.591,9.42221e+10,9.42356e+10,9.42499e+10,9.42635e+10,9.42261e+10,9.39269e+10,9.36089e+10,9.32741e+10,9.29561e+10
 0.578,8.18847e+10,8.18948e+10,8.19054e+10,8.19156e+10,8.18828e+10,8.16302e+10,8.13619e+10,8.10795e+10,8.08112e+10
 0.565,7.51365e+10,7.51457e+10,7.51554e+10,7.51646e+10,7.51338e+10,7.48982e+10,7.46479e+10,7.43844e+10,7.41341e+10
 0.552,6.66254e+10,6.66323e+10,6.66396e+10,6.66464e+10,6.66183e+10,6.64115e+10,6.61920e+10,6.59610e+10,6.57415e+10
 0.537,5.62161e+10,5.62199e+10,5.62240e+10,5.62279e+10,5.62027e+10,5.60303e+10,5.58476e+10,5.56554e+10,5.54727e+10
 0.523,5.16357e+10,5.16385e+10,5.16415e+10,5.16444e+10,5.16199e+10,5.14574e+10,5.12855e+10,5.11044e+10,5.09324e+10
 0.506,4.45664e+10,4.45680e+10,4.45698e+10,4.45714e+10,4.45496e+10,4.44099e+10,4.42621e+10,4.41065e+10,4.39587e+10
 0.485,3.21742e+10,3.21761e+10,3.21780e+10,3.21798e+10,3.21650e+10,3.20658e+10,3.19609e+10,3.18504e+10,3.17454e+10
 0.465,2.39908e+10,2.39923e+10,2.39938e+10,2.39954e+10,2.39846e+10,2.39119e+10,2.38350e+10,2.37540e+10,2.36770e+10
 0.445,1.75120e+10,1.75123e+10,1.75126e+10,1.75129e+10,1.75046e+10,1.74530e+10,1.73984e+10,1.73410e+10,1.72864e+10
 0.426,1.26753e+10,1.26743e+10,1.26731e+10,1.26721e+10,1.26651e+10,1.26290e+10,1.25912e+10,1.25513e+10,1.25134e+10
 0.408,9.55302e+09,9.55481e+09,9.55669e+09,9.55848e+09,9.55672e+09,9.53633e+09,9.51451e+09,9.49154e+09,9.46971e+09
 0.387,7.33092e+09,7.34703e+09,7.36398e+09,7.38009e+09,7.39558e+09,7.39947e+09,7.40090e+09,7.40240e+09,7.40382e+09
 0.362,4.96968e+09,4.98898e+09,5.00929e+09,5.02859e+09,5.04845e+09,5.06096e+09,5.07095e+09,5.08147e+09,5.09145e+09
 0.337,2.87961e+09,2.88964e+09,2.90019e+09,2.91022e+09,2.92048e+09,2.92662e+09,2.93143e+09,2.93650e+09,2.94131e+09
 0.312,1.64447e+09,1.65067e+09,1.65720e+09,1.66341e+09,1.66985e+09,1.67420e+09,1.67775e+09,1.68149e+09,1.68505e+09
 0.287,8.46716e+08,8.48118e+08,8.49595e+08,8.50997e+08,8.52204e+08,8.51692e+08,8.50918e+08,8.50103e+08,8.49330e+08
 0.268,4.47497e+08,4.47898e+08,4.48319e+08,4.48720e+08,4.48927e+08,4.47960e+08,4.46873e+08,4.45728e+08,4.44641e+08
