#Lambda(microns),,Phi=0.1050,Phi=0.2000,Phi=0.3000,Phi=0.3950,Phi=0.5000,Phi=0.6050,Phi=0.7000,Phi=0.8000,Phi=0.8950
227.531,4.42112e-03,5.36217e-03,6.69873e-03,7.83752e-03,8.13737e-03,7.19654e-03,5.80190e-03,4.55504e-03,3.96098e-03
138.793,3.99360e-03,4.97670e-03,6.32335e-03,7.43018e-03,7.72216e-03,6.81146e-03,5.41814e-03,4.13492e-03,3.49669e-03
97.752,3.74858e-03,4.75094e-03,6.10768e-03,7.21041e-03,7.50571e-03,6.60711e-03,5.21631e-03,3.91694e-03,3.25409e-03
73.692,3.51621e-03,4.54602e-03,5.93384e-03,7.05851e-03,7.36663e-03,6.46643e-03,5.05952e-03,3.72882e-03,3.03274e-03
53.879,3.34256e-03,4.37779e-03,5.78281e-03,6.92899e-03,7.25224e-03,6.35171e-03,4.93911e-03,3.59760e-03,2.88671e-03
42.212,3.17697e-03,4.20044e-03,5.59717e-03,6.74305e-03,7.07336e-03,6.18612e-03,4.79002e-03,3.46089e-03,2.74902e-03
35.753,3.11886e-03,4.12957e-03,5.51656e-03,6.66218e-03,6.99721e-03,6.11434e-03,4.72819e-03,3.41199e-03,2.70620e-03
29.700,3.08025e-03,4.07131e-03,5.43295e-03,6.55900e-03,6.88563e-03,6.00801e-03,4.63869e-03,3.34620e-03,2.66184e-03
24.839,3.00028e-03,3.98168e-03,5.32929e-03,6.44279e-03,6.76401e-03,5.89250e-03,4.53533e-03,3.25599e-03,2.58118e-03
21.395,2.90145e-03,3.87964e-03,5.22537e-03,6.33960e-03,6.66258e-03,5.79241e-03,4.43784e-03,3.16161e-03,2.48784e-03
19.382,2.87181e-03,3.86999e-03,5.25381e-03,6.41150e-03,6.74304e-03,5.84147e-03,4.44558e-03,3.14093e-03,2.45657e-03
18.180,2.83598e-03,3.82615e-03,5.20098e-03,6.35197e-03,6.68273e-03,5.78606e-03,4.39949e-03,3.10467e-03,2.42603e-03
16.978,2.81486e-03,3.79143e-03,5.14933e-03,6.28718e-03,6.61466e-03,5.72518e-03,4.35283e-03,3.07441e-03,2.40743e-03
15.777,2.79174e-03,3.74989e-03,5.08529e-03,6.20586e-03,6.52798e-03,5.64775e-03,4.29478e-03,3.03952e-03,2.38886e-03
14.575,2.74740e-03,3.69239e-03,5.01178e-03,6.12031e-03,6.43953e-03,5.56635e-03,4.22703e-03,2.98761e-03,2.34807e-03
13.588,2.76158e-03,3.67691e-03,4.96218e-03,6.04572e-03,6.35666e-03,5.49617e-03,4.18542e-03,2.98149e-03,2.36932e-03
12.787,2.78157e-03,3.66905e-03,4.92290e-03,5.98397e-03,6.28722e-03,5.43798e-03,4.15341e-03,2.98285e-03,2.39644e-03
11.986,2.79250e-03,3.64936e-03,4.86741e-03,5.90258e-03,6.19668e-03,5.36047e-03,4.10590e-03,2.97259e-03,2.41422e-03
11.292,2.80762e-03,3.63641e-03,4.82144e-03,5.83167e-03,6.11722e-03,5.29452e-03,4.06807e-03,2.96887e-03,2.43600e-03
10.692,2.78006e-03,3.59795e-03,4.76638e-03,5.76122e-03,6.03941e-03,5.22248e-03,4.00834e-03,2.92400e-03,2.40334e-03
10.091,2.74298e-03,3.54913e-03,4.70414e-03,5.68883e-03,5.96363e-03,5.15254e-03,3.95047e-03,2.88050e-03,2.37057e-03
 9.648,2.66712e-03,3.47709e-03,4.63872e-03,5.63026e-03,5.90961e-03,5.09627e-03,3.89047e-03,2.81557e-03,2.30057e-03
 9.348,2.54534e-03,3.38189e-03,4.57371e-03,5.58799e-03,5.87757e-03,5.05296e-03,3.82212e-03,2.71509e-03,2.17417e-03
 8.995,2.41872e-03,3.27848e-03,4.49872e-03,5.53477e-03,5.83395e-03,5.00144e-03,3.74960e-03,2.61425e-03,2.04906e-03
 8.673,2.27016e-03,3.15883e-03,4.41465e-03,5.47936e-03,5.79221e-03,4.95007e-03,3.67288e-03,2.50248e-03,1.90541e-03
 8.345,2.12332e-03,3.04520e-03,4.33613e-03,5.42390e-03,5.74471e-03,4.89271e-03,3.58904e-03,2.38129e-03,1.75240e-03
 8.074,2.05538e-03,2.98883e-03,4.29069e-03,5.38457e-03,5.70768e-03,4.85341e-03,3.54145e-03,2.32085e-03,1.68086e-03
 7.904,1.99119e-03,2.93537e-03,4.24694e-03,5.34464e-03,5.66816e-03,4.81372e-03,3.49516e-03,2.26306e-03,1.61299e-03
 7.714,1.96860e-03,2.90585e-03,4.20579e-03,5.29155e-03,5.60829e-03,4.75815e-03,3.44749e-03,2.22465e-03,1.58338e-03
 7.498,1.95056e-03,2.87474e-03,4.15767e-03,5.22536e-03,5.53258e-03,4.69055e-03,3.39146e-03,2.18310e-03,1.55734e-03
 7.284,1.89550e-03,2.81573e-03,4.09586e-03,5.16239e-03,5.47097e-03,4.63336e-03,3.33899e-03,2.13440e-03,1.50950e-03
 7.094,1.85889e-03,2.77093e-03,4.04690e-03,5.11427e-03,5.42517e-03,4.58929e-03,3.29915e-03,2.10152e-03,1.48230e-03
 6.873,1.79318e-03,2.70672e-03,3.98914e-03,5.06426e-03,5.37971e-03,4.54326e-03,3.25045e-03,2.04935e-03,1.42626e-03
 6.664,1.70029e-03,2.62657e-03,3.92481e-03,5.01098e-03,5.33065e-03,4.49202e-03,3.18946e-03,1.97329e-03,1.33682e-03
 6.515,1.74917e-03,2.66207e-03,3.93356e-03,4.99179e-03,5.29435e-03,4.45819e-03,3.17180e-03,1.97789e-03,1.36367e-03
 6.297,1.97536e-03,2.81660e-03,3.99072e-03,4.96927e-03,5.23287e-03,4.41805e-03,3.20509e-03,2.10857e-03,1.57398e-03
 6.064,1.86606e-03,2.72441e-03,3.92220e-03,4.92104e-03,5.19505e-03,4.37252e-03,3.14123e-03,2.02163e-03,1.46875e-03
 5.899,1.73853e-03,2.62379e-03,3.85638e-03,4.88323e-03,5.17044e-03,4.33837e-03,3.08014e-03,1.92538e-03,1.34421e-03
 5.759,1.70770e-03,2.59052e-03,3.82301e-03,4.85232e-03,5.14269e-03,4.31248e-03,3.05598e-03,1.90248e-03,1.32085e-03
 5.572,1.67165e-03,2.55110e-03,3.78406e-03,4.81861e-03,5.11402e-03,4.28528e-03,3.03035e-03,1.87832e-03,1.29558e-03
 5.379,1.65130e-03,2.52848e-03,3.76175e-03,4.79941e-03,5.09719e-03,4.26787e-03,3.01318e-03,1.86243e-03,1.28061e-03
 5.265,1.64533e-03,2.51760e-03,3.74341e-03,4.77600e-03,5.07192e-03,4.24349e-03,2.99519e-03,1.85201e-03,1.27501e-03
 5.149,1.61525e-03,2.49007e-03,3.71784e-03,4.75329e-03,5.05174e-03,4.21900e-03,2.96838e-03,1.82309e-03,1.24392e-03
 5.000,1.57200e-03,2.45267e-03,3.68342e-03,4.71934e-03,5.01722e-03,4.17980e-03,2.92484e-03,1.77462e-03,1.19248e-03
 4.882,1.54858e-03,2.43761e-03,3.67254e-03,4.70817e-03,5.00317e-03,4.15972e-03,2.89842e-03,1.74176e-03,1.15614e-03
 4.827,1.53012e-03,2.40352e-03,3.61474e-03,4.63025e-03,4.91980e-03,4.08830e-03,2.84960e-03,1.71501e-03,1.14083e-03
 4.796,1.53040e-03,2.42468e-03,3.66473e-03,4.70413e-03,5.00166e-03,4.15284e-03,2.88526e-03,1.72275e-03,1.13360e-03
 4.750,1.53499e-03,2.42824e-03,3.66597e-03,4.70283e-03,5.00066e-03,4.15291e-03,2.88752e-03,1.72671e-03,1.13808e-03
 4.700,1.53456e-03,2.42301e-03,3.65223e-03,4.67962e-03,4.97703e-03,4.13903e-03,2.88452e-03,1.73106e-03,1.14325e-03
 4.662,1.53965e-03,2.42773e-03,3.66255e-03,4.69887e-03,4.99865e-03,4.15382e-03,2.89310e-03,1.73774e-03,1.15186e-03
 4.605,1.47444e-03,2.38370e-03,3.63836e-03,4.68450e-03,4.98735e-03,4.13765e-03,2.85980e-03,1.68014e-03,1.07560e-03
 4.504,1.43659e-03,2.34321e-03,3.59535e-03,4.64116e-03,4.93965e-03,4.08510e-03,2.80753e-03,1.63277e-03,1.03471e-03
 4.395,1.42255e-03,2.28190e-03,3.47508e-03,4.47219e-03,4.74375e-03,3.92085e-03,2.69891e-03,1.58676e-03,1.03176e-03
 4.301,1.42490e-03,2.21958e-03,3.32464e-03,4.24089e-03,4.47620e-03,3.69700e-03,2.55810e-03,1.53573e-03,1.04129e-03
 4.202,1.57276e-03,2.29606e-03,3.31667e-03,4.16609e-03,4.36847e-03,3.62092e-03,2.56035e-03,1.63248e-03,1.20664e-03
 4.074,1.72698e-03,2.38831e-03,3.33160e-03,4.11956e-03,4.29161e-03,3.57313e-03,2.58809e-03,1.74793e-03,1.37907e-03
 3.949,1.84994e-03,2.46422e-03,3.33817e-03,4.06370e-03,4.19963e-03,3.50702e-03,2.59281e-03,1.82993e-03,1.50656e-03
 3.849,1.79237e-03,2.40712e-03,3.28089e-03,4.00596e-03,4.14318e-03,3.45322e-03,2.53965e-03,1.77543e-03,1.44991e-03
 3.749,1.66029e-03,2.29625e-03,3.20154e-03,3.95602e-03,4.11497e-03,3.41814e-03,2.47122e-03,1.66768e-03,1.31775e-03
 3.662,1.49357e-03,2.14633e-03,3.07778e-03,3.85704e-03,4.03728e-03,3.34092e-03,2.36788e-03,1.52967e-03,1.15617e-03
 3.587,1.37491e-03,2.03810e-03,2.98556e-03,3.77950e-03,3.97169e-03,3.27581e-03,2.28711e-03,1.42773e-03,1.03971e-03
 3.513,1.27222e-03,1.94248e-03,2.90498e-03,3.71431e-03,3.91849e-03,3.22328e-03,2.22119e-03,1.34449e-03,9.44850e-04
 3.438,1.18959e-03,1.86131e-03,2.83288e-03,3.65369e-03,3.86765e-03,3.17450e-03,2.16485e-03,1.27868e-03,8.72634e-04
 3.363,1.09694e-03,1.76947e-03,2.74866e-03,3.57981e-03,3.80287e-03,3.11188e-03,2.09598e-03,1.20159e-03,7.89541e-04
 3.308,1.05108e-03,1.73155e-03,2.73084e-03,3.58395e-03,3.81832e-03,3.11879e-03,2.08549e-03,1.17508e-03,7.53667e-04
 3.269,1.01417e-03,1.67694e-03,2.65568e-03,3.49460e-03,3.72754e-03,3.04261e-03,2.03150e-03,1.14225e-03,7.30668e-04
 3.231,9.39897e-04,1.60862e-03,2.59890e-03,3.44962e-03,3.69006e-03,3.00368e-03,1.98431e-03,1.08424e-03,6.63629e-04
 3.193,8.99310e-04,1.56828e-03,2.56064e-03,3.41458e-03,3.65741e-03,2.97162e-03,1.95228e-03,1.05135e-03,6.28240e-04
 3.156,8.59434e-04,1.52945e-03,2.52684e-03,3.38679e-03,3.63398e-03,2.94842e-03,1.92629e-03,1.02168e-03,5.95272e-04
 3.118,8.40560e-04,1.50697e-03,2.50326e-03,3.36473e-03,3.61378e-03,2.92943e-03,1.90981e-03,1.00853e-03,5.83565e-04
 3.085,8.00321e-04,1.46476e-03,2.46063e-03,3.32320e-03,3.57446e-03,2.89378e-03,1.87788e-03,9.78661e-04,5.52208e-04
 3.055,7.88680e-04,1.45414e-03,2.45276e-03,3.31793e-03,3.56994e-03,2.88796e-03,1.86989e-03,9.68858e-04,5.41952e-04
 3.014,7.44696e-04,1.40606e-03,2.40165e-03,3.26541e-03,3.51886e-03,2.84246e-03,1.83007e-03,9.32885e-04,5.06347e-04
 2.965,6.98236e-04,1.36016e-03,2.35616e-03,3.21963e-03,3.47379e-03,2.80170e-03,1.79252e-03,8.95369e-04,4.65629e-04
 2.909,6.71906e-04,1.32812e-03,2.31596e-03,3.17146e-03,3.42208e-03,2.75558e-03,1.75506e-03,8.65793e-04,4.40827e-04
 2.847,6.44268e-04,1.29443e-03,2.27501e-03,3.12484e-03,3.37356e-03,2.71193e-03,1.71905e-03,8.37315e-04,4.16475e-04
 2.787,6.23553e-04,1.26582e-03,2.23265e-03,3.06883e-03,3.31084e-03,2.65619e-03,1.67694e-03,8.08398e-04,3.95311e-04
 2.730,6.13273e-04,1.25228e-03,2.20781e-03,3.03017e-03,3.26358e-03,2.61414e-03,1.64689e-03,7.88732e-04,3.80728e-04
 2.676,6.26606e-04,1.25537e-03,2.19345e-03,2.99844e-03,3.22215e-03,2.57783e-03,1.62398e-03,7.81260e-04,3.86427e-04
 2.623,6.18651e-04,1.23828e-03,2.17252e-03,2.98116e-03,3.20946e-03,2.56421e-03,1.61198e-03,7.75899e-04,3.87117e-04
 2.574,5.70279e-04,1.18472e-03,2.11194e-03,2.91652e-03,3.14678e-03,2.50983e-03,1.56677e-03,7.36850e-04,3.47262e-04
 2.527,5.67572e-04,1.17242e-03,2.08539e-03,2.87866e-03,3.10484e-03,2.47399e-03,1.54434e-03,7.28616e-04,3.46800e-04
 2.482,6.22568e-04,1.20977e-03,2.09149e-03,2.85449e-03,3.06376e-03,2.44100e-03,1.53798e-03,7.52656e-04,3.92156e-04
 2.437,6.89944e-04,1.26108e-03,2.10929e-03,2.83892e-03,3.02680e-03,2.40889e-03,1.53509e-03,7.83652e-04,4.45326e-04
 2.394,7.62147e-04,1.31140e-03,2.11331e-03,2.79175e-03,2.94533e-03,2.34011e-03,1.51188e-03,8.09387e-04,5.00393e-04
 2.354,7.95138e-04,1.32451e-03,2.08564e-03,2.71777e-03,2.84110e-03,2.25211e-03,1.46796e-03,8.09368e-04,5.24351e-04
 2.314,8.23078e-04,1.33473e-03,2.06386e-03,2.66301e-03,2.76606e-03,2.18942e-03,1.43844e-03,8.13890e-04,5.47988e-04
 2.276,8.76191e-04,1.35513e-03,2.03507e-03,2.58595e-03,2.66011e-03,2.10657e-03,1.40775e-03,8.36749e-04,6.03174e-04
 2.240,8.53145e-04,1.31708e-03,1.98533e-03,2.53314e-03,2.61519e-03,2.07462e-03,1.38484e-03,8.21897e-04,5.94244e-04
 2.209,8.09436e-04,1.26860e-03,1.94185e-03,2.50345e-03,2.60436e-03,2.07024e-03,1.37167e-03,7.98367e-04,5.65811e-04
 2.183,7.80563e-04,1.23557e-03,1.91314e-03,2.48479e-03,2.59802e-03,2.06829e-03,1.36396e-03,7.84448e-04,5.49951e-04
 2.163,7.78903e-04,1.24232e-03,1.93823e-03,2.52871e-03,2.65107e-03,2.11143e-03,1.38753e-03,7.91131e-04,5.50013e-04
 2.148,7.11179e-04,1.15816e-03,1.83496e-03,2.41248e-03,2.53906e-03,2.02166e-03,1.31812e-03,7.35760e-04,4.98829e-04
 2.137,6.97707e-04,1.14572e-03,1.82755e-03,2.41129e-03,2.54260e-03,2.02458e-03,1.31591e-03,7.28490e-04,4.89172e-04
 2.129,6.65922e-04,1.11435e-03,1.79900e-03,2.38630e-03,2.52170e-03,2.00590e-03,1.29512e-03,7.03923e-04,4.61674e-04
 2.114,6.39653e-04,1.08714e-03,1.77082e-03,2.35712e-03,2.49293e-03,1.97993e-03,1.27169e-03,6.81500e-04,4.38597e-04
 2.091,5.85191e-04,1.03534e-03,1.72735e-03,2.32296e-03,2.46627e-03,1.95422e-03,1.23954e-03,6.40818e-04,3.91836e-04
 2.070,5.42998e-04,9.94340e-04,1.68968e-03,2.28860e-03,2.43476e-03,1.92431e-03,1.20852e-03,6.06775e-04,3.54450e-04
 2.050,5.05132e-04,9.54115e-04,1.64566e-03,2.24063e-03,2.38614e-03,1.88109e-03,1.17168e-03,5.73587e-04,3.20924e-04
 2.030,4.80606e-04,9.36303e-04,1.63829e-03,2.24213e-03,2.39056e-03,1.88016e-03,1.16185e-03,5.54843e-04,2.96695e-04
 2.010,4.42991e-04,8.93358e-04,1.58629e-03,2.18163e-03,2.32852e-03,1.82729e-03,1.12005e-03,5.20531e-04,2.63773e-04
 1.982,4.36566e-04,8.85788e-04,1.57300e-03,2.16061e-03,2.30143e-03,1.80167e-03,1.10121e-03,5.08061e-04,2.54084e-04
 1.947,4.33158e-04,8.82459e-04,1.57074e-03,2.15913e-03,2.29962e-03,1.79873e-03,1.09647e-03,5.02534e-04,2.49678e-04
 1.916,4.13077e-04,8.40288e-04,1.50156e-03,2.07030e-03,2.20901e-03,1.72868e-03,1.05276e-03,4.82889e-04,2.42461e-04
 1.889,3.94585e-04,8.24286e-04,1.49269e-03,2.06895e-03,2.21056e-03,1.72635e-03,1.04420e-03,4.69535e-04,2.26862e-04
 1.863,3.54533e-04,7.78778e-04,1.44408e-03,2.02086e-03,2.16724e-03,1.69012e-03,1.01210e-03,4.39715e-04,1.96574e-04
 1.837,3.63866e-04,7.71417e-04,1.40614e-03,1.95297e-03,2.08515e-03,1.62362e-03,9.76607e-04,4.33351e-04,2.04882e-04
 1.812,3.75984e-04,7.85081e-04,1.41933e-03,1.96350e-03,2.09042e-03,1.62484e-03,9.78226e-04,4.37513e-04,2.11527e-04
 1.788,3.87904e-04,7.74523e-04,1.37098e-03,1.87981e-03,1.99113e-03,1.54579e-03,9.37565e-04,4.33208e-04,2.25369e-04
 1.766,4.17445e-04,7.93296e-04,1.36791e-03,1.85317e-03,1.94906e-03,1.51110e-03,9.26092e-04,4.45415e-04,2.50384e-04
 1.740,4.74775e-04,8.47032e-04,1.40784e-03,1.87325e-03,1.94858e-03,1.50863e-03,9.40980e-04,4.80893e-04,2.97830e-04
 1.713,5.03642e-04,8.45972e-04,1.35717e-03,1.77568e-03,1.82896e-03,1.41663e-03,9.02138e-04,4.91871e-04,3.32452e-04
 1.692,5.37999e-04,8.65819e-04,1.35163e-03,1.74422e-03,1.78078e-03,1.37912e-03,8.92832e-04,5.11236e-04,3.66405e-04
 1.675,5.46967e-04,8.78908e-04,1.37062e-03,1.76728e-03,1.80244e-03,1.39460e-03,9.03087e-04,5.18336e-04,3.72772e-04
 1.660,5.04842e-04,8.22805e-04,1.29751e-03,1.68391e-03,1.72433e-03,1.33367e-03,8.57829e-04,4.84010e-04,3.41940e-04
 1.646,4.90733e-04,8.18966e-04,1.31332e-03,1.72022e-03,1.77159e-03,1.36966e-03,8.71602e-04,4.77983e-04,3.27340e-04
 1.627,4.49793e-04,7.73208e-04,1.26609e-03,1.67674e-03,1.73847e-03,1.34422e-03,8.45470e-04,4.48428e-04,2.95338e-04
 1.604,4.14727e-04,7.41388e-04,1.24541e-03,1.67001e-03,1.74306e-03,1.34684e-03,8.35244e-04,4.25233e-04,2.66091e-04
 1.584,3.91908e-04,7.27236e-04,1.24861e-03,1.69032e-03,1.77201e-03,1.36766e-03,8.38283e-04,4.11710e-04,2.44998e-04
 1.567,3.53127e-04,6.80073e-04,1.19192e-03,1.62771e-03,1.71336e-03,1.32131e-03,8.01316e-04,3.80134e-04,2.14672e-04
 1.552,3.25469e-04,6.52980e-04,1.16876e-03,1.60962e-03,1.70017e-03,1.30952e-03,7.85717e-04,3.59737e-04,1.91464e-04
 1.538,2.98896e-04,6.25655e-04,1.14313e-03,1.58678e-03,1.68107e-03,1.29313e-03,7.68124e-04,3.39662e-04,1.69626e-04
 1.523,2.80777e-04,6.08172e-04,1.12927e-03,1.57727e-03,1.67451e-03,1.28633e-03,7.57970e-04,3.26247e-04,1.54554e-04
 1.506,2.65796e-04,5.99140e-04,1.13289e-03,1.59328e-03,1.69581e-03,1.30117e-03,7.60312e-04,3.17649e-04,1.41208e-04
 1.488,2.38165e-04,5.64354e-04,1.09171e-03,1.54930e-03,1.65537e-03,1.26937e-03,7.34837e-04,2.96597e-04,1.21649e-04
 1.471,2.25117e-04,5.47586e-04,1.07140e-03,1.52712e-03,1.63394e-03,1.25155e-03,7.20549e-04,2.85574e-04,1.12107e-04
 1.452,2.19202e-04,5.38904e-04,1.05791e-03,1.50863e-03,1.61210e-03,1.23191e-03,7.06793e-04,2.77727e-04,1.06826e-04
 1.434,1.98857e-04,5.16261e-04,1.03456e-03,1.48572e-03,1.59096e-03,1.21399e-03,6.90849e-04,2.62855e-04,9.17985e-05
 1.416,1.95463e-04,5.06785e-04,1.01614e-03,1.45988e-03,1.56249e-03,1.19063e-03,6.76058e-04,2.56574e-04,8.98233e-05
 1.400,2.07498e-04,5.13611e-04,1.01118e-03,1.44258e-03,1.53668e-03,1.16762e-03,6.64694e-04,2.57943e-04,9.78033e-05
 1.386,2.11596e-04,5.15824e-04,1.00820e-03,1.43343e-03,1.52231e-03,1.15415e-03,6.57215e-04,2.56994e-04,1.00005e-04
 1.374,2.03718e-04,5.07821e-04,1.00060e-03,1.42586e-03,1.51427e-03,1.14654e-03,6.50439e-04,2.50852e-04,9.39140e-05
 1.358,2.04830e-04,5.02435e-04,9.86221e-04,1.40441e-03,1.48889e-03,1.12437e-03,6.36034e-04,2.45932e-04,9.46844e-05
 1.339,2.33279e-04,5.21913e-04,9.89356e-04,1.39178e-03,1.46330e-03,1.10064e-03,6.27633e-04,2.56848e-04,1.17187e-04
 1.318,3.64026e-04,6.25473e-04,1.04361e-03,1.39588e-03,1.42313e-03,1.06860e-03,6.48928e-04,3.39999e-04,2.34997e-04
 1.296,3.67852e-04,6.20241e-04,1.02882e-03,1.37539e-03,1.40291e-03,1.05569e-03,6.44825e-04,3.44698e-04,2.44776e-04
 1.276,3.61560e-04,6.14495e-04,1.02847e-03,1.38239e-03,1.41603e-03,1.06739e-03,6.50349e-04,3.44936e-04,2.43051e-04
 1.259,3.16580e-04,5.67784e-04,9.78320e-04,1.33040e-03,1.37028e-03,1.02863e-03,6.12812e-04,3.05379e-04,2.01254e-04
 1.241,3.13210e-04,5.59205e-04,9.61454e-04,1.30634e-03,1.34252e-03,1.00487e-03,5.97453e-04,2.98326e-04,1.98169e-04
 1.224,3.07759e-04,5.52788e-04,9.52384e-04,1.29433e-03,1.32704e-03,9.88879e-04,5.84844e-04,2.89772e-04,1.91290e-04
 1.206,2.64731e-04,5.16560e-04,9.26996e-04,1.27972e-03,1.32221e-03,9.81625e-04,5.65284e-04,2.56652e-04,1.50456e-04
 1.189,2.27988e-04,4.81843e-04,8.95213e-04,1.25079e-03,1.29825e-03,9.60135e-04,5.41600e-04,2.28416e-04,1.18062e-04
 1.169,2.23440e-04,4.71439e-04,8.78409e-04,1.22944e-03,1.27722e-03,9.45222e-04,5.32410e-04,2.23925e-04,1.16359e-04
 1.148,2.16846e-04,4.52136e-04,8.43022e-04,1.18275e-03,1.23243e-03,9.14637e-04,5.16306e-04,2.19181e-04,1.16768e-04
 1.126,2.05953e-04,4.36186e-04,8.22797e-04,1.16014e-03,1.21115e-03,8.98789e-04,5.05035e-04,2.11640e-04,1.11182e-04
 1.102,2.04691e-04,4.27230e-04,8.03169e-04,1.13170e-03,1.17926e-03,8.73436e-04,4.90567e-04,2.07851e-04,1.12741e-04
 1.080,2.23155e-04,4.37821e-04,7.99690e-04,1.11441e-03,1.15049e-03,8.48046e-04,4.79913e-04,2.13974e-04,1.28236e-04
 1.061,1.64883e-04,3.81773e-04,7.48364e-04,1.06853e-03,1.11577e-03,8.19834e-04,4.48414e-04,1.74042e-04,8.05493e-05
 1.040,1.62084e-04,3.61684e-04,7.05359e-04,1.00838e-03,1.05804e-03,7.82780e-04,4.31614e-04,1.72231e-04,8.55592e-05
 1.016,1.43027e-04,3.37129e-04,6.76151e-04,9.77204e-04,1.03171e-03,7.64449e-04,4.17101e-04,1.59126e-04,7.27255e-05
 0.996,1.24000e-04,3.11702e-04,6.41284e-04,9.34585e-04,9.89652e-04,7.32110e-04,3.94516e-04,1.42997e-04,5.83226e-05
 0.980,1.11860e-04,2.93514e-04,6.13730e-04,8.98422e-04,9.52296e-04,7.03489e-04,3.77472e-04,1.34264e-04,5.17121e-05
 0.963,1.00287e-04,2.80733e-04,5.97408e-04,8.77998e-04,9.29954e-04,6.83905e-04,3.62736e-04,1.23268e-04,4.13759e-05
 0.944,8.39185e-05,2.52169e-04,5.57865e-04,8.32585e-04,8.91827e-04,6.62183e-04,3.51249e-04,1.17018e-04,3.72113e-05
 0.931,7.13098e-05,2.32290e-04,5.29951e-04,7.99071e-04,8.60098e-04,6.39930e-04,3.37550e-04,1.08962e-04,3.11551e-05
 0.919,9.44652e-05,2.53043e-04,5.39908e-04,7.96577e-04,8.46087e-04,6.24592e-04,3.32425e-04,1.16408e-04,4.51846e-05
 0.904,8.17860e-05,2.37554e-04,5.24284e-04,7.83180e-04,8.37907e-04,6.20227e-04,3.26743e-04,1.08825e-04,3.69706e-05
 0.891,6.22406e-05,2.07792e-04,4.81895e-04,7.32411e-04,7.90130e-04,5.85752e-04,3.04867e-04,9.54566e-05,2.59037e-05
 0.877,6.12794e-05,2.05722e-04,4.71692e-04,7.11010e-04,7.61609e-04,5.61494e-04,2.91062e-04,8.95817e-05,2.23810e-05
 0.865,5.02072e-05,1.90372e-04,4.57964e-04,7.02268e-04,7.60383e-04,5.64881e-04,2.91636e-04,8.66709e-05,1.88599e-05
 0.852,4.23688e-05,1.71230e-04,4.26901e-04,6.64969e-04,7.26110e-04,5.40933e-04,2.77577e-04,8.13904e-05,1.77136e-05
 0.834,4.83939e-05,1.73267e-04,4.13313e-04,6.32573e-04,6.82862e-04,5.05349e-04,2.59873e-04,7.79714e-05,1.91928e-05
 0.822,4.75053e-05,1.69694e-04,4.02612e-04,6.14411e-04,6.61099e-04,4.87303e-04,2.49500e-04,7.39603e-05,1.73691e-05
 0.810,4.13367e-05,1.55871e-04,3.74885e-04,5.74017e-04,6.18309e-04,4.55596e-04,2.31964e-04,6.67964e-05,1.36128e-05
 0.792,2.94288e-05,1.34105e-04,3.44784e-04,5.41599e-04,5.91601e-04,4.38322e-04,2.20589e-04,6.03613e-05,9.53753e-06
 0.777,2.69388e-05,1.24355e-04,3.22257e-04,5.09683e-04,5.58498e-04,4.12789e-04,2.06775e-04,5.65754e-05,8.77597e-06
 0.765,2.45138e-05,1.18979e-04,3.09793e-04,4.88783e-04,5.33813e-04,3.93722e-04,1.96724e-04,5.28104e-05,6.99173e-06
 0.752,2.76584e-05,1.21091e-04,3.02831e-04,4.67979e-04,5.03688e-04,3.68918e-04,1.84467e-04,4.96384e-05,6.97639e-06
 0.739,2.52357e-05,1.12428e-04,2.86813e-04,4.47602e-04,4.85332e-04,3.57258e-04,1.78131e-04,4.76727e-05,7.25900e-06
 0.729,2.19836e-05,1.02448e-04,2.68800e-04,4.26813e-04,4.67571e-04,3.44747e-04,1.71247e-04,4.63077e-05,7.60658e-06
 0.714,2.19108e-05,1.01185e-04,2.62250e-04,4.17464e-04,4.58726e-04,3.37803e-04,1.69672e-04,4.86019e-05,8.55719e-06
 0.697,1.77990e-05,8.73596e-05,2.32724e-04,3.71298e-04,4.06717e-04,2.99049e-04,1.47132e-04,3.86631e-05,5.65025e-06
 0.677,1.75295e-05,8.33676e-05,2.19615e-04,3.52139e-04,3.87037e-04,2.83496e-04,1.40350e-04,3.89819e-05,6.49607e-06
 0.657,1.39011e-05,7.16907e-05,1.95927e-04,3.15418e-04,3.46370e-04,2.53982e-04,1.23286e-04,3.15054e-05,4.38631e-06
 0.642,1.21922e-05,6.32884e-05,1.73421e-04,2.79624e-04,3.07112e-04,2.24883e-04,1.08876e-04,2.77875e-05,3.84124e-06
 0.628,1.21844e-05,6.13883e-05,1.66326e-04,2.68568e-04,2.95198e-04,2.15409e-04,1.04610e-04,2.75899e-05,4.10555e-06
 0.617,1.05898e-05,5.58544e-05,1.53826e-04,2.48555e-04,2.73007e-04,1.99491e-04,9.61977e-05,2.44850e-05,3.30612e-06
 0.604,8.84091e-06,4.83422e-05,1.35282e-04,2.19419e-04,2.41022e-04,1.75926e-04,8.39785e-05,2.06162e-05,2.50149e-06
 0.591,9.00071e-06,4.72171e-05,1.29879e-04,2.10538e-04,2.31342e-04,1.68374e-04,8.09405e-05,2.08051e-05,2.85262e-06
 0.578,6.93413e-06,3.98277e-05,1.13413e-04,1.84301e-04,2.02281e-04,1.47608e-04,6.98321e-05,1.65643e-05,1.81479e-06
 0.565,7.08660e-06,3.90401e-05,1.09836e-04,1.78518e-04,1.95921e-04,1.42592e-04,6.76766e-05,1.65614e-05,2.05887e-06
 0.552,6.14681e-06,3.49315e-05,9.91138e-05,1.60874e-04,1.76301e-04,1.28517e-04,6.08454e-05,1.46151e-05,1.72597e-06
 0.537,5.02251e-06,3.05107e-05,8.84599e-05,1.43573e-04,1.57074e-04,1.14650e-04,5.37965e-05,1.23044e-05,1.26096e-06
 0.523,5.55525e-06,3.16961e-05,8.97440e-05,1.45418e-04,1.59080e-04,1.15799e-04,5.49301e-05,1.33189e-05,1.61829e-06
 0.506,4.66181e-06,2.65612e-05,7.50121e-05,1.21507e-04,1.32762e-04,9.66555e-05,4.59243e-05,1.12427e-05,1.39987e-06
 0.485,3.18056e-06,1.90597e-05,5.54679e-05,9.02232e-05,9.86293e-05,7.19050e-05,3.37602e-05,8.06074e-06,1.09536e-06
 0.465,2.29625e-06,1.45159e-05,4.32472e-05,7.06031e-05,7.72407e-05,5.64467e-05,2.64041e-05,6.28680e-06,9.43511e-07
 0.445,1.92252e-06,1.28595e-05,3.88407e-05,6.31489e-05,6.88954e-05,5.07052e-05,2.39987e-05,5.93165e-06,1.05740e-06
 0.426,1.86795e-06,1.19629e-05,3.52687e-05,5.63425e-05,6.09835e-05,4.55328e-05,2.25820e-05,6.48431e-06,1.55023e-06
 0.408,1.96835e-06,9.71705e-06,2.60718e-05,4.01299e-05,4.35650e-05,3.45817e-05,1.98070e-05,8.00470e-06,2.60462e-06
 0.387,3.48595e-06,1.27263e-05,2.99441e-05,4.42373e-05,5.20275e-05,4.91057e-05,3.57012e-05,1.97252e-05,7.03112e-06
 0.362,4.28766e-06,1.45369e-05,3.21111e-05,4.67562e-05,5.95539e-05,6.25383e-05,5.01941e-05,3.00283e-05,1.04442e-05
 0.337,2.97380e-06,1.03996e-05,2.28516e-05,3.32266e-05,4.13965e-05,4.25749e-05,3.35862e-05,1.98996e-05,6.95688e-06
 0.312,2.46556e-06,8.95809e-06,2.01080e-05,2.98947e-05,3.77685e-05,3.96368e-05,3.19579e-05,1.97471e-05,7.43890e-06
 0.287,1.79924e-06,7.80828e-06,1.90161e-05,2.97827e-05,3.48829e-05,3.05380e-05,2.06310e-05,1.07970e-05,3.88369e-06
 0.268,8.20228e-06,3.88926e-05,9.69689e-05,1.54199e-04,1.76209e-04,1.39642e-04,8.23761e-05,3.46660e-05,9.89570e-06
